# c0 + a0 * ((|ave:atomic_volume - ave:Polarizability|) / sqrt(ave:atomic_number))
# Property Label: $bandgap$; Unit of the Property: energy
# RMSE: 1.22566063009274; Max AE: 4.20378333474271
# Coefficients
# Task   a0                      c0
# all ,  1.020330482802878e+00, -6.848927418726274e-01, 
# Feature Rung, Units, and Expressions
# 0;  2; length^3;                                         4|0|abd|1|sqrt|div; ((|ave:atomic_volume - ave:Polarizability|) / sqrt(ave:atomic_number)); $\left(\frac{ \left(\left|ave:atomic_{volume} - ave:Polarizability\right|\right) }{ \left(\sqrt{ ave:atomic_{number} }\right) } \right)$; (abs(ave:atomic_volume - ave:Polarizability) ./ sqrt(ave:atomic_number)); ave:atomic_volume,ave:Polarizability,ave:atomic_number
# Number of Samples Per Task
# Task, n_mats_train            
# all , 1143                  

# Sample ID , Property Value        ,  Property Value (EST) ,  Feature 0 Value      
3577        ,  5.216900000000000e+00,  2.800342083267171e+00,  3.415790161993156e+00
3033        ,  0.000000000000000e+00,  1.107691735821273e+00,  1.756866532860625e+00
3404        ,  2.820000000000000e-02,  1.091357292381218e+00,  1.740857559576613e+00
5293        ,  2.833800000000000e+00,  2.769072122730148e+00,  3.385143267615245e+00
3707        ,  1.609999999999999e+00,  2.160629377662017e+00,  2.788823981537737e+00
4870        ,  2.521100000000000e+00,  2.114980986685149e+00,  2.744085152554141e+00
5075        ,  0.000000000000000e+00,  1.989811899154250e+00,  2.621410107908748e+00
5016        ,  3.666500000000000e+00,  1.837897327415942e+00,  2.472522493259626e+00
5647        ,  3.195000000000000e+00,  3.599480229317497e+00,  4.199005168816308e+00
4329        ,  2.076200000000000e+00,  1.236848632697993e+00,  1.883449928195363e+00
3574        ,  2.645500000000000e+00,  1.726839356015861e+00,  2.363677395252751e+00
3908        ,  1.994499999999999e+00,  2.369805494188237e+00,  2.993832182362638e+00
4303        ,  0.000000000000000e+00,  1.774790553662463e+00,  2.410673146585082e+00
4983        ,  0.000000000000000e+00,  2.303204004837162e+00,  2.928557753661734e+00
4042        ,  1.349900000000000e+00,  1.379365944785777e+00,  2.023127527257468e+00
3447        ,  1.737800000000000e+00,  1.880002647613740e+00,  2.513788848531236e+00
3615        ,  3.120000000000012e-02,  1.432611558162003e+00,  2.075312201021167e+00
4735        ,  0.000000000000000e+00,  5.460515448696158e-01,  1.206417241755635e+00
4750        ,  9.359000000000002e-01,  7.118644910464126e-01,  1.368926300312137e+00
4136        ,  0.000000000000000e+00,  9.224941266977983e-01,  1.575359058326755e+00
3925        ,  4.481500000000000e+00,  3.744612463752576e+00,  4.341245586878108e+00
4443        ,  2.707600000000000e+00,  1.455329606737190e+00,  2.097577583618361e+00
4617        ,  2.861800000000000e+00,  1.775775067746737e+00,  2.411638043842263e+00
3836        ,  2.259999999999995e-02,  1.027425970294628e+00,  1.678200094016073e+00
5832        ,  3.573500000000000e+00,  2.343948681786989e+00,  2.968490577032747e+00
4712        ,  1.100500000000000e+00,  9.508668235140176e-01,  1.603166418093445e+00
4913        ,  1.940700000000000e+00,  1.322700129847793e+00,  1.967590800782021e+00
4046        ,  0.000000000000000e+00,  1.825031809013687e+00,  2.459913325329139e+00
4558        ,  0.000000000000000e+00,  7.306800252165753e-01,  1.387366927625824e+00
4191        ,  1.821500000000000e+00, -3.970931734482415e-01,  2.820650497805299e-01
4636        ,  3.054200000000000e+00,  2.262039387215633e+00,  2.888213357100682e+00
5195        ,  2.369000000000003e-01,  1.560460287925549e+00,  2.200613494982650e+00
3086        ,  1.589400000000000e+00,  7.574703758759228e-01,  1.413623470099939e+00
5751        ,  5.041900000000000e+00,  3.983194879302455e+00,  4.575074154750045e+00
5102        ,  3.760100000000000e+00,  2.394430644210366e+00,  3.017966666666667e+00
5500        ,  1.070000000000002e-01,  1.938765683145753e+00,  2.571381007662452e+00
3022        ,  0.000000000000000e+00,  5.430269230733908e-01,  1.203452886728314e+00
3170        ,  1.528999999999998e-01,  1.759849292959621e+00,  2.396029596328897e+00
4533        ,  1.544200000000000e+00,  1.073951454296703e+00,  1.723798539604279e+00
5493        ,  0.000000000000000e+00,  1.302372470121333e+00,  1.947668177603480e+00
5095        ,  9.836999999999998e-01,  1.122421179747726e+00,  1.771302486872301e+00
5258        ,  3.733000000000000e-01,  1.142117847544265e+00,  1.790606690881214e+00
3559        ,  4.266400000000000e+00,  4.038095641874622e+00,  4.628880998216441e+00
3426        ,  3.814500000000001e+00,  1.669362873274583e+00,  2.307346153846154e+00
4705        ,  2.014900000000000e+00,  1.545295326288901e+00,  2.185750701121009e+00
5717        ,  8.259000000000003e-01,  2.233803153796145e+00,  2.860539741644323e+00
5108        ,  2.033300000000000e+00,  1.894110547278212e+00,  2.527615642792755e+00
5105        ,  1.147400000000000e+00,  1.105991939678368e+00,  1.755200605818795e+00
4721        ,  2.367300000000000e+00,  1.772559239300373e+00,  2.408486292031879e+00
4062        ,  5.457999999999998e-01,  2.624651212146788e+00,  3.243600000000000e+00
3907        ,  1.832000000000000e+00,  1.244370716553111e+00,  1.890822131596024e+00
3583        ,  1.527200000000000e+00,  4.961135511668285e-01,  1.157474282053396e+00
5228        ,  8.589000000000000e-01,  1.232222692042014e+00,  1.878916161211089e+00
3315        ,  3.259000000000000e+00,  2.060507359416445e+00,  2.690696933553702e+00
3746        ,  0.000000000000000e+00,  6.698637979012925e-01,  1.327762487358374e+00
3126        ,  0.000000000000000e+00,  9.184524291161281e-01,  1.571397893145678e+00
5676        ,  4.641999999999999e-01,  1.730000641978527e+00,  2.366775691359697e+00
3598        ,  9.411999999999998e-01,  1.243803369471437e+00,  1.890266089126220e+00
5120        ,  8.623000000000001e-01,  1.000474573471412e+00,  1.651785714285714e+00
4244        ,  6.532000000000000e-01,  7.386225613055210e-01,  1.395151205585576e+00
4710        ,  0.000000000000000e+00,  1.743245144332582e+00,  2.379756291838937e+00
3178        ,  0.000000000000000e+00, -5.454164717218917e-01,  1.366971510716707e-01
5371        ,  4.331500000000000e+00,  1.605525890103888e+00,  2.244781147461818e+00
4218        ,  2.750400000000000e+00,  1.342433513259625e+00,  1.986930988833272e+00
5277        ,  4.523999999999999e-01,  1.839768196011725e+00,  2.474356084068991e+00
3755        ,  1.748400000000000e+00,  1.037286232541658e+00,  1.687863886692289e+00
3400        ,  6.249000000000002e-01,  2.700325249618703e+00,  3.317766202762106e+00
5825        ,  2.044100000000000e+00,  1.702534443030903e+00,  2.339856767138033e+00
3969        ,  2.773000000000000e+00,  1.173524422988661e+00,  1.821387478061188e+00
3495        ,  1.237600000000000e+00,  4.777438968593642e-01,  1.139470650272247e+00
3278        ,  1.245800000000000e+00,  9.211994253385204e-01,  1.574090154397000e+00
4278        ,  7.349000000000001e-01,  1.753103708760874e+00,  2.389418420526115e+00
3966        ,  1.750200000000000e+00,  1.106779141736193e+00,  1.755972122568606e+00
4647        ,  3.913400000000000e+00,  3.620437645804780e+00,  4.219545000606605e+00
4958        ,  3.220400000000000e+00,  2.193246875448697e+00,  2.820791562960062e+00
4890        ,  2.595300000000000e+00,  2.769072122730148e+00,  3.385143267615245e+00
3933        ,  3.733600000000000e+00,  1.416188072901460e+00,  2.059215960109666e+00
3444        ,  2.131800000000000e+00,  1.745207008490906e+00,  2.381679065088772e+00
4837        ,  2.507100000000000e+00,  2.152023226741484e+00,  2.780389311530730e+00
4994        ,  3.688700000000000e+00,  2.283162898348211e+00,  2.908915974035689e+00
4339        ,  0.000000000000000e+00,  1.163797455459477e+00,  1.811854324153579e+00
4325        ,  2.300000000000000e-01,  2.303204004837162e+00,  2.928557753661734e+00
5893        ,  4.026400000000000e+00,  1.707759977122045e+00,  2.344978180424429e+00
5161        ,  4.347900000000000e+00,  2.579773086809554e+00,  3.199616088812761e+00
3743        ,  0.000000000000000e+00, -3.599422293567384e-02,  6.359689628740779e-01
4950        ,  1.466200000000001e+00,  2.309847043541092e+00,  2.935068427228676e+00
4189        ,  1.018400000000000e+00,  1.872138366601155e+00,  2.506081266384929e+00
4450        ,  5.732999999999999e-01,  1.214634393548704e+00,  1.861678316424767e+00
4947        ,  8.538999999999999e-01,  1.126679736760959e+00,  1.775476190476191e+00
4749        ,  2.372800000000001e+00,  2.450983876532163e+00,  3.073393053778462e+00
5135        ,  1.470899999999999e+00,  1.769019316385440e+00,  2.405016903461610e+00
3721        ,  1.803700000000000e+00,  1.485336296211358e+00,  2.126986378102027e+00
4840        ,  3.246200000000000e+00,  2.598125197762567e+00,  3.217602526797638e+00
4848        ,  7.781000000000002e-01,  1.290378705458977e+00,  1.935913393379638e+00
5490        ,  2.288300000000000e+00,  1.625702175455516e-01,  8.305769294377769e-01
5388        ,  1.719900000000000e+00,  8.127011093961796e-01,  1.467753709714594e+00
3448        ,  1.538000000000000e+00,  7.587957221806413e-01,  1.414922408362645e+00
4846        ,  0.000000000000000e+00,  2.436240619215224e-01,  9.100157443532282e-01
5732        ,  5.205000000000001e-01,  5.707727061407696e-01,  1.230645824247107e+00
4953        ,  2.663900000000000e+00,  1.739805927587777e+00,  2.376385602829080e+00
3082        ,  3.936999999999999e-01,  1.596290091429552e+00,  2.235729375678067e+00
4685        ,  7.060000000000000e-01,  1.276959551478849e+00,  1.922761621276089e+00
5625        ,  8.441999999999998e-01,  2.851954130873791e+00,  3.466373819422306e+00
5067        ,  2.608600000000000e+00,  2.635351555376954e+00,  3.254087134718128e+00
3965        ,  4.246200000000000e+00,  2.025106595509710e+00,  2.656001543674250e+00
3422        ,  9.169000000000000e-01,  1.578846975082935e+00,  2.218633820227543e+00
3134        ,  0.000000000000000e+00, -6.106527944555619e-01,  7.276068751089963e-02
5724        ,  0.000000000000000e+00,  2.382632621169240e+00,  3.006403723835913e+00
5875        ,  4.952999999999994e-01,  2.628277358327245e+00,  3.247153893803600e+00
4070        ,  7.039999999999997e-01,  1.614568179534470e+00,  2.253643265748966e+00
4121        ,  1.252800000000000e+00, -4.177586075758989e-01,  2.618113824874693e-01
3358        ,  0.000000000000000e+00, -9.460093989924433e-02,  5.785300076028641e-01
3180        ,  1.234700000000000e+00,  1.329249328108436e+00,  1.974009503713106e+00
5476        ,  0.000000000000000e+00,  6.802676105805205e-01,  1.337959000012439e+00
3830        ,  6.069000000000000e-01,  1.194529293966330e+00,  1.841973818792642e+00
3277        ,  1.579500000000000e+00,  1.329249328108436e+00,  1.974009503713106e+00
4178        ,  2.596900000000000e+00,  2.222020437443936e+00,  2.848991800510739e+00
4700        ,  7.430000000000003e-02,  1.642559532268035e+00,  2.281076879862573e+00
5159        ,  2.832700000000000e+00,  1.571673715544205e+00,  2.211603490682722e+00
4672        ,  6.372000000000000e-01,  4.981433925956140e-01,  1.159463678100066e+00
5042        ,  3.263400000000000e+00,  1.735786101829828e+00,  2.372445873667107e+00
5909        ,  1.706400000000000e+00,  1.641942460160395e+00,  2.280472103157339e+00
3034        ,  1.700700000000000e+00,  1.058414768744861e+00,  1.708571428571428e+00
3339        ,  0.000000000000000e+00,  1.329249328108436e+00,  1.974009503713106e+00
4575        ,  2.957400000000000e+00,  3.377052965341740e+00,  3.981009854822804e+00
5517        ,  1.991000000000000e+00,  1.165087823135152e+00,  1.813118980750068e+00
5696        ,  0.000000000000000e+00,  2.689527408128508e+00,  3.307183512474805e+00
4993        ,  7.869999999999999e-01,  2.378748480678075e+00,  3.002596976358865e+00
4049        ,  4.949900000000000e+00,  4.247198076016480e+00,  4.833816984807225e+00
3296        ,  6.007300000000000e+00,  2.987345705032074e+00,  3.599067663662222e+00
5474        ,  0.000000000000000e+00,  3.797317891634983e-01,  1.043411472047342e+00
4069        ,  2.483500000000000e+00,  1.570750727989683e+00,  2.210698894015193e+00
3708        ,  3.914400000000000e+00,  3.064112153475111e+00,  3.674304510680805e+00
3067        ,  0.000000000000000e+00,  1.614526217506804e+00,  2.253602139831067e+00
3245        ,  0.000000000000000e+00,  9.702473582461576e-01,  1.622160788112559e+00
3972        ,  9.501000000000001e-01,  1.087099090290577e+00,  1.736684203823344e+00
5077        ,  1.153900000000000e+00,  1.419669323701364e+00,  2.062627845629680e+00
3503        ,  7.069999999999999e-01,  1.099315738372145e+00,  1.748657430427345e+00
4802        ,  0.000000000000000e+00,  3.562494449987739e-01,  1.020397022748309e+00
4651        ,  3.520400000000000e+00,  4.186234779819750e+00,  4.774068406063147e+00
3793        ,  0.000000000000000e+00,  7.960817662436773e-01,  1.451465513456017e+00
3873        ,  3.645000000000000e+00,  2.806193005620793e+00,  3.421524502436998e+00
4895        ,  2.159000000000000e-01,  7.317185334622771e-01,  1.388384743189708e+00
5431        ,  0.000000000000000e+00,  1.022455000576243e+00,  1.673328172808025e+00
5297        ,  1.494600000000000e+00,  1.438666607545670e+00,  2.081246601184370e+00
3520        ,  8.754999999999997e-01,  1.289160996052063e+00,  1.934719947307569e+00
5591        ,  4.297800000000001e+00,  2.690818924216798e+00,  3.308449294601339e+00
5160        ,  4.105000000000000e+00,  1.897975175678338e+00,  2.531403266964788e+00
5202        ,  3.249999999999975e-02,  1.298957652956748e+00,  1.944321402002692e+00
4237        ,  0.000000000000000e+00,  7.100654656631042e-01,  1.367163121211218e+00
3838        ,  1.593100000000000e+00,  9.304266424986360e-01,  1.583133515656548e+00
4112        ,  5.923999999999998e-01,  8.614187841515045e-01,  1.515500665800328e+00
3399        ,  0.000000000000000e+00, -4.444260273478541e-01,  2.356753214548722e-01
5658        ,  1.245900000000000e+00,  2.545357154999405e+00,  3.165885907866282e+00
5582        ,  0.000000000000000e+00,  1.695999849483528e+00,  2.333452377915607e+00
5068        ,  2.732000000000000e+00,  2.987106789903880e+00,  3.598833509011135e+00
4409        ,  2.585300000000000e+00,  2.325674426023880e+00,  2.950580442942751e+00
4907        ,  3.617400000000000e+00,  2.074290048954288e+00,  2.704204997627199e+00
3741        ,  4.134000000000000e+00,  2.937744103048210e+00,  3.550454392942713e+00
3665        ,  1.944300000000001e+00,  2.800174989514086e+00,  3.415626397648269e+00
5189        ,  6.053000000000002e-01,  6.851537195653301e-01,  1.342747751370124e+00
3079        ,  3.068500000000000e+00,  1.473486787876507e+00,  2.115372975842103e+00
4684        ,  0.000000000000000e+00,  6.282409904681685e-01,  1.286969030596419e+00
4673        ,  1.365500000000000e+00,  1.161653746972658e+00,  1.809753329894416e+00
3508        ,  5.225600000000000e+00,  3.589388368049760e+00,  4.189114391820198e+00
4472        ,  1.962400000000000e+00,  1.544286239963449e+00,  2.184761721234139e+00
3772        ,  6.627000000000001e-01,  1.282234239880398e+00,  1.927931209454087e+00
3941        ,  1.333200000000000e+00,  1.046449741895738e+00,  1.696844809548683e+00
3998        ,  5.336600000000000e+00,  2.480150782821609e+00,  3.101978798084880e+00
4086        ,  1.453300000000000e+00,  7.192050392778010e-01,  1.376120585257171e+00
4023        ,  0.000000000000000e+00,  2.889636382211422e+00,  3.503305237205804e+00
3485        ,  1.129800000000000e+00,  9.274724492778045e-01,  1.580238185887789e+00
3689        ,  1.522999999999999e-01,  9.153592419019602e-01,  1.568366338893108e+00
4165        ,  0.000000000000000e+00,  2.108387280900494e+00,  2.737622828928818e+00
3463        ,  1.951400000000000e+00,  1.986587821462968e+00,  2.618250271222868e+00
5755        ,  1.744400000000000e+00,  2.630234052250525e+00,  3.249071599837339e+00
4114        ,  2.924900000000000e+00,  2.508028519656665e+00,  3.129301060141067e+00
3199        ,  2.250400000000000e+00,  1.058414768744861e+00,  1.708571428571428e+00
4416        ,  8.491000000000000e-01,  1.199981829815858e+00,  1.847317710738857e+00
4562        ,  2.138600000000000e+00,  1.850956547642126e+00,  2.485321503429654e+00
3600        ,  1.261000000000001e-01,  1.757048399167375e+00,  2.393284511437821e+00
3272        ,  0.000000000000000e+00,  6.967608709020431e-01,  1.354123625689617e+00
3567        ,  3.290600000000000e+00,  2.592294637333755e+00,  3.211888142559313e+00
4052        ,  2.301500000000000e+00,  1.028399054265497e+00,  1.679153788909316e+00
3337        ,  0.000000000000000e+00,  3.737001340353582e-01,  1.037500000000000e+00
3662        ,  2.304500000000000e+00,  2.317077605506467e+00,  2.942154917426942e+00
3222        ,  0.000000000000000e+00, -6.106527944555619e-01,  7.276068751089963e-02
4931        ,  7.595999999999998e-01,  1.393667143307943e+00,  2.037143768821554e+00
4792        ,  3.406700000000000e+00,  1.305162466592427e+00,  1.950402582306777e+00
4038        ,  0.000000000000000e+00,  1.727234560036418e+00,  2.364064724679066e+00
3618        ,  3.023200000000000e+00,  1.514671616708527e+00,  2.155737180897395e+00
4741        ,  0.000000000000000e+00,  6.372434855409916e-01,  1.295792147443906e+00
3319        ,  9.309000000000001e-01,  1.106779141736193e+00,  1.755972122568606e+00
4531        ,  8.411000000000000e-01,  2.358616501047737e+00,  2.982866134274215e+00
4586        ,  1.556100000000000e+00,  1.717366834277750e+00,  2.354393617204593e+00
5773        ,  3.998000000000000e+00,  2.294612432991292e+00,  2.920137372235641e+00
3637        ,  3.929200000000000e+00,  1.764601332109767e+00,  2.400686949245662e+00
3000        ,  0.000000000000000e+00,  1.163944266774008e+00,  1.811998210195412e+00
4392        ,  4.559800000000000e+00,  4.225899245368634e+00,  4.812942541666667e+00
3459        ,  2.935700000000000e+00,  1.779581330152580e+00,  2.415368464985212e+00
3487        ,  0.000000000000000e+00,  5.695123346397010e-01,  1.229410566139748e+00
3897        ,  3.892500000000000e+00,  3.253826624412238e+00,  3.860238846795096e+00
3474        ,  3.947700000000000e+00,  1.837897327415942e+00,  2.472522493259626e+00
4762        ,  2.902400000000000e+00,  1.830958803585158e+00,  2.465722222222222e+00
5355        ,  1.801200000000000e+00,  1.555054200571232e+00,  2.195315126027264e+00
3779        ,  3.920900000000000e+00,  1.957668314543189e+00,  2.589906996757191e+00
4547        ,  3.463000000000000e+00,  1.126028592764933e+00,  1.774838020778234e+00
3537        ,  2.426400000000000e+00,  1.226184543218232e+00,  1.872998324857524e+00
3521        ,  0.000000000000000e+00, -5.445990047592413e-02,  6.178712211605063e-01
5437        ,  3.014500000000000e+00,  1.609877533114158e+00,  2.249046082287950e+00
4845        ,  0.000000000000000e+00,  8.531756811622786e-01,  1.507421809853006e+00
3788        ,  7.426000000000001e-01,  1.020909510622521e+00,  1.671813477344378e+00
3211        ,  1.219999999999999e-02,  2.822319665132050e+00,  3.437329831968031e+00
3763        ,  0.000000000000000e+00,  2.552640631345848e+00,  3.173024258105937e+00
5510        ,  3.329200000000000e+00,  1.573229305549835e+00,  2.213128084950803e+00
4560        ,  4.276800000000000e+00,  1.605525890103888e+00,  2.244781147461818e+00
3975        ,  1.985400000000000e+00,  1.460251086061775e+00,  2.102401000548008e+00
4984        ,  0.000000000000000e+00,  6.156210819126189e-01,  1.274600578640654e+00
4289        ,  4.016000000000002e-01,  2.633986470551805e+00,  3.252749249740508e+00
3251        ,  0.000000000000000e+00,  6.927126283126990e-01,  1.350156045912696e+00
3822        ,  1.651400000000000e+00,  1.262215682076855e+00,  1.908311529222098e+00
3675        ,  1.858500000000000e+00,  1.495542075906594e+00,  2.136988803656539e+00
4096        ,  3.949999999999998e-02,  1.165087823135152e+00,  1.813118980750068e+00
5417        ,  2.387700000000000e+00,  2.169625177200375e+00,  2.797640536261895e+00
4039        ,  6.776000000000000e-01,  1.587981883725736e+00,  2.227586712252984e+00
3789        ,  4.554000000000000e+00,  3.320286697321882e+00,  3.925374676832317e+00
3842        ,  2.475500000000000e+00,  1.862134173115505e+00,  2.496276410356157e+00
5072        ,  9.227000000000000e-01,  1.893631195074639e+00,  2.527145841868788e+00
4751        ,  0.000000000000000e+00,  1.531172084578873e+00,  2.171908870510175e+00
5535        ,  1.533700000000000e+00,  1.350595084161924e+00,  1.994929937252297e+00
5543        ,  4.231000000000000e-01,  2.897556476953531e-01,  9.552281402890096e-01
3148        ,  4.490000000000016e-02,  1.681474071103309e+00,  2.319216031334727e+00
4233        ,  3.497600000000000e+00,  1.586630890399021e+00,  2.226262637995197e+00
3950        ,  0.000000000000000e+00,  5.692822963160659e-01,  1.229185111419427e+00
3875        ,  2.401300000000000e+00,  1.856813815465898e+00,  2.491062062907679e+00
3249        ,  0.000000000000000e+00,  1.274674839249698e+00,  1.920522432829151e+00
3912        ,  4.126200000000000e+00,  1.727186770062462e+00,  2.364017886938980e+00
4814        ,  2.224100000000000e+00,  1.605221228642608e+00,  2.244482556498974e+00
5735        ,  0.000000000000000e+00,  1.912337017173676e+00,  2.545478943167155e+00
3628        ,  1.788400000000000e+00,  1.048646628292924e+00,  1.698997922127611e+00
3928        ,  1.122600000000000e+00,  1.909493515313373e+00,  2.542692099190397e+00
4408        ,  7.400000000000002e-01,  1.495128276576427e+00,  2.136583249439409e+00
5400        ,  3.421000000000000e+00,  2.515741437812103e+00,  3.136860295394188e+00
4007        ,  2.537700000000000e+00,  1.541345555414828e+00,  2.181879630972028e+00
4743        ,  0.000000000000000e+00,  1.894431441039467e+00,  2.527930142620668e+00
3683        ,  2.536900000000000e+00,  2.272330808621330e+00,  2.898299717921174e+00
3502        ,  0.000000000000000e+00,  6.373567862414552e-01,  1.295903190583725e+00
3819        ,  0.000000000000000e+00,  1.600617881164879e+00,  2.239970932515062e+00
5413        ,  7.898000000000001e-01,  1.270439793671577e+00,  1.916371772185859e+00
5279        ,  2.576100000000000e+00,  1.344973216480648e+00,  1.989420087477122e+00
4246        ,  3.542900000000000e+00,  1.120544402366519e+00,  1.769463105012365e+00
4229        ,  6.249999999999996e-01,  4.981433925956140e-01,  1.159463678100066e+00
3575        ,  2.196800000000000e+00,  1.831952297885271e+00,  2.466695920760938e+00
3196        ,  0.000000000000000e+00, -4.861540408287074e-02,  6.235992636835508e-01
3284        ,  0.000000000000000e+00,  3.308413241293428e-02,  7.036709050515260e-01
5768        ,  1.701800000000000e+00,  2.087205446400575e+00,  2.716863050742311e+00
5370        ,  3.720300000000000e+00,  2.960908738695699e+00,  3.573157464190623e+00
3481        ,  8.867999999999998e-01,  1.350769687326363e+00,  1.995101061380588e+00
4452        ,  1.246100000000000e+00,  1.443948373975191e+00,  2.086423126357873e+00
4214        ,  7.783000000000002e-01,  1.363971660440039e+00,  2.008039980031151e+00
4940        ,  4.171100000000000e+00,  4.381857894224383e+00,  4.965793653619459e+00
5898        ,  3.282200000000000e+00,  1.885946543292492e+00,  2.519614309770446e+00
5359        ,  1.056300000000000e+00,  6.119444077345908e-01,  1.270997163629541e+00
3390        ,  0.000000000000000e+00,  8.179980994048861e-01,  1.472945155131529e+00
5907        ,  7.605000000000004e-01,  9.118171761036431e-01,  1.564894850137243e+00
4686        ,  5.896000000000001e-01,  1.230464801447715e+00,  1.877193297272467e+00
4305        ,  7.780300000000000e+00,  3.576516665257289e+00,  4.176499162725883e+00
3982        ,  9.999999999976694e-05,  8.271771345115406e-01,  1.481941294383823e+00
5631        ,  1.302400000000000e+00,  2.521052729310433e+00,  3.142065757337988e+00
4050        ,  5.382100000000000e+00,  2.896599477866248e+00,  3.510129590464072e+00
4808        ,  8.830000000000001e-01,  1.160942576034080e+00,  1.809056329314148e+00
5136        ,  1.867100000000000e+00,  1.119999206846298e+00,  1.768928772725513e+00
3472        ,  7.224000000000004e-01,  2.316190486426975e+00,  2.941285474541090e+00
3462        ,  9.331000000000000e-01,  1.214634393548704e+00,  1.861678316424767e+00
5529        ,  0.000000000000000e+00,  1.528676509307423e+00,  2.169463020549293e+00
5715        ,  3.863600000000000e+00,  3.763022396481408e+00,  4.359288694517369e+00
3854        ,  3.373500000000000e+00,  2.569622953066106e+00,  3.189668200442745e+00
4487        ,  2.786700000000000e+00,  1.560319561895293e+00,  2.200475572973430e+00
3434        ,  0.000000000000000e+00,  3.318585418135102e-01,  9.964921178215628e-01
3531        ,  4.588000000000001e-01,  5.429049391001692e-01,  1.203333333333333e+00
3569        ,  2.146999999999997e-01,  2.594900328860057e+00,  3.214441914665723e+00
5601        ,  8.203000000000000e-01,  9.255681567502648e-01,  1.578371837131542e+00
3655        ,  2.189700000000000e+00,  1.651612330878932e+00,  2.289949297930520e+00
3809        ,  4.851000000000000e+00,  2.196994830831953e+00,  2.824464838870588e+00
5892        ,  1.967200000000000e+00,  1.247594023598592e+00,  1.893981212991521e+00
5281        ,  1.805600000000000e+00,  1.023206749302882e+00,  1.674064942648101e+00
5141        ,  1.826300000000000e+00,  1.689154555377139e+00,  2.326743478963980e+00
4791        ,  3.607100000000000e+00,  2.701288117574154e+00,  3.318709885198022e+00
4765        ,  2.740200000000000e+00,  1.810085863502603e+00,  2.445265183611343e+00
3860        ,  1.860999999999999e-01,  1.077984357469520e-01,  7.768964967527318e-01
3765        ,  2.134000000000000e+00,  1.592286725238846e+00,  2.231805778120040e+00
4742        ,  2.144300000000000e+00,  1.214059456706792e+00,  1.861114835423657e+00
4331        ,  3.055899999999999e+00,  1.925341807103520e+00,  2.558224607585727e+00
3539        ,  2.172700000000000e+00,  1.879773023639794e+00,  2.513563799904525e+00
3696        ,  2.420000000000000e-02,  6.082833453391687e-01,  1.267409049330177e+00
4181        ,  1.362600000000000e+00,  1.309297183961045e+00,  1.954454913819269e+00
5206        ,  2.109000000000000e+00,  1.879773023639794e+00,  2.513563799904525e+00
5491        ,  9.824000000000006e-01,  2.167224278450347e+00,  2.795287476355822e+00
4372        ,  0.000000000000000e+00,  1.558522155452307e+00,  2.198713980554817e+00
5497        ,  0.000000000000000e+00,  1.728767089373196e+00,  2.365566717771117e+00
4944        ,  2.979200000000000e+00,  1.609877533114158e+00,  2.249046082287950e+00
5633        ,  4.619200000000000e+00,  2.840460443517749e+00,  3.455109148269418e+00
4156        ,  3.097000000000000e+00,  1.861675553998634e+00,  2.495826929404052e+00
3643        ,  1.559600000000000e+00,  1.323952573349954e+00,  1.968818288858943e+00
4961        ,  2.021900000000000e+00,  1.008188787984893e+00,  1.659346220066439e+00
3952        ,  2.400100000000000e+00,  2.296003999333261e+00,  2.921501211075530e+00
3532        ,  2.109100000000000e+00,  1.613838757344910e+00,  2.252928377581010e+00
3155        ,  0.000000000000000e+00,  8.561000930296158e-01,  1.510287951673354e+00
3515        ,  0.000000000000000e+00,  1.236668101829221e+00,  1.883272994474559e+00
5107        ,  2.169700000000000e+00,  2.379634449026678e+00,  3.003465291442590e+00
3130        ,  0.000000000000000e+00,  5.447601481299533e-01,  1.205151576599660e+00
3202        ,  0.000000000000000e+00,  3.737001340353582e-01,  1.037500000000000e+00
4535        ,  1.017200000000000e+00,  8.291832083470410e-01,  1.483907396415774e+00
3006        ,  1.215300000000000e+00,  1.269449203438589e+00,  1.915400919849597e+00
5286        ,  3.213700000000000e+00,  2.086598559658339e+00,  2.716268256455102e+00
5787        ,  2.082800000000000e+00,  9.963665023846073e-01,  1.647759498117478e+00
5602        ,  1.740300000000000e+00,  1.461941578118947e+00,  2.104057808891642e+00
3424        ,  0.000000000000000e+00,  2.985362729510609e-01,  9.638338081620179e-01
4272        ,  2.407300000000000e+00,  3.181912740789306e+00,  3.789757875350057e+00
5826        ,  4.010000000000025e-02,  1.991736571211642e+00,  2.623296430124766e+00
5367        ,  0.000000000000000e+00,  1.597100892343487e+00,  2.236524021067576e+00
5269        ,  0.000000000000000e+00,  1.428304317053568e+00,  2.071090783371659e+00
3538        ,  1.800000000000246e-03,  2.014100776209190e+00,  2.645215019615607e+00
3579        ,  1.574400000000000e+00,  1.431067700807235e+00,  2.073799105626303e+00
3218        ,  0.000000000000000e+00,  5.042694967812771e-01,  1.165467717270624e+00
3617        ,  2.533399999999999e+00,  1.773067309396571e+00,  2.408984238633260e+00
3475        ,  0.000000000000000e+00,  5.897265242069305e-01,  1.249221980096234e+00
5391        ,  2.591300000000000e+00,  1.120544402366519e+00,  1.769463105012365e+00
3224        ,  0.000000000000000e+00,  1.780142408038606e+00,  2.415918363175536e+00
5396        ,  3.100000000000103e-03,  1.166961865879723e+00,  1.814955682462069e+00
4694        ,  2.325100000000000e+00,  4.058918127236194e+00,  4.649288587436330e+00
3219        ,  0.000000000000000e+00,  1.910899124955784e+00,  2.544069701512489e+00
5472        ,  0.000000000000000e+00,  2.389287165100368e+00,  3.012925673383914e+00
3362        ,  0.000000000000000e+00,  2.842064151596893e+00,  3.456680901839633e+00
3973        ,  2.406300000000000e+00,  2.109952718590899e+00,  2.739157074662714e+00
3659        ,  1.149999999999984e-02,  2.701269805434008e-01,  9.359905819853198e-01
3527        ,  1.341400000000000e+00,  1.244370716553111e+00,  1.890822131596024e+00
3488        ,  3.973200000000000e+00,  2.064380225646135e+00,  2.694492631413332e+00
4400        ,  2.935200000000000e+00,  3.882798250139239e+00,  4.476677967577999e+00
4388        ,  0.000000000000000e+00,  2.135903681734983e+00,  2.764590954745172e+00
4001        ,  2.571800000000000e+00,  2.214624963778798e+00,  2.841743684542644e+00
5635        ,  2.510199999999999e+00,  2.603602272923273e+00,  3.222970469099685e+00
4527        ,  2.819700000000000e+00,  2.791604429070850e+00,  3.407226608964418e+00
5763        ,  3.147600000000001e+00,  2.313763074441592e+00,  2.938906429686216e+00
3800        ,  1.905300000000000e+00,  1.640849337753393e+00,  2.279400761640619e+00
4177        ,  2.914400000000000e+00,  2.387790677714747e+00,  3.011459004093088e+00
4152        ,  0.000000000000000e+00, -5.807029486354437e-01,  1.021137709724905e-01
3751        ,  2.705800000000000e+00,  1.181789050081201e+00,  1.829487429235671e+00
3519        ,  1.893400000000000e+00,  7.836201601081690e-01,  1.439252209682835e+00
2992        ,  0.000000000000000e+00,  2.009771802918079e+00,  2.640972302805639e+00
5521        ,  0.000000000000000e+00,  9.703752887145428e-02,  7.663500051435257e-01
5838        ,  1.495700000000000e+00,  9.559710339062163e-01,  1.608168925102916e+00
3046        ,  0.000000000000000e+00,  5.249276877364994e-01,  1.185714285714286e+00
3215        ,  2.198300000000000e+00,  9.130135009906506e-01,  1.566067337784305e+00
3866        ,  4.189600000000000e+00,  1.943830265698120e+00,  2.576344676432255e+00
4861        ,  0.000000000000000e+00,  8.012860801582301e-01,  1.456566129386118e+00
4013        ,  1.083500000000000e+00,  1.546110968290194e+00,  2.186550091137323e+00
4879        ,  4.412000000000000e+00,  4.381857894224383e+00,  4.965793653619459e+00
5571        ,  2.085500000000000e+00,  1.752756480954240e+00,  2.389078111368949e+00
5730        ,  0.000000000000000e+00,  7.494147817486073e-01,  1.405728386827324e+00
5734        ,  1.483100000000000e+00,  1.361329552264698e+00,  2.005450516891637e+00
3608        ,  1.196200000000000e+00,  8.230116527584159e-01,  1.477858811479184e+00
3712        ,  0.000000000000000e+00,  4.062053562531879e-02,  7.110571424906759e-01
4247        ,  1.700000000000035e-03,  1.054965766836879e+00,  1.705191149371588e+00
4235        ,  2.754999999999999e-01,  1.376109889124509e+00,  2.019936349775125e+00
3681        ,  1.421999999999999e-01,  1.376130352712309e+00,  2.019956405617957e+00
4652        ,  3.696700000000000e+00,  1.503805106504469e+00,  2.145087190147136e+00
5806        ,  3.925800000000000e+00,  1.849651308184270e+00,  2.484042271377044e+00
5247        ,  0.000000000000000e+00,  9.661874939356662e-01,  1.618181818181818e+00
5512        ,  0.000000000000000e+00,  5.731044220764157e-01,  1.232931079833357e+00
3366        ,  0.000000000000000e+00,  5.089375260772251e-01,  1.170042734262300e+00
4075        ,  2.952200000000000e+00,  1.543443253248300e+00,  2.183935531358058e+00
4253        ,  0.000000000000000e+00,  1.602459940132831e+00,  2.241776287739667e+00
4596        ,  1.153000000000000e-01,  1.214805142610260e+00,  1.861845663244678e+00
4040        ,  3.755400000000000e+00,  4.674902715919857e+00,  5.252999442953980e+00
3096        ,  1.272100000000000e+00,  5.200601896240319e-01,  1.180943774400053e+00
4733        ,  4.222000000000001e-01,  1.155454805480744e+00,  1.803677904729340e+00
4616        ,  3.628800000000000e+00,  1.303307086302330e+00,  1.948584171192566e+00
3341        ,  1.408900000000000e+00,  1.742150143230897e+00,  2.378683109061258e+00
4701        ,  2.185200000000000e+00,  3.041424820960889e+00,  3.652069232115080e+00
4948        ,  0.000000000000000e+00,  1.070944248832713e-01,  7.762065135800770e-01
3861        ,  4.192900000000000e+00,  2.573301107172610e+00,  3.193273065894182e+00
4080        ,  2.228600000000000e+00,  1.613924354645229e+00,  2.253012269321737e+00
3985        ,  2.974100000000000e+00,  2.152023226741484e+00,  2.780389311530730e+00
3133        ,  0.000000000000000e+00,  5.906069623513615e-01,  1.250084875167263e+00
5530        ,  0.000000000000000e+00,  1.661513813725335e+00,  2.299653489869590e+00
4690        ,  1.719900000000000e+00,  2.076518469026542e+00,  2.706389015560420e+00
5282        ,  3.805300000000000e+00,  1.404847317104889e+00,  2.048101173295283e+00
3983        ,  0.000000000000000e+00, -5.200009009478179e-01,  1.616063066858953e-01
5532        ,  0.000000000000000e+00,  3.279279102873692e-01,  9.926398056615423e-01
5654        ,  5.839999999999979e-02,  1.895732847705949e+00,  2.529205618251766e+00
4639        ,  4.481400000000000e+00,  3.483512697630649e+00,  4.085348335426128e+00
5584        ,  3.728300000000000e+00,  3.295948636840308e+00,  3.901521561697781e+00
3588        ,  0.000000000000000e+00,  1.500862633630271e+00,  2.142203347192533e+00
2988        ,  1.057200000000000e+00,  1.329249328108436e+00,  1.974009503713106e+00
2993        ,  0.000000000000000e+00,  1.567854874471339e-01,  8.249074623426385e-01
3506        ,  1.599000000000000e+00,  1.240563956061233e+00,  1.887091222291599e+00
4902        ,  1.785500000000000e+00,  1.046182484090941e+00,  1.696582876959879e+00
5846        ,  0.000000000000000e+00,  1.338085392424333e+00,  1.982669506001408e+00
3346        ,  2.480700000000000e+00,  1.379372055516164e+00,  2.023133516229168e+00
4032        ,  5.322200000000000e+00,  2.218603820893353e+00,  2.845643261377421e+00
3028        ,  0.000000000000000e+00,  1.205064252055154e+00,  1.852298863732870e+00
4930        ,  7.380000000000009e-02,  1.122687301758807e+00,  1.771563306298522e+00
4370        ,  8.121000000000000e-01,  1.528182048956835e+00,  2.168978412514032e+00
4048        ,  5.700300000000000e+00,  3.623961067402752e+00,  4.222998216655088e+00
4161        ,  5.473999999999997e-01,  1.451086197149726e+00,  2.093418725621874e+00
5577        ,  2.700600000000000e+00, -9.788809863956852e-02,  5.753083467824461e-01
4330        ,  2.371100000000000e+00,  3.005522904155805e+00,  3.616882675004232e+00
3024        ,  0.000000000000000e+00,  5.430269230733908e-01,  1.203452886728314e+00
3957        ,  2.369100000000000e+00,  1.546110968290194e+00,  2.186550091137323e+00
3064        ,  0.000000000000000e+00,  1.163944266774008e+00,  1.811998210195412e+00
3168        ,  1.440000000000019e-02,  6.257485973681834e-01,  1.284526299400994e+00
3572        ,  1.227300000000000e+00,  1.602699426302984e+00,  2.242011002054479e+00
3081        ,  9.398000000000002e-01,  1.058414768744861e+00,  1.708571428571428e+00
4251        ,  0.000000000000000e+00,  9.224941266977983e-01,  1.575359058326755e+00
3343        ,  0.000000000000000e+00,  5.195311460077097e-02,  7.221639154102903e-01
3191        ,  0.000000000000000e+00, -6.343788558440537e-01,  4.950737714883372e-02
4377        ,  4.062600000000000e+00,  4.381857894224383e+00,  4.965793653619459e+00
4348        ,  2.519400000000000e+00,  2.570262651242571e+00,  3.190295152383559e+00
3109        ,  0.000000000000000e+00,  1.542669289219252e+00,  2.183176988864138e+00
4724        ,  7.427999999999999e-01,  2.378748480678075e+00,  3.002596976358865e+00
3062        ,  1.324800000000000e+00,  9.261681294468573e-01,  1.578959855138163e+00
5336        ,  4.309000000000003e-01,  1.379277586330403e+00,  2.023040929378777e+00
3833        ,  2.096400000000000e+00,  1.055254829474207e+00,  1.705474452323131e+00
5048        ,  3.346100000000000e+00, -1.316598815538697e-01,  5.422094798138448e-01
5052        ,  0.000000000000000e+00,  9.962559728176170e-01,  1.647651170895217e+00
3857        ,  2.970300000000000e+00,  2.114980986685149e+00,  2.744085152554141e+00
4016        ,  1.261500000000000e+00,  1.077294847448244e+00,  1.727075314343339e+00
3748        ,  5.403900000000000e+00,  2.118474778907474e+00,  2.747509329603844e+00
4264        ,  0.000000000000000e+00,  1.001030434078126e+00,  1.652330499153051e+00
5423        ,  0.000000000000000e+00,  1.806000831920450e+00,  2.441261547876644e+00
4210        ,  3.155900000000000e+00,  2.153700944991977e+00,  2.782033600590765e+00
3089        ,  0.000000000000000e+00,  7.507331393483302e-01,  1.407020475637708e+00
5291        ,  4.676600000000000e+00,  3.307305870425745e+00,  3.912652497974661e+00
3310        ,  0.000000000000000e+00,  1.233405039719599e+00,  1.880074950150079e+00
3827        ,  1.014500000000000e+00,  1.216253167525976e+00,  1.863264835699213e+00
4259        ,  0.000000000000000e+00,  4.690397130776077e-01,  1.130939900747009e+00
5399        ,  1.045000000000000e+00,  1.105180140803451e+00,  1.754404982353066e+00
3288        ,  0.000000000000000e+00,  3.939446661271793e-02,  7.098555033813230e-01
3177        ,  1.162500000000000e+00,  1.892167352753176e+00,  2.525711167176485e+00
5495        ,  3.851200000000000e+00,  1.838456026123752e+00,  2.473070059677788e+00
4457        ,  5.621100000000000e+00,  3.623961067402752e+00,  4.222998216655088e+00
3326        ,  1.114300000000000e+00,  1.205064252055154e+00,  1.852298863732870e+00
4850        ,  2.079800000000000e+00,  1.037286232541658e+00,  1.687863886692289e+00
3073        ,  0.000000000000000e+00, -2.118558703870200e-01,  4.636114273349563e-01
3886        ,  1.935600000000000e+00,  7.336513339891195e-01,  1.390279031912253e+00
4630        ,  2.287500000000000e+00,  1.283487755156319e+00,  1.929159747949259e+00
4413        ,  6.556000000000002e-01,  4.532387554679622e-01,  1.115453783380174e+00
4892        ,  0.000000000000000e+00,  1.236668101829221e+00,  1.883272994474559e+00
4401        ,  0.000000000000000e+00,  7.022126819178079e-01,  1.359466807244664e+00
3289        ,  0.000000000000000e+00, -2.266897490289404e-01,  4.490731195102491e-01
3217        ,  3.489100000000000e+00,  3.968154941760013e+00,  4.560333893828773e+00
4695        ,  2.482000000000000e+00,  1.259476336886540e+00,  1.905626766553056e+00
3120        ,  0.000000000000000e+00, -5.356867522175937e-01,  1.462330021202154e-01
3167        ,  0.000000000000000e+00,  2.904635762508271e+00,  3.518005749000420e+00
3871        ,  2.856000000000001e-01,  2.004029950280803e+00,  2.635344858821507e+00
4441        ,  4.190000000000000e+00,  2.488272272888589e+00,  3.109938464294861e+00
3768        ,  4.322000000000000e+00,  2.065110349404077e+00,  2.695208207170645e+00
3266        ,  1.678000000000000e+00,  1.263588066896071e+00,  1.909656568738556e+00
3405        ,  2.360100000000000e+00,  1.681915887162491e+00,  2.319649044036619e+00
3501        ,  1.934100000000000e+00,  2.603602272923273e+00,  3.222970469099685e+00
3720        ,  2.619999999999978e-02,  1.014599612900116e+00,  1.665629306794979e+00
4149        ,  0.000000000000000e+00,  2.015082374909898e+00,  2.646177059579376e+00
3543        ,  2.136700000000000e+00,  1.245446165330809e+00,  1.891876151637397e+00
3150        ,  0.000000000000000e+00, -4.780859065722403e-01,  2.026861284515215e-01
5174        ,  1.404900000000000e+00,  2.430035756167531e+00,  3.052862332881948e+00
5780        ,  9.264000000000001e-01,  7.296840235938710e-01,  1.386390771723897e+00
3698        ,  4.599200000000000e+00,  2.863543531298274e+00,  3.477732296523418e+00
4744        ,  1.614900000000000e+00,  1.278475957408467e+00,  1.924247812226155e+00
5516        ,  0.000000000000000e+00,  1.231866383227353e+00,  1.878566951988522e+00
3492        ,  0.000000000000000e+00, -2.331459040990319e-01,  4.427456058478558e-01
5335        ,  4.263500000000000e+00,  4.381857894224383e+00,  4.965793653619459e+00
5262        ,  2.010999999999994e-01,  3.666094597705498e+00,  4.264292219934304e+00
3626        ,  3.394699999999999e+00,  3.134235337076820e+00,  3.743030462500923e+00
3389        ,  6.611000000000002e-01,  2.061866097477791e+00,  2.692028598229263e+00
5294        ,  0.000000000000000e+00,  1.437522954472395e+00,  2.080125735844609e+00
4836        ,  2.266100000000000e+00,  3.618900814212168e+00,  4.218038790982846e+00
3498        ,  3.940200000000000e+00,  7.932728867892203e-01,  1.448712602020164e+00
3186        ,  0.000000000000000e+00,  2.131687659995592e-01,  8.801672820801991e-01
5236        ,  1.808000000000001e-01,  9.552777099505017e-01,  1.607489415897418e+00
4171        ,  4.364300000000000e+00,  2.595570458689802e+00,  3.215098691897257e+00
3406        ,  0.000000000000000e+00,  8.164506828230359e-01,  1.471428571428571e+00
4952        ,  4.310000000000036e-02,  1.713601828729033e+00,  2.350703630859802e+00
4923        ,  2.503000000000000e+00,  2.767300492499641e+00,  3.383406937808024e+00
3144        ,  2.984600000000000e+00,  1.546110968290194e+00,  2.186550091137323e+00
4447        ,  2.571900000000000e+00,  2.761210312487214e+00,  3.377438107007539e+00
4963        ,  4.657000000000000e+00,  3.544252932692741e+00,  4.144878297615671e+00
3722        ,  0.000000000000000e+00,  1.581382668977617e+00,  2.221118989432442e+00
3719        ,  0.000000000000000e+00,  6.476731628246756e-01,  1.306014009340096e+00
4956        ,  3.796700000000000e+00,  3.730074491443937e+00,  4.326997289337586e+00
5085        ,  0.000000000000000e+00,  1.113973653284599e+00,  1.763023280668521e+00
4730        ,  1.903900000000000e+00,  1.854801483007337e+00,  2.489089826958173e+00
3116        ,  0.000000000000000e+00,  1.465799600241255e+00,  2.107838958418518e+00
3131        ,  6.086400000000000e+00,  2.763407964028858e+00,  3.379591969485124e+00
5503        ,  8.586999999999998e-01,  1.074819577855329e+00,  1.724649365462428e+00
3128        ,  0.000000000000000e+00,  6.103849929466586e-01,  1.269468820789436e+00
3734        ,  1.765000000000000e+00,  1.694882839603194e+00,  2.332357624892777e+00
4176        ,  4.014700000000000e+00,  4.035632290227018e+00,  4.626466729811133e+00
5220        ,  2.462000000000000e-01,  1.430597674771615e+00,  2.073338445042754e+00
5628        ,  0.000000000000000e+00,  1.081361723620639e+00,  1.731061156421901e+00
4098        ,  2.567200000000000e+00,  2.967936206277864e+00,  3.580044906740473e+00
5193        ,  3.476700000000000e+00,  1.927712888087114e+00,  2.560548443855991e+00
3654        ,  0.000000000000000e+00,  1.143311698254726e-01,  7.832990635569450e-01
5450        ,  1.609300000000000e+00,  8.055431542753073e-01,  1.460738379641137e+00
5797        ,  0.000000000000000e+00,  2.549692022295935e+00,  3.170134401241314e+00
3165        ,  1.235000000000000e+00,  9.555434773001522e-01,  1.607749887728976e+00
4031        ,  3.750400000000000e+00,  3.015422861525892e+00,  3.626585371862696e+00
4290        ,  4.068000000000001e-01,  1.094253962700900e+00,  1.743696512610462e+00
4717        ,  0.000000000000000e+00,  3.957771667020557e-01,  1.059137139180681e+00
4492        ,  1.135700000000000e+00,  1.156893085739022e+00,  1.805087526692537e+00
3091        ,  0.000000000000000e+00,  2.597390499785870e+00,  3.216882467964662e+00
3457        ,  2.942700000000000e+00,  1.767186133023065e+00,  2.403220246992680e+00
4753        ,  7.596999999999996e-01,  1.459841932979023e+00,  2.102000000000000e+00
3393        ,  8.523999999999998e-01,  2.837409663179825e+00,  3.452119155919545e+00
3361        ,  0.000000000000000e+00,  1.563056903040188e+00,  2.203158371528439e+00
3229        ,  5.016000000000003e-01,  1.840258234374774e+00,  2.474836358226539e+00
5651        ,  5.059999999999998e-01,  2.351918876528235e+00,  2.976301962535365e+00
3602        ,  1.873300000000000e+00,  1.386224338620667e+00,  2.029849264920396e+00
3187        ,  0.000000000000000e+00,  6.276920902727606e-01,  1.286431067451478e+00
5049        ,  3.301000000000000e+00,  2.245860519408408e+00,  2.872356859544341e+00
3407        ,  2.927999999999997e-01,  1.265979141246476e+00,  1.912000000000000e+00
5766        ,  2.967000000000000e+00,  1.407538840922993e+00,  2.050739067451605e+00
2999        ,  1.144500000000000e+00,  1.437018382134702e+00,  2.079631217307530e+00
3723        ,  6.068800000000000e+00,  2.480150782821609e+00,  3.101978798084880e+00
4238        ,  5.243000000000000e+00,  3.007372707178834e+00,  3.618695619980596e+00
3415        ,  1.425400000000000e+00,  9.460256799555520e-01,  1.598421736208447e+00
3990        ,  0.000000000000000e+00,  9.697039024971127e-01,  1.621628160931264e+00
3627        ,  2.072800000000000e+00,  1.008188787984893e+00,  1.659346220066439e+00
5456        ,  0.000000000000000e+00,  1.006906137278535e+00,  1.658089126675644e+00
3922        ,  1.836800000000000e+00,  2.225823602534827e+00,  2.852719186053945e+00
4304        ,  3.197500000000000e+00,  1.729923985799789e+00,  2.366700562585216e+00
3738        ,  1.802400000000000e+00,  6.671518745316172e-01,  1.325104600119500e+00
4262        ,  2.272100000000000e+00,  2.629116171655568e+00,  3.247975993449215e+00
5623        ,  3.708000000000000e+00,  2.840460443517749e+00,  3.455109148269418e+00
3227        ,  0.000000000000000e+00,  1.633632965141041e+00,  2.272328178066982e+00
3798        ,  1.146800000000000e+00,  9.544241213151078e-01,  1.606652835348487e+00
4960        ,  0.000000000000000e+00,  2.378748480678075e+00,  3.002596976358865e+00
4293        ,  1.136700000000000e+00,  1.553056183223805e+00,  2.193356919954719e+00
5627        ,  1.765000000000000e+00,  1.529681566766112e+00,  2.170448051846142e+00
4279        ,  3.202400000000000e+00,  1.576208589959808e+00,  2.216048005956974e+00
3867        ,  1.943600000000000e+00,  2.222086602522090e+00,  2.849056647223906e+00
5770        ,  1.462100000000000e+00,  7.192050392778010e-01,  1.376120585257171e+00
4222        ,  2.760500000000000e+00,  2.467971150682220e+00,  3.090041849865973e+00
4509        ,  2.598600000000000e+00,  1.435695327848649e+00,  2.078334525394124e+00
4390        ,  2.926900000000000e+00,  2.557697443194336e+00,  3.177980311006168e+00
5266        ,  2.960300000000000e+00,  1.409097227129690e+00,  2.052266402205356e+00
5901        ,  2.864800000000001e+00,  2.840460443517749e+00,  3.455109148269418e+00
2996        ,  0.000000000000000e+00,  4.250323953030750e-01,  1.087809445942167e+00
4358        ,  3.600000000000003e-02,  2.084114726841344e+00,  2.713833914975691e+00
4157        ,  1.256900000000000e+00,  1.537836939159490e+00,  2.178440925263953e+00
5125        ,  9.231000000000000e-01,  1.350594919099242e+00,  1.994929775478553e+00
3581        ,  3.809500000000000e+00,  1.964137071608111e+00,  2.596246861314753e+00
4706        ,  3.862500000000000e+00,  1.708201513914198e+00,  2.345410919423797e+00
3533        ,  0.000000000000000e+00,  9.208951423360792e-01,  1.573791934352054e+00
4798        ,  1.230200000000000e+00,  1.963733483726931e+00,  2.595851315079506e+00
5097        ,  1.196899999999999e+00,  2.185160862187495e+00,  2.812866666666666e+00
5017        ,  3.460900000000000e+00,  1.867104436772241e+00,  2.501147639571109e+00
3421        ,  8.106000000000000e-01,  1.772007583971540e+00,  2.407945628650621e+00
5157        ,  4.291200000000000e+00,  2.671244383446512e+00,  3.289264784190051e+00
3601        ,  2.851500000000000e+00,  2.518951653935822e+00,  3.140006546709644e+00
4977        ,  0.000000000000000e+00,  7.886911358295406e-01,  1.444222144235257e+00
4476        ,  3.099999999999881e-03,  1.841124908550672e+00,  2.475685763581477e+00
3225        ,  2.281000000000004e-01,  1.907420349181823e+00,  2.540660241702561e+00
3835        ,  1.736000000000000e+00,  1.452127726825916e+00,  2.094439502413066e+00
5439        ,  3.011300000000000e+00,  1.513489127308804e+00,  2.154578253060137e+00
4661        ,  5.475600000000000e+00,  2.480150782821609e+00,  3.101978798084880e+00
5134        ,  2.371200000000000e+00,  1.267920645321855e+00,  1.913902818849484e+00
5729        ,  3.487600000000000e+00,  1.946181110503249e+00,  2.578648679737803e+00
4891        ,  2.943400000000000e+00,  2.885072167532400e+00,  3.498831966284324e+00
3365        ,  8.793000000000000e-01,  1.528640658548627e+00,  2.169427884130848e+00
4734        ,  1.172500000000000e+00,  3.618900814212168e+00,  4.218038790982846e+00
5375        ,  2.877700000000000e+00,  1.791454232458380e+00,  2.427004795082088e+00
5429        ,  3.010400000000000e+00,  1.195222297080288e+00,  1.842653013549281e+00
3342        ,  0.000000000000000e+00,  1.436193220682257e+00,  2.078822497518842e+00
3119        ,  7.066900000000000e+00,  3.214476663713788e+00,  3.821672949410207e+00
4451        ,  1.030000000000000e-01,  1.529681566766112e+00,  2.170448051846142e+00
4167        ,  1.737100000000000e+00,  1.076898304405147e+00,  1.726686672575029e+00
5109        ,  0.000000000000000e+00, -6.692415867253569e-01,  1.533929977694708e-02
5642        ,  5.254999999999996e-01,  1.618056692048164e+00,  2.257062268290290e+00
4442        ,  8.890999999999998e-01,  1.154466635432350e+00,  1.802709424354551e+00
4987        ,  2.826900000000000e+00,  2.644453309891373e+00,  3.263007533224126e+00
3658        ,  2.646900000000000e+00,  1.179724302353116e+00,  1.827463822411328e+00
5128        ,  4.194100000000000e+00,  2.379634449026678e+00,  3.003465291442590e+00
3810        ,  2.148500000000000e+00,  1.899545037463918e+00,  2.532941848642039e+00
3801        ,  0.000000000000000e+00, -7.516178899635294e-02,  5.975818258426676e-01
3568        ,  3.916600000000000e+00,  2.439371979885998e+00,  3.062012528701659e+00
3623        ,  2.059900000000000e+00,  1.706939761580337e+00,  2.344174307997277e+00
2981        ,  2.159200000000000e+00,  1.641861131164478e+00,  2.280392394673384e+00
3586        ,  2.156900000000000e+00,  1.456801190966508e+00,  2.099019845957987e+00
3761        ,  3.577100000000000e+00,  1.303307086302330e+00,  1.948584171192566e+00
5376        ,  2.012700000000000e+00,  1.315384438387428e+00,  1.960420877327153e+00
3084        ,  8.620000000000028e-02,  7.147835088034152e-01,  1.371787155501902e+00
4082        ,  2.931300000000000e+00,  2.644334003453388e+00,  3.262890604013447e+00
5459        ,  6.888000000000001e-01,  1.144944987973170e+00,  1.793377499434477e+00
4641        ,  4.323000000000001e-01,  1.114103153635130e+00,  1.763150200674063e+00
3275        ,  0.000000000000000e+00,  1.205064252055154e+00,  1.852298863732870e+00
3725        ,  0.000000000000000e+00,  1.876458046700951e+00,  2.510314875174044e+00
3197        ,  1.631300000000000e+00,  1.436193220682257e+00,  2.078822497518842e+00
3846        ,  4.541999999999993e-01,  3.023084521577450e+00,  3.634094370349648e+00
4243        ,  2.519600000000000e+00,  2.350013179119169e+00,  2.974434236890404e+00
3140        ,  0.000000000000000e+00,  1.302372470121333e+00,  1.947668177603480e+00
5779        ,  0.000000000000000e+00,  3.372120401743977e+00,  3.976175574478447e+00
3287        ,  5.146999999999995e-01,  2.317859272107119e+00,  2.942921009015724e+00
4663        ,  1.831000000000000e+00,  1.082537333941178e+00,  1.732213342248311e+00
4399        ,  4.730000000000034e-02,  1.753197615455790e+00,  2.389510456093511e+00
3666        ,  4.611900000000000e+00,  3.842061772389818e+00,  4.436753180035127e+00
3410        ,  2.838900000000000e+00,  1.797116813199968e+00,  2.432554546693971e+00
3101        ,  0.000000000000000e+00,  7.960817662436773e-01,  1.451465513456017e+00
3204        ,  3.863100000000000e+00,  1.113402647204711e+00,  1.762463652107469e+00
3489        ,  2.194900000000000e+00,  2.042104154241975e+00,  2.672660419419659e+00
4697        ,  9.560000000000013e-02,  1.213600692701053e+00,  1.860665212469652e+00
3529        ,  3.656900000000000e+00,  1.706648199317825e+00,  2.343888555226556e+00
5819        ,  0.000000000000000e+00,  4.615672524900522e-01,  1.123616331850951e+00
4996        ,  0.000000000000000e+00,  5.540505964246596e-01,  1.214256909088782e+00
3796        ,  3.416900000000000e+00,  3.313386523374209e+00,  3.918611991541647e+00
4679        ,  0.000000000000000e+00,  1.299861288936529e+00,  1.945207032683154e+00
4497        ,  1.327300000000000e+00,  1.162558798623972e+00,  1.810640348038603e+00
3591        ,  1.393800000000000e+00,  1.726642408872012e+00,  2.363484372357553e+00
3790        ,  0.000000000000000e+00, -3.191388272118578e-01,  3.584661252656421e-01
5645        ,  2.352200000000000e+00,  1.722495669026878e+00,  2.359420257921079e+00
3550        ,  2.619400000000000e+00,  1.179724302353116e+00,  1.827463822411328e+00
3677        ,  0.000000000000000e+00,  9.923675282415780e-01,  1.643840205093865e+00
3029        ,  0.000000000000000e+00,  6.927126283126990e-01,  1.350156045912696e+00
3824        ,  2.338300000000000e+00,  3.050303073918891e+00,  3.660770582420340e+00
3305        ,  0.000000000000000e+00,  9.697039024971127e-01,  1.621628160931264e+00
5556        ,  1.465900000000000e+00,  1.353657206125151e+00,  1.997931045241167e+00
5555        ,  0.000000000000000e+00,  1.341912943689816e-01,  8.027634673733954e-01
3271        ,  0.000000000000000e+00,  5.447601481299533e-01,  1.205151576599660e+00
4810        ,  2.130700000000000e+00,  1.681879053316535e+00,  2.319612944119410e+00
4118        ,  3.832100000000000e+00,  2.428732299198897e+00,  3.051584847801768e+00
5238        ,  2.869999999999995e-02,  6.079763794667348e-01,  1.267108199872469e+00
4790        ,  1.588000000000000e+00,  1.105991939678368e+00,  1.755200605818795e+00
3785        ,  1.859500000000000e+00,  1.768062935351941e+00,  2.404079578693196e+00
3110        ,  0.000000000000000e+00,  8.047824066172516e-01,  1.459992790176862e+00
5313        ,  3.138300000000000e+00,  2.281677130145606e+00,  2.907459810343976e+00
4323        ,  0.000000000000000e+00,  9.541610908782879e-01,  1.606395045895704e+00
4127        ,  2.794999999999999e-01,  8.600821848524717e-01,  1.514190698763608e+00
4516        ,  0.000000000000000e+00,  7.647075668424782e-01,  1.420716457213951e+00
3384        ,  0.000000000000000e+00,  1.718658917473094e+00,  2.355659955138353e+00
4281        ,  2.025100000000000e+00,  3.251530973064798e+00,  3.857988937196067e+00
3260        ,  0.000000000000000e+00,  1.519518721549150e+00,  2.160487705283678e+00
3207        ,  0.000000000000000e+00, -6.106527944555619e-01,  7.276068751089963e-02
4979        ,  1.930300000000000e+00,  1.887090221481786e+00,  2.520735199725779e+00
4894        ,  4.453700000000000e+00,  4.381857894224383e+00,  4.965793653619459e+00
5265        ,  0.000000000000000e+00,  1.133080150807715e+00,  1.781749073776878e+00
3292        ,  0.000000000000000e+00, -6.789084044651342e-02,  6.047078979069521e-01
3052        ,  4.224600000000000e+00,  2.998709152090496e+00,  3.610204689606215e+00
4213        ,  0.000000000000000e+00,  1.445915404069411e-01,  8.129564844529104e-01
3172        ,  0.000000000000000e+00,  1.014599612900116e+00,  1.665629306794979e+00
3043        ,  8.247000000000004e-01,  1.629948869763765e+00,  2.268717489726910e+00
3947        ,  5.163000000000002e-01,  1.882888533733873e+00,  2.516617232244919e+00
4634        ,  1.984300000000000e+00,  1.544286239963449e+00,  2.184761721234139e+00
5350        ,  5.800999999999998e-01,  1.360282343460351e+00,  2.004424174131132e+00
5760        ,  2.773000000000000e+00,  1.619524420750987e+00,  2.258500751926289e+00
3752        ,  3.178199999999999e+00,  1.444660663382042e+00,  2.087121223120497e+00
3023        ,  2.116900000000000e+00,  9.162423724800688e-01,  1.569231872750024e+00
4664        ,  1.383200000000000e+00,  9.461784156365448e-01,  1.598571428571429e+00
5619        ,  0.000000000000000e+00,  6.119444077345908e-01,  1.270997163629541e+00
3100        ,  1.347000000000000e+00,  1.941726314964464e+00,  2.574282647737516e+00
5526        ,  0.000000000000000e+00, -6.102937115991104e-01,  7.311261550139246e-02
3594        ,  6.517999999999999e-01,  1.196518639252423e+00,  1.843923525598057e+00
3802        ,  3.640600000000001e+00,  1.855361366171682e+00,  2.489638554232111e+00
4541        ,  9.722000000000000e-01,  1.330305695528927e+00,  1.975044822600756e+00
5479        ,  1.344900000000000e+00,  9.056757525555088e-01,  1.558875796848485e+00
3619        ,  0.000000000000000e+00,  1.794580092433720e+00,  2.430068371078321e+00
4285        ,  0.000000000000000e+00,  5.092508301231498e-01,  1.170349795602920e+00
5507        ,  2.815200000000000e+00,  1.797115050625674e+00,  2.432552819239657e+00
3730        ,  5.054000000000003e-01,  1.737037363158291e+00,  2.373672203125603e+00
3432        ,  0.000000000000000e+00,  8.512480059719797e-01,  1.505532544342675e+00
3113        ,  1.532700000000000e+00,  1.488349348286424e+00,  2.129939393939394e+00
3380        ,  3.602999999999998e-01,  6.915692690698324e-01,  1.349035468548659e+00
3718        ,  0.000000000000000e+00,  1.549217776286821e+00,  2.189594994772949e+00
3638        ,  3.944000000000000e+00,  3.622162621914962e+00,  4.221235605895044e+00
4921        ,  3.986700000000000e+00,  2.517389338019321e+00,  3.138475360547089e+00
3279        ,  0.000000000000000e+00,  2.501303736974585e+00,  3.122710271376619e+00
3015        ,  0.000000000000000e+00,  1.137940198103822e+00,  1.786512282735172e+00
5896        ,  0.000000000000000e+00,  1.918884001039200e+00,  2.551895475825808e+00
4801        ,  3.595800000000000e+00,  3.211470368434054e+00,  3.818726555736389e+00
3558        ,  0.000000000000000e+00,  5.586737802855548e-01,  1.218787974208188e+00
4739        ,  2.321700000000000e+00,  2.379650620772459e+00,  3.003481140960030e+00
4610        ,  1.037200000000000e+00,  1.140369939751039e+00,  1.788893610832459e+00
3997        ,  2.932200000000000e+00,  2.152023226741484e+00,  2.780389311530730e+00
3090        ,  0.000000000000000e+00, -3.705843584862509e-01,  3.080456662658574e-01
5333        ,  4.202400000000000e+00,  2.601819278086607e+00,  3.221223001130515e+00
3445        ,  0.000000000000000e+00,  2.587687938262269e-01,  9.248587115682245e-01
5229        ,  4.162100000000001e+00,  2.805734460674165e+00,  3.421075094177267e+00
4590        ,  0.000000000000000e+00, -5.348461649866382e-01,  1.470568403227618e-01
5025        ,  2.353300000000000e+00,  1.692120118664282e+00,  2.329649952246045e+00
5683        ,  0.000000000000000e+00,  5.460515448696158e-01,  1.206417241755635e+00
3453        ,  2.586800000000000e+00,  1.550077049563037e+00,  2.190437146694017e+00
5123        ,  5.819999999999992e-02,  1.436643172988135e+00,  2.079263484349542e+00
4215        ,  2.252700000000000e+00,  1.049168348587481e+00,  1.699509246941826e+00
3596        ,  0.000000000000000e+00,  1.601142034050050e+00,  2.240484641449575e+00
5621        ,  2.851700000000000e+00,  1.582437318467366e+00,  2.222152624619790e+00
3040        ,  0.000000000000000e+00, -1.826634042263219e-01,  4.922222222222222e-01
4287        ,  1.774800000000000e+00,  1.722495669026878e+00,  2.359420257921079e+00
5502        ,  4.470800000000000e+00,  2.784671510598720e+00,  3.400431831596711e+00
4144        ,  7.689000000000000e-01,  7.675290783882677e-01,  1.423481749041790e+00
4851        ,  0.000000000000000e+00,  1.731115008257170e+00,  2.367867853455630e+00
5533        ,  0.000000000000000e+00,  9.326020581179784e-01,  1.585265585271254e+00
3896        ,  5.040999999999999e+00,  3.674726555434812e+00,  4.272752182539363e+00
5918        ,  0.000000000000000e+00,  2.149694056299417e+00,  2.778106550718107e+00
4203        ,  1.323500000000000e+00,  1.101454997453133e+00,  1.750754063936824e+00
4291        ,  4.773200000000000e+00,  4.555533352948547e+00,  5.136008561094410e+00
3303        ,  0.000000000000000e+00, -1.560133237917918e-01,  5.183412894104547e-01
4702        ,  4.318700000000000e+00,  2.002085258049326e+00,  2.633438915341180e+00
3733        ,  0.000000000000000e+00,  7.794311638071793e-01,  1.435146680766868e+00
4584        ,  0.000000000000000e+00,  1.737845840483121e+00,  2.374464571224427e+00
3633        ,  4.639500000000000e+00,  1.847773635779214e+00,  2.482202012326959e+00
4175        ,  6.012000000000000e-01,  2.463855637922883e-01,  9.127222222222221e-01
4340        ,  0.000000000000000e+00,  3.811593372583022e-01,  1.044810575689607e+00
5841        ,  3.369700000000000e+00,  2.085832185925417e+00,  2.715517153017697e+00
4275        ,  3.135000000000000e+00,  1.193753139834054e+00,  1.841213129834155e+00
3674        ,  4.303999999999999e-01,  5.607465028452875e-01,  1.220819396962548e+00
3607        ,  1.498500000000000e+00,  1.858133868409837e+00,  2.492355813281883e+00
3663        ,  0.000000000000000e+00,  1.787260455849834e+00,  2.422894581108058e+00
3112        ,  0.000000000000000e+00, -8.689208298783219e-02,  5.860852625338309e-01
5665        ,  1.656300000000000e+00,  9.118171761036431e-01,  1.564894850137243e+00
5145        ,  8.130000000000002e-01,  1.336248541592068e+00,  1.980869255138355e+00
3797        ,  5.508700000000000e+00,  3.898560382179617e+00,  4.492126032990177e+00
4482        ,  1.776600000000000e+00,  2.857128742691191e+00,  3.471445325081125e+00
3313        ,  3.882800000000000e+00,  2.361255342474232e+00,  2.985452395756129e+00
5121        ,  2.568900000000000e+00,  2.226356409846019e+00,  2.853241376971664e+00
3182        ,  0.000000000000000e+00,  1.555299230296805e+00,  2.195555273439993e+00
3672        ,  0.000000000000000e+00,  1.635957244186161e+00,  2.274606144945650e+00
4012        ,  0.000000000000000e+00,  4.777438968593642e-01,  1.139470650272247e+00
4704        ,  7.975000000000003e-01,  1.239186001742730e+00,  1.885740724250300e+00
4019        ,  1.387000000000000e-01,  4.089477094937514e+00,  4.679238655788080e+00
5747        ,  9.680999999999997e-01,  1.648194619232520e+00,  2.286599685521585e+00
3139        ,  1.653300000000000e+00,  8.079733985660417e-01,  1.463120200366573e+00
4534        ,  1.043000000000000e+00,  2.283373608362059e+00,  2.909122485570333e+00
5091        ,  3.107900000000000e+00,  2.077665183344822e+00,  2.707512881148685e+00
5746        ,  1.736800000000000e+00,  1.846843645758395e+00,  2.481290552720004e+00
4326        ,  3.563700000000000e+00,  1.686049638842646e+00,  2.323700429102368e+00
3794        ,  0.000000000000000e+00,  1.911332856463449e+00,  2.544494790750706e+00
5163        ,  8.546999999999993e-01,  1.686115537816383e+00,  2.323765015013351e+00
5757        ,  5.346700000000000e+00,  2.930088699870507e+00,  3.542951526658964e+00
5312        ,  4.080400000000000e+00,  1.653105106582901e+00,  2.291412329496399e+00
5178        ,  1.411000000000000e+00,  5.139419630584531e-01,  1.174947455884927e+00
3001        ,  0.000000000000000e+00,  1.236668101829221e+00,  1.883272994474559e+00
3639        ,  3.916900000000000e+00,  1.934160753803550e+00,  2.566867833333333e+00
3461        ,  1.653900000000000e+00,  2.621012033837091e+00,  3.240033333737418e+00
3054        ,  2.297200000000000e+00,  1.689426838587731e+00,  2.327010336825410e+00
4514        ,  3.202900000000000e+00,  1.446267223382744e+00,  2.088695771786619e+00
3268        ,  0.000000000000000e+00,  1.151474462351726e+00,  1.799776871489518e+00
3670        ,  5.524000000000000e+00,  2.679647025169862e+00,  3.297499999999999e+00
3961        ,  1.207400000000000e+00,  1.655002453643798e+00,  2.293271871177134e+00
4500        ,  0.000000000000000e+00,  7.030568330743692e-01,  1.360294138360209e+00
3436        ,  6.292000000000000e-01,  8.763583917088480e-01,  1.530142595850584e+00
3685        ,  3.286000000000000e+00,  1.844392280737865e+00,  2.478888032103551e+00
4208        ,  9.359000000000002e-01,  1.556658215755218e+00,  2.196887180583137e+00
5271        ,  0.000000000000000e+00,  4.272089875301747e-01,  1.089942668720262e+00
5364        ,  0.000000000000000e+00,  3.181229434418972e-01,  9.830302066044433e-01
3883        ,  6.357800000000000e+00,  4.614737039203841e+00,  5.194032590811389e+00
5671        ,  3.270300000000000e+00,  2.159758587724649e+00,  2.787970542429483e+00
4172        ,  2.572000000000000e+00,  1.452127726825916e+00,  2.094439502413066e+00
4207        ,  1.619500000000000e+00,  1.420729763674596e+00,  2.063667155922869e+00
4680        ,  2.538000000000000e+00,  9.038040885102132e-01,  1.557041426439249e+00
5485        ,  6.596000000000002e-01,  1.146672189049868e+00,  1.795070285356106e+00
4546        ,  3.642200000000000e+00,  2.929507571851056e+00,  3.542381977841942e+00
5822        ,  0.000000000000000e+00,  9.537683494066816e-02,  7.647224011869879e-01
3252        ,  4.925999999999999e-01,  9.022562008423249e-01,  1.555524381036826e+00
4655        ,  5.565700000000001e+00,  2.461971314541441e+00,  3.084161562800261e+00
4849        ,  3.854400000000000e+00,  2.661422090367803e+00,  3.279638204131669e+00
5883        ,  5.354999999999999e-01,  1.215095660912585e+00,  1.862130392856526e+00
3419        ,  4.336800000000000e+00,  1.277851958456308e+00,  1.923636246696480e+00
5131        ,  2.770000000000028e-02,  1.936334842000373e+00,  2.568998601974931e+00
3544        ,  0.000000000000000e+00,  1.298296650856054e+00,  1.943673570626648e+00
5684        ,  4.439300000000000e+00,  3.396126190527518e+00,  3.999703038558120e+00
3011        ,  0.000000000000000e+00, -3.954420669816974e-01,  2.836832573067899e-01
3524        ,  1.959900000000000e+00,  1.254259625054570e+00,  1.900513999738877e+00
4360        ,  1.576000000000000e-01,  6.396007691801905e-01,  1.298102461287244e+00
5480        ,  2.703000000000000e+00,  2.549313301865685e+00,  3.169763226963339e+00
5208        ,  0.000000000000000e+00,  1.882888533733873e+00,  2.516617232244919e+00
5334        ,  2.209999999999979e-02,  1.369153531827995e-01,  8.054332482529539e-01
4677        ,  0.000000000000000e+00,  1.496450743645201e+00,  2.137879365836070e+00
3360        ,  4.618000000000002e-01,  2.235433414672258e+00,  2.862137518936672e+00
3285        ,  0.000000000000000e+00,  6.198618387895658e-01,  1.278756836782915e+00
5246        ,  1.909999999999989e-02,  2.345419174978563e+00,  2.969931770073980e+00
4506        ,  1.594500000000000e+00,  7.097781385220544e-01,  1.366881519175512e+00
3829        ,  0.000000000000000e+00,  1.550076890943649e+00,  2.190436991235181e+00
4345        ,  1.651000000000000e+00,  1.544789271907158e+00,  2.185254730070185e+00
3021        ,  0.000000000000000e+00,  4.677020982290050e-01,  1.129628938395940e+00
3580        ,  1.859800000000000e+00,  1.689154555377139e+00,  2.326743478963980e+00
4284        ,  2.943400000000000e+00,  1.135605040392736e+00,  1.784223653952200e+00
5284        ,  5.591300000000000e+00,  2.187570939873189e+00,  2.815228722614533e+00
5632        ,  2.338000000000005e-01,  3.193248896421294e+00,  3.800868153659931e+00
4033        ,  5.497999999999998e-01,  1.078830150608691e+00,  1.728580025989540e+00
5362        ,  1.485500000000000e+00,  2.248143188945752e+00,  2.874594046000902e+00
3554        ,  3.720300000000000e+00,  1.357026413508969e+00,  2.001233119853857e+00
3693        ,  2.168900000000000e+00,  1.696128839649876e+00,  2.333578797902584e+00
3758        ,  0.000000000000000e+00,  2.552640631345848e+00,  3.173024258105937e+00
3349        ,  2.150700000000000e+00,  3.119894677573575e+00,  3.728975546231196e+00
4688        ,  2.151000000000000e+00,  1.779914467697729e+00,  2.415694964634848e+00
5215        ,  1.232400000000000e+00,  1.411255049515493e+00,  2.054381229138563e+00
4896        ,  0.000000000000000e+00,  2.603708179847297e-01,  9.264288147705733e-01
5805        ,  3.861999999999999e-01,  1.183373923849552e+00,  1.831040723776080e+00
3143        ,  0.000000000000000e+00,  1.436193220682257e+00,  2.078822497518842e+00
4893        ,  2.208000000000006e-01,  9.872852681435216e-01,  1.638859211010364e+00
4220        ,  1.188700000000000e+00,  1.494910981153614e+00,  2.136370283712642e+00
4868        ,  0.000000000000000e+00,  2.884607613813551e-01,  9.539590550898289e-01
5435        ,  2.611900000000000e+00,  2.198091882823430e+00,  2.825540031673280e+00
5916        ,  9.017999999999997e-01,  9.118171761036431e-01,  1.564894850137243e+00
4404        ,  2.805900000000000e+00,  1.685392381858586e+00,  2.323056268220048e+00
3967        ,  2.306200000000000e+00,  2.171607549845438e+00,  2.799583409358872e+00
4232        ,  0.000000000000000e+00,  1.335284575106179e+00,  1.979924496060648e+00
5330        ,  5.059900000000001e+00,  1.964550811362149e+00,  2.596652357142831e+00
3781        ,  1.123700000000000e+00,  1.333791067059247e+00,  1.978460746744026e+00
3926        ,  7.533000000000000e-01,  1.276959551478849e+00,  1.922761621276089e+00
4426        ,  3.982600000000000e+00,  2.470988781870471e+00,  3.092999353575910e+00
3817        ,  2.727700000000000e+00,  2.720279847604671e+00,  3.337323197600828e+00
4074        ,  2.853600000000000e+00,  3.623961067402752e+00,  4.222998216655088e+00
5511        ,  1.303200000000000e+00,  2.842064151596893e+00,  3.456680901839633e+00
3184        ,  0.000000000000000e+00,  1.285461085464288e+00,  1.931093758881236e+00
4294        ,  1.687000000000000e+00,  4.182339041268692e-01,  1.081146417354086e+00
4495        ,  0.000000000000000e+00,  1.816604346198675e+00,  2.451653782997461e+00
3188        ,  8.198000000000000e-01,  9.714189271379713e-01,  1.623309013037287e+00
4125        ,  1.822700000000000e+00,  8.765594352549694e-01,  1.530339633525641e+00
3597        ,  2.477700000000000e+00,  1.028399054265497e+00,  1.679153788909316e+00
4123        ,  0.000000000000000e+00,  1.564856730986770e+00,  2.204922337201246e+00
4731        ,  1.348900000000000e+00,  3.029147216492260e+00,  3.640036263703804e+00
4475        ,  4.044100000000000e+00,  1.800037121453549e+00,  2.435416666666667e+00
4579        ,  0.000000000000000e+00,  2.006841479146621e+00,  2.638100366878166e+00
3063        ,  4.020500000000000e+00,  1.429019336813961e+00,  2.071791556084465e+00
5403        ,  1.062500000000000e+00,  1.495442760912734e+00,  2.136891467552665e+00
4856        ,  4.825800000000000e+00,  2.800709962452669e+00,  3.416150711042409e+00
4602        ,  3.186700000000000e+00,  1.962500655661220e+00,  2.594643051593812e+00
4374        ,  4.502000000000002e-01,  1.212491747606484e+00,  1.859578363538586e+00
2990        ,  0.000000000000000e+00,  1.566798042792012e+00,  2.206824967611649e+00
4881        ,  3.677999999999999e-01,  1.781617056656873e+00,  2.417363628844965e+00
3430        ,  0.000000000000000e+00,  8.430586298524591e-01,  1.497506344736226e+00
5168        ,  0.000000000000000e+00,  1.641703372755117e+00,  2.280237779661856e+00
5588        ,  0.000000000000000e+00,  2.149694056299417e+00,  2.778106550718107e+00
3717        ,  1.106800000000000e+00,  1.306437622820078e+00,  1.951652330549276e+00
4880        ,  0.000000000000000e+00, -2.767228749077280e-02,  6.441250805096507e-01
5514        ,  0.000000000000000e+00,  9.408472218340679e-02,  7.634560342803441e-01
3496        ,  4.153700000000000e+00,  2.368129294071168e+00,  2.992189381186626e+00
5148        ,  0.000000000000000e+00,  5.009684751096818e-01,  1.162232469743248e+00
3509        ,  0.000000000000000e+00,  3.007175979429831e-02,  7.007185551321539e-01
3237        ,  9.591000000000000e-01,  1.163944266774008e+00,  1.811998210195412e+00
3959        ,  2.491400000000000e+00,  1.215126840419837e+00,  1.862160951099936e+00
3070        ,  9.367000000000001e-01,  1.163944266774008e+00,  1.811998210195412e+00
5144        ,  1.861700000000000e+00,  7.944325740086152e-01,  1.449849182019430e+00
4270        ,  7.806999999999999e-01,  1.322920759067249e+00,  1.967807033878232e+00
4498        ,  0.000000000000000e+00,  1.608459960265988e+00,  2.247656755131639e+00
3754        ,  7.879000000000000e-01,  1.529486478030182e+00,  2.170256850329360e+00
4804        ,  4.575000000000000e-01,  2.114443713607134e+00,  2.743558584851745e+00
4119        ,  3.041100000000000e+00,  2.745060369569944e+00,  3.361609958001440e+00
3644        ,  5.740000000000003e-01,  1.809620156843577e+00,  2.444808756339126e+00
3816        ,  3.645000000000000e+00,  2.569622953066106e+00,  3.189668200442745e+00
3518        ,  1.070500000000000e+00,  1.360386593122528e+00,  2.004526346578132e+00
3017        ,  0.000000000000000e+00,  1.064745407856110e+00,  1.714775927229411e+00
3039        ,  1.061300000000000e+00,  5.704059976904761e-01,  1.230286422605704e+00
4671        ,  1.044100000000000e+00,  1.804082819166881e+00,  2.439381752275222e+00
4489        ,  1.591999999999998e-01,  4.690397130776077e-01,  1.130939900747009e+00
5520        ,  0.000000000000000e+00,  6.057409163400668e-01,  1.264917279220440e+00
3657        ,  7.258000000000000e-01,  9.326207811590337e-01,  1.585283935248414e+00
4703        ,  0.000000000000000e+00,  2.167224278450347e+00,  2.795287476355822e+00
3864        ,  2.564400000000000e+00,  4.083696880172755e+00,  4.673573614056815e+00
4337        ,  0.000000000000000e+00,  6.057409163400668e-01,  1.264917279220440e+00
5030        ,  2.814400000000000e+00,  4.649491836447766e+00,  5.228094885165716e+00
3401        ,  2.284600000000000e+00,  3.683196870080184e+00,  4.281053722861969e+00
4395        ,  9.707000000000000e-01,  1.166332668470266e+00,  1.814339022056386e+00
3783        ,  2.028500000000000e+00,  1.037286232541658e+00,  1.687863886692289e+00
3244        ,  0.000000000000000e+00,  2.833361701165436e-01,  9.489365733045801e-01
4783        ,  0.000000000000000e+00,  9.548491445760426e-01,  1.607069389855187e+00
4549        ,  4.942399999999999e+00,  4.465299941904649e+00,  5.047573085956959e+00
4061        ,  1.667600000000000e+00,  1.588808766853747e+00,  2.228397119412182e+00
4195        ,  5.205000000000000e+00,  3.597243391535623e+00,  4.196812900899614e+00
3948        ,  2.504600000000000e+00,  1.151258580269659e+00,  1.799565290942131e+00
5733        ,  3.228000000000000e-01,  1.149013194305937e+00,  1.797364645169446e+00
3014        ,  1.998000000000002e-01,  1.770334383674205e+00,  2.406305767521765e+00
3200        ,  0.000000000000000e+00,  1.253054472903448e+00,  1.899332860714381e+00
4713        ,  3.813500000000000e+00,  3.322976840212357e+00,  3.928011217576532e+00
4838        ,  3.014200000000000e+00,  1.795505443734724e+00,  2.430975284393762e+00
5828        ,  3.484800000000000e+00,  1.716411525629351e+00,  2.353457343453588e+00
3302        ,  1.491900000000000e+00,  2.388024359919508e+00,  3.011688030088781e+00
4858        ,  3.400500000000000e+00,  2.670911535765170e+00,  3.288938568628572e+00
5817        ,  3.843800000000000e+00,  2.126484469536812e+00,  2.755359424023580e+00
4024        ,  4.102000000000000e+00,  2.014750358503322e+00,  2.645851658729188e+00
3286        ,  0.000000000000000e+00,  5.429242428008030e-01,  1.203352252400203e+00
3491        ,  8.259000000000001e-01,  1.804082819166881e+00,  2.439381752275222e+00
3791        ,  2.952400000000000e+00,  2.109987271523143e+00,  2.739190939114308e+00
5408        ,  2.319000000000000e+00,  1.607761076839113e+00,  2.246971797229612e+00
5318        ,  2.948200000000000e+00,  2.114980986685149e+00,  2.744085152554141e+00
5280        ,  9.822000000000002e-01,  5.716293978184490e-01,  1.231485446008996e+00
3825        ,  1.613500000000001e+00,  1.977196286715437e+00,  2.609045866467918e+00
5053        ,  0.000000000000000e+00,  1.116254701245304e-01,  7.806472759777779e-01
3762        ,  3.050900000000000e+00,  1.444660663382042e+00,  2.087121223120497e+00
3250        ,  1.199900000000000e+00,  6.780926207275534e-01,  1.335827347680547e+00
3012        ,  0.000000000000000e+00, -4.014586811254139e-01,  2.777865265463909e-01
5063        ,  0.000000000000000e+00, -6.561766609720844e-01,  2.814390178921157e-02
3895        ,  0.000000000000000e+00,  2.035509670285462e+00,  2.666197333127854e+00
4129        ,  2.116100000000000e+00,  2.771090996713403e+00,  3.387121914747014e+00
4917        ,  2.182400000000000e+00,  7.743058235873190e-01,  1.430123464949792e+00
5320        ,  0.000000000000000e+00,  6.239440038295117e-01,  1.282757663092379e+00
4778        ,  3.289100000000000e+00,  1.676685483243737e+00,  2.314522857955825e+00
5692        ,  2.643300000000000e+00,  1.586892096862302e+00,  2.226518639817825e+00
3460        ,  0.000000000000000e+00, -1.186093239170299e-01,  5.550000000000002e-01
3363        ,  3.151200000000000e+00,  1.625464984084924e+00,  2.264322947218954e+00
3025        ,  0.000000000000000e+00,  2.802112229078164e-01,  9.458738918877290e-01
3704        ,  2.006600000000000e+00,  1.399515869196150e+00,  2.042875956565411e+00
5803        ,  2.048100000000000e+00,  1.402491932821581e+00,  2.045792720962429e+00
3368        ,  0.000000000000000e+00, -6.443136027664882e-01,  3.977058393342041e-02
3042        ,  0.000000000000000e+00,  4.288037596514311e-01,  1.091505664385034e+00
4312        ,  5.035999999999996e-01,  4.981433925956140e-01,  1.159463678100066e+00
4974        ,  1.457600000000000e+00,  1.171343423674983e+00,  1.819249936009434e+00
3753        ,  0.000000000000000e+00,  7.183904373511707e-01,  1.375322214591627e+00
5374        ,  2.020000000000000e+00,  9.828787274704295e-01,  1.634540472378752e+00
5835        ,  0.000000000000000e+00,  1.737594403740432e+00,  2.374218144456897e+00
4198        ,  4.097700000000001e+00,  3.016137795778429e+00,  3.627286060771423e+00
5614        ,  1.138500000000000e+00,  1.839768196011725e+00,  2.474356084068991e+00
4087        ,  0.000000000000000e+00,  9.332888279134131e-01,  1.585938670910672e+00
5415        ,  1.726200000000000e+00,  3.005522904155805e+00,  3.616882675004232e+00
5656        ,  2.185500000000000e+00,  2.049026101770862e+00,  2.679444444444444e+00
5560        ,  3.030600000000000e+00,  1.457462349726981e+00,  2.099667830872303e+00
4422        ,  4.267999999999996e-01,  2.351918876528235e+00,  2.976301962535365e+00
3253        ,  0.000000000000000e+00, -6.106527944555619e-01,  7.276068751089963e-02
4771        ,  2.747500000000000e+00,  1.814903098940667e+00,  2.449986433754562e+00
4474        ,  1.164100000000000e+00,  1.618648211069624e+00,  2.257642001064553e+00
5360        ,  2.079200000000000e+00,  2.629116171655568e+00,  3.247975993449215e+00
4604        ,  2.293100000000000e+00,  1.993972379626248e+00,  2.625487689184737e+00
3240        ,  1.162500000000000e+00,  1.216007640501701e+00,  1.863024200896654e+00
3813        ,  0.000000000000000e+00,  6.369867258067700e-01,  1.295540503747526e+00
5209        ,  1.572700000000000e+00,  1.249498916319998e+00,  1.895848149982537e+00
5328        ,  0.000000000000000e+00, -3.286273482939558e-01,  3.491666666666667e-01
3977        ,  3.184500000000000e+00,  3.097731332819708e+00,  3.707253814765345e+00
5496        ,  2.170000000000000e+00,  1.886476722563510e+00,  2.520133925012716e+00
5233        ,  6.469999999999976e-02,  1.401009205163444e+00,  2.044339537231150e+00
3239        ,  9.895999999999999e-01,  1.419695393765283e+00,  2.062653396237407e+00
3652        ,  1.815100000000000e+00,  1.670663634340978e+00,  2.308620996740999e+00
5796        ,  1.643200000000000e+00,  1.461941578118947e+00,  2.104057808891642e+00
3332        ,  0.000000000000000e+00,  1.310454681464710e+00,  1.955589347733745e+00
5833        ,  5.220599999999999e+00,  2.538191953314503e+00,  3.158863475619410e+00
2997        ,  0.000000000000000e+00,  1.198920041701223e-01,  7.887490961085296e-01
4903        ,  1.562900000000000e+00,  1.258673550626268e+00,  1.904839976122110e+00
5700        ,  2.603800000000000e+00,  9.593971086442008e-01,  1.611526733965563e+00
5019        ,  1.267900000000000e+00,  2.449254172879235e+00,  3.071697815145411e+00
3728        ,  0.000000000000000e+00,  7.484285400977458e-01,  1.404761796425994e+00
3412        ,  4.977500000000000e+00,  1.824301866349900e+00,  2.459197927057609e+00
4657        ,  7.240000000000002e-01,  8.517362222811686e-01,  1.506011032751497e+00
4615        ,  0.000000000000000e+00,  7.643413230367023e-01,  1.420357510958842e+00
5698        ,  2.943900000000000e+00,  1.619524420750987e+00,  2.258500751926289e+00
4055        ,  1.163999999999996e-01,  1.543524204097921e+00,  2.184014869230429e+00
5843        ,  9.450000000000003e-02,  1.744003972439623e+00,  2.380499999999999e+00
3429        ,  4.021700000000000e+00,  2.971361472246616e+00,  3.583401922948930e+00
3238        ,  0.000000000000000e+00,  2.663865041941540e-01,  9.323246360861327e-01
3757        ,  1.403600000000000e+00,  1.874508967485085e+00,  2.508404632121703e+00
4089        ,  4.025900000000000e+00,  1.943830265698120e+00,  2.576344676432255e+00
5882        ,  0.000000000000000e+00,  2.862718611484419e+00,  3.476923813558576e+00
3906        ,  1.246300000000000e+00,  5.274455683038454e-01,  1.188181996529344e+00
4715        ,  0.000000000000000e+00,  7.490167957520445e-01,  1.405338330856959e+00
3782        ,  1.082200000000000e+00,  1.020909510622521e+00,  1.671813477344378e+00
5548        ,  0.000000000000000e+00,  7.672338602705092e-01,  1.423192413260164e+00
3230        ,  0.000000000000000e+00,  4.615672524900522e-01,  1.123616331850951e+00
3651        ,  2.001500000000000e+00,  1.533891727022819e+00,  2.174574323017754e+00
4769        ,  1.221900000000000e+00,  8.319985758943177e-01,  1.486666666666666e+00
4131        ,  8.060000000000000e-01,  1.050437697606246e+00,  1.700753303686340e+00
3745        ,  2.101100000000000e+00,  7.587957221806413e-01,  1.414922408362645e+00
3293        ,  2.504400000000000e+00,  4.351315806828189e-01,  1.097707401114496e+00
5240        ,  1.568900000000000e+00,  1.155787309026565e+00,  1.804003783012333e+00
4029        ,  2.932100000000001e+00,  2.063329923814010e+00,  2.693463257254834e+00
3226        ,  0.000000000000000e+00,  9.434448895772896e-01,  1.595892369084990e+00
4324        ,  0.000000000000000e+00,  2.006593310263822e+00,  2.637857142857143e+00
4839        ,  2.247100000000000e+00,  1.427134171113277e+00,  2.069943953045589e+00
3316        ,  0.000000000000000e+00,  1.261349405715073e+00,  1.907462513754677e+00
4618        ,  9.976000000000003e-01,  3.445019363682474e-01,  1.008883587808822e+00
3455        ,  0.000000000000000e+00,  5.131671412410364e-01,  1.174188072694406e+00
3479        ,  2.809000000000000e+00,  1.758397113875227e+00,  2.394606352479115e+00
5562        ,  3.304500000000000e+00,  4.173495582336762e+00,  4.761583042058346e+00
3645        ,  0.000000000000000e+00,  6.795908250233692e-01,  1.337295699671463e+00
3194        ,  0.000000000000000e+00,  1.616238665537272e+00,  2.255280466666666e+00
3324        ,  2.361700000000000e+00,  7.006802927287984e-01,  1.357964951507884e+00
4502        ,  7.188000000000000e+00,  3.395153955767227e+00,  3.998750175954604e+00
3402        ,  0.000000000000000e+00, -7.888832944222825e-03,  6.635143420087330e-01
5728        ,  3.545400000000000e+00,  4.035632290227018e+00,  4.626466729811133e+00
5687        ,  3.023600000000000e+00,  2.371097855032783e+00,  2.995098792413330e+00
5254        ,  4.435099999999999e+00,  1.568184507895793e+00,  2.208183806857510e+00
3620        ,  9.683000000000000e-01,  9.494693453542500e-01,  1.601796785231032e+00
4550        ,  0.000000000000000e+00,  1.383575176382752e+00,  2.027252888273255e+00
3353        ,  1.561700000000000e+00,  1.373728741989377e+00,  2.017602647925318e+00
4091        ,  5.020000000000000e-01,  1.164215201010083e+00,  1.812263745961167e+00
2987        ,  0.000000000000000e+00,  7.737266943500954e-01,  1.429555875088483e+00
3179        ,  0.000000000000000e+00,  1.626511354439481e+00,  2.265348468236108e+00
4225        ,  6.553999999999998e-01,  1.706365046527149e+00,  2.343611044365665e+00
5741        ,  1.094500000000000e+00,  1.041376194825999e+00,  1.691872354883012e+00
5538        ,  0.000000000000000e+00,  4.820562202370157e-01,  1.143697048924776e+00
3710        ,  3.456000000000000e+00,  2.321393767605233e+00,  2.946385078312570e+00
5212        ,  0.000000000000000e+00,  4.374543240376292e-01,  1.099983862902082e+00
4147        ,  2.493800000000000e+00,  2.101630292847332e+00,  2.731000476497868e+00
5595        ,  1.449800000000000e+00,  1.236979171306972e+00,  1.883577865771647e+00
3514        ,  0.000000000000000e+00,  4.831476792558032e-01,  1.144766760196940e+00
4109        ,  3.027700000000000e+00,  1.293476552722467e+00,  1.938949514828231e+00
4805        ,  8.720000000000001e-01,  1.222611639495493e+00,  1.869496612634908e+00
4065        ,  0.000000000000000e+00,  7.064360893110629e-01,  1.363606061598462e+00
4072        ,  9.394999999999998e-01,  7.788810754006751e-01,  1.434607553086400e+00
5492        ,  0.000000000000000e+00,  2.098208023866761e+00,  2.727646397561434e+00
5813        ,  4.605999999999999e-01,  1.939004166865873e+00,  2.571614739501439e+00
5501        ,  0.000000000000000e+00, -9.399848965423581e-02,  5.791204537917828e-01
5626        ,  2.421200000000000e+00,  1.245843436750383e+00,  1.892265507268999e+00
4412        ,  0.000000000000000e+00,  5.707727061407696e-01,  1.230645824247107e+00
4100        ,  0.000000000000000e+00,  7.353305875150897e-01,  1.391924825656802e+00
4901        ,  1.536700000000000e+00,  2.273314041949838e+00,  2.899263359942147e+00
3917        ,  4.013700000000000e+00,  2.378489586465707e+00,  3.002343240714648e+00
4190        ,  0.000000000000000e+00,  9.714753003569833e-02,  7.664578144916713e-01
3963        ,  0.000000000000000e+00,  7.648460380701425e-01,  1.420852169348400e+00
5146        ,  3.059299999999999e+00,  1.342364811514799e+00,  1.986863655997505e+00
5315        ,  1.127500000000000e+00,  1.164156371878208e+00,  1.812206089022689e+00
3834        ,  0.000000000000000e+00,  2.809071700184728e-01,  9.465559719807833e-01
5018        ,  1.576900000000000e+00,  1.673788379762351e+00,  2.311683480391188e+00
3870        ,  1.333400000000000e+00,  1.195339261450017e+00,  1.842767647358325e+00
5337        ,  8.550000000000000e-01,  1.409447116208138e+00,  2.052609319607459e+00
4310        ,  1.386300000000000e+00,  1.618056692048164e+00,  2.257062268290290e+00
5629        ,  8.353000000000002e-01,  2.952013407753256e+00,  3.564439376186424e+00
3775        ,  7.872000000000000e-01,  1.073185979647959e+00,  1.723048317336449e+00
3146        ,  0.000000000000000e+00,  5.875620536698819e-01,  1.247100637478789e+00
3936        ,  7.376000000000000e-01,  1.325898191262911e+00,  1.970725139576186e+00
5518        ,  0.000000000000000e+00,  6.004354029598055e-01,  1.259717480263452e+00
4299        ,  3.159100000000000e+00,  2.289449441547313e+00,  2.915077255409771e+00
4572        ,  2.515200000000000e+00,  1.886789738933582e+00,  2.520440704409537e+00
4645        ,  3.145100000000000e+00,  1.719061294916072e+00,  2.356054315053850e+00
3330        ,  0.000000000000000e+00,  5.447601481299533e-01,  1.205151576599660e+00
3631        ,  3.243400000000000e+00,  2.276200564481485e+00,  2.902092367386595e+00
4411        ,  0.000000000000000e+00,  4.493229189887565e-01,  1.111615971470008e+00
4587        ,  0.000000000000000e+00,  2.763959311198177e+00,  3.380132330847066e+00
3642        ,  5.232000000000000e-01,  1.176821398138915e+00,  1.824618759695740e+00
5777        ,  6.503000000000001e-01,  1.599524920892443e+00,  2.238899749902313e+00
5478        ,  5.165000000000000e+00,  3.519284650378548e+00,  4.120407518064320e+00
4935        ,  3.557399999999999e+00,  2.347113566375829e+00,  2.971592400061836e+00
4094        ,  1.604600000000000e+00,  2.394837866942892e+00,  3.018365775327430e+00
4037        ,  1.423100000000000e+00,  1.172744591337754e+00,  1.820623184860063e+00
4780        ,  3.433200000000000e+00,  2.166354322900101e+00,  2.794434855009201e+00
4269        ,  0.000000000000000e+00,  2.038453536176225e+00,  2.669082541342624e+00
4192        ,  2.623400000000000e+00, -9.448758321689656e-02,  5.786411056091065e-01
3151        ,  1.532600000000000e+00,  8.924780723639405e-01,  1.545941085581883e+00
4437        ,  0.000000000000000e+00,  1.469035082198604e+00,  2.111009972136016e+00
3656        ,  2.389100000000000e+00,  1.719447360673859e+00,  2.356432688300846e+00
3799        ,  3.415900000000000e+00,  1.885946543292492e+00,  2.519614309770446e+00
5062        ,  4.345800000000000e+00,  4.381857894224383e+00,  4.965793653619459e+00
5012        ,  0.000000000000000e+00,  1.367836268883088e+00,  2.011827584643759e+00
4716        ,  3.336500000000000e+00,  3.060120543003143e+00,  3.670392434604235e+00
4389        ,  1.188300000000000e+00,  1.706132014366493e+00,  2.343382655461694e+00
3210        ,  7.141999999999999e-01,  1.278475957408467e+00,  1.924247812226155e+00
4990        ,  3.729400000000000e+00,  2.320122444414171e+00,  2.945139086731912e+00
3051        ,  3.296900000000000e+00,  2.074531867884121e+00,  2.704441998220544e+00
3369        ,  0.000000000000000e+00, -2.239265808791635e-01,  4.517812304569949e-01
3612        ,  2.530999999999999e-01,  1.192149109374903e+00,  1.839641060307480e+00
3466        ,  8.565000000000000e-01,  8.807410504378314e-01,  1.534437928395137e+00
3673        ,  0.000000000000000e+00,  1.061550715857094e+00,  1.711644890714418e+00
3630        ,  3.936000000000000e+00,  3.714125318396431e+00,  4.311365909783294e+00
3988        ,  1.247000000000000e+00,  5.191107384909921e-01,  1.180013241451129e+00
5274        ,  2.598400000000000e+00,  4.118829073252241e+00,  4.708005784487495e+00
5098        ,  2.883100000000000e+00,  1.084374508398184e+00,  1.734013910287755e+00
4104        ,  3.053999999999999e+00,  2.190380889297340e+00,  2.817982682700516e+00
3828        ,  3.228500000000000e+00,  1.446267223382744e+00,  2.088695771786619e+00
3094        ,  0.000000000000000e+00,  8.047824066172516e-01,  1.459992790176862e+00
3008        ,  0.000000000000000e+00,  7.147424125944787e-01,  1.371746878150956e+00
5311        ,  0.000000000000000e+00,  1.245103325440347e+00,  1.891540142965461e+00
5039        ,  8.927999999999998e-01,  1.216380857346052e+00,  1.863389981249824e+00
3787        ,  0.000000000000000e+00,  1.322545057320478e+00,  1.967438818135291e+00
3613        ,  5.574700000000000e+00,  3.020390732103982e+00,  3.631454255682028e+00
3295        ,  0.000000000000000e+00,  1.696713045599969e+00,  2.334151363321279e+00
4347        ,  3.522500000000000e+00,  2.891649958612778e+00,  3.505278692312060e+00
3348        ,  0.000000000000000e+00,  4.038944826965867e-01,  1.067092714488235e+00
4407        ,  3.911400000000000e+00,  3.506458999340824e+00,  4.107837423125578e+00
5070        ,  2.822200000000000e+00,  1.165875151190948e+00,  1.813890620987291e+00
4605        ,  8.457000000000000e-01,  1.724050569604127e+00,  2.360944176497908e+00
3548        ,  0.000000000000000e+00,  3.994010827771426e-01,  1.062688847314630e+00
3484        ,  1.768600000000000e+00,  8.693330133232474e-01,  1.523257200869242e+00
4910        ,  0.000000000000000e+00,  8.199829331520179e-01,  1.474890440292156e+00
5542        ,  4.253000000000000e-01,  1.737664986969491e+00,  2.374287321287589e+00
3732        ,  0.000000000000000e+00,  5.333690622000985e-01,  1.193987462499527e+00
5911        ,  1.002100000000000e+00,  1.922076941078693e+00,  2.555024795289755e+00
4464        ,  2.394400000000000e+00,  1.845692066040710e+00,  2.480161918677315e+00
3440        ,  2.282500000000000e+00,  7.833438694338954e-01,  1.438981424208001e+00
4866        ,  4.522399999999999e+00,  4.379655671704699e+00,  4.963635311242355e+00
3322        ,  0.000000000000000e+00,  7.670629894177339e-01,  1.423024947075771e+00
3256        ,  1.546800000000000e+00,  1.527392360352436e+00,  2.168204458763057e+00
4277        ,  2.930600000000000e+00,  3.088248824852783e+00,  3.697960249467877e+00
3649        ,  1.546300000000000e+00,  1.137637215499911e+00,  1.786215337177808e+00
4231        ,  3.127200000000000e+00,  1.056695859293471e+00,  1.706886769061238e+00
5198        ,  3.256600000000000e+00,  1.993222132205376e+00,  2.624752390736325e+00
3940        ,  2.413200000000000e+00,  1.586717310589840e+00,  2.226347336230010e+00
4920        ,  3.948700000000000e+00,  2.017146442685954e+00,  2.648200000000000e+00
4925        ,  4.453400000000000e+00,  4.439381910940896e+00,  5.022171481868296e+00
5137        ,  3.959000000000001e-01,  2.120882126616675e+00,  2.749868709971063e+00
3327        ,  1.875800000000000e+00,  1.323952573349954e+00,  1.968818288858943e+00
3038        ,  0.000000000000000e+00,  2.090966712986645e+00,  2.720549372624744e+00
4382        ,  1.551700000000000e+00,  2.668367248430148e+00,  3.286444977210982e+00
3812        ,  9.600000000000053e-03,  2.795124647093714e-01,  9.451890567189065e-01
5842        ,  5.800000000000005e-02,  1.717294550582805e+00,  2.354322773790461e+00
3141        ,  3.993400000000000e+00,  1.810815888793101e+00,  2.445980662863215e+00
3939        ,  0.000000000000000e+00,  6.383936831835735e-01,  1.296919426949878e+00
4383        ,  5.411300000000000e+00,  3.161403001394797e+00,  3.769656800511865e+00
3396        ,  2.201400000000000e+00,  1.941726314964464e+00,  2.574282647737516e+00
3007        ,  1.782999999999997e-01,  2.292243015696875e+00,  2.917815166504897e+00
3512        ,  2.296399999999999e+00,  1.388697295885724e+00,  2.032272947547483e+00
3624        ,  1.820700000000000e+00,  1.668080464968181e+00,  2.306089298025401e+00
5603        ,  1.377800000000001e+00,  1.174369134025996e+00,  1.822215357901664e+00
3267        ,  2.079300000000000e+00,  1.058414768744861e+00,  1.708571428571428e+00
4512        ,  7.999000000000001e-01,  1.473173929725254e+00,  2.115066351511530e+00
3018        ,  0.000000000000000e+00,  1.329249328108436e+00,  1.974009503713106e+00
4102        ,  1.217700000000000e+00,  1.090314170561489e+00,  1.739835222365963e+00
5256        ,  1.496700000000000e+00,  2.195654508580908e+00,  2.823151223063126e+00
4496        ,  1.123700000000000e+00,  1.380433691361232e+00,  2.024173998565980e+00
5524        ,  0.000000000000000e+00,  4.342851680309774e-01,  1.096877853564847e+00
3934        ,  1.132800000000000e+00,  1.596026335933433e+00,  2.235470875613074e+00
5810        ,  1.667300000000000e+00,  1.243085238853372e+00,  1.889562267540794e+00
4197        ,  1.164100000000000e+00,  1.839855976348704e+00,  2.474442115348521e+00
4773        ,  2.457200000000000e+00,  3.171708570822980e+00,  3.779757027449978e+00
3301        ,  1.573000000000000e+00,  8.763583917088480e-01,  1.530142595850584e+00
4813        ,  4.401000000000000e+00,  1.478501493677998e+00,  2.120287761674744e+00
4227        ,  4.606999999999999e-01,  1.502066181285571e+00,  2.143382913691412e+00
3814        ,  2.086700000000000e+00,  1.055254829474207e+00,  1.705474452323131e+00
5086        ,  4.665000000000000e+00,  2.322648206487671e+00,  2.947614522011040e+00
3760        ,  3.901500000000000e+00,  2.065110349404077e+00,  2.695208207170645e+00
4553        ,  3.322600000000000e+00,  1.586630890399021e+00,  2.226262637995197e+00
4307        ,  0.000000000000000e+00,  5.580213416852857e-01,  1.218148535701483e+00
3411        ,  0.000000000000000e+00,  2.587186457440501e-01,  9.248095627061430e-01
3019        ,  3.700100000000000e+00,  1.407363379249096e+00,  2.050567101919992e+00
5704        ,  2.854299999999999e+00,  1.423385806453080e+00,  2.066270276013124e+00
3736        ,  4.481999999999999e-01,  7.874159281755992e-01,  1.442972345591157e+00
5317        ,  4.574800000000001e+00,  2.480150782821609e+00,  3.101978798084880e+00
3449        ,  5.802000000000000e-01,  1.719322980173188e+00,  2.356310786130160e+00
4770        ,  2.630999999999999e-01,  1.481927119835754e+00,  2.123645130895298e+00
5394        ,  6.362999999999999e-01,  1.196438380194041e+00,  1.843844865732714e+00
3622        ,  0.000000000000000e+00,  1.483365088993221e+00,  2.125054447956490e+00
4439        ,  0.000000000000000e+00,  4.945638064468597e-01,  1.155955416601379e+00
3560        ,  1.123000000000000e+00,  6.597535323820716e-01,  1.317853672822668e+00
4365        ,  4.376200000000001e+00,  4.381857894224383e+00,  4.965793653619459e+00
5697        ,  1.888100000000000e+00,  2.055959309476087e+00,  2.686239505282164e+00
3203        ,  2.789999999999981e-02,  9.951071786522411e-01,  1.646525266901621e+00
4589        ,  1.158500000000000e+00,  1.416553129609006e+00,  2.059573742919941e+00
5874        ,  4.438800000000000e+00,  4.326120782828379e+00,  4.911167125905720e+00
3136        ,  1.730999999999998e-01,  1.762345133649609e+00,  2.398475706419749e+00
5473        ,  0.000000000000000e+00,  4.531761827668415e-01,  1.115392457464526e+00
3749        ,  2.032700000000000e+00,  1.209909487461294e+00,  1.857047555933881e+00
3192        ,  1.573799999999999e+00,  1.606305459270834e+00,  2.245545183409078e+00
4965        ,  2.943700000000000e+00,  1.509556923727441e+00,  2.150724400168708e+00
5122        ,  0.000000000000000e+00,  4.632108879136867e-01,  1.125227217197745e+00
5599        ,  1.938499999999999e+00,  1.931826283927109e+00,  2.564579878679633e+00
4563        ,  0.000000000000000e+00,  1.106779141736193e+00,  1.755972122568606e+00
5191        ,  2.255300000000000e+00,  2.218254945674486e+00,  2.845301337633353e+00
