# c0 + a0 * (mp_bandgap / max:mendeleev_number)
# Property Label: $bandgap$; Unit of the Property: eV
# RMSE: 0.469016414398038; Max AE: 4.31680917107835
# Coefficients
# Task   a0                      c0
# all ,  9.510488692557198e+01,  1.469027895775510e-01, 
# Feature Rung, Units, and Expressions
# 0;  1; eV;                                               0|21|div; (mp_bandgap / max:mendeleev_number); $\left(\frac{ mp_{bandgap} }{ max:mendeleev_{number} } \right)$; (mp_bandgap ./ max:mendeleev_number); mp_bandgap,max:mendeleev_number
# Number of Samples Per Task
# Task, n_mats_train            
# all , 1014                  

# Sample ID , Property Value        ,  Property Value (EST) ,  Feature 0 Value      
4239        ,  4.587000000000003e-01,  5.632927004536692e-01,  4.378217821782179e-03
3034        ,  1.700700000000000e+00,  2.069336785825203e+00,  2.021382978723404e-02
3402        ,  0.000000000000000e+00,  1.469027895775510e-01,  0.000000000000000e+00
5237        ,  1.472900000000000e+00,  1.344617312370020e+00,  1.259361702127659e-02
5388        ,  1.719900000000000e+00,  1.673235049321359e+00,  1.604893617021277e-02
3975        ,  1.985400000000000e+00,  1.789957415284784e+00,  1.727623762376238e-02
4837        ,  2.507100000000000e+00,  2.624061922042837e+00,  2.604660194174757e-02
5529        ,  0.000000000000000e+00,  1.469027895775510e-01,  0.000000000000000e+00
4451        ,  1.030000000000000e-01,  1.469027895775510e-01,  0.000000000000000e+00
4189        ,  1.018400000000000e+00,  1.070173498790653e+00,  9.707920792079208e-03
3912        ,  4.126200000000000e+00,  3.860607379139565e+00,  3.904851485148515e-02
4305        ,  7.780300000000000e+00,  6.466249565440925e+00,  6.644607843137255e-02
4944        ,  2.979200000000000e+00,  3.059465440104398e+00,  3.062474226804124e-02
4056        ,  2.421900000000000e+00,  2.494561810169332e+00,  2.468494623655914e-02
3594        ,  6.517999999999999e-01,  9.044338889151504e-01,  7.965217391304348e-03
5230        ,  2.302000000000000e-01,  9.911267757411132e-01,  8.876767676767677e-03
5512        ,  0.000000000000000e+00,  1.469027895775510e-01,  0.000000000000000e+00
4489        ,  1.591999999999998e-01,  1.469027895775510e-01,  0.000000000000000e+00
3914        ,  1.235300000000000e+00,  2.023283390297892e+00,  1.972959183673470e-02
4426        ,  3.982600000000000e+00,  3.792998162493464e+00,  3.833762376237624e-02
5849        ,  0.000000000000000e+00,  1.469027895775510e-01,  0.000000000000000e+00
3327        ,  1.875800000000000e+00,  1.361817132345922e+00,  1.277446808510638e-02
4149        ,  0.000000000000000e+00,  1.451346352527995e+00,  1.371584158415841e-02
5832        ,  3.573500000000000e+00,  3.398277801324237e+00,  3.418725490196078e-02
4713        ,  3.813500000000000e+00,  5.028276529584627e+00,  5.132621359223301e-02
3772        ,  6.627000000000001e-01,  3.340993392884787e-01,  1.968316831683167e-03
3683        ,  2.536900000000000e+00,  2.253334790097398e+00,  2.214851485148515e-02
4119        ,  3.041100000000000e+00,  2.613905089458552e+00,  2.593980582524271e-02
5350        ,  5.800999999999998e-01,  6.487036259539194e-01,  5.276288659793815e-03
5125        ,  9.231000000000000e-01,  1.129308022542395e+00,  1.032970297029703e-02
3088        ,  1.459500000000000e+00,  1.075209185872808e+00,  9.760869565217389e-03
5236        ,  1.808000000000001e-01,  1.469027895775510e-01,  0.000000000000000e+00
3447        ,  1.737800000000000e+00,  1.647158364442862e+00,  1.577474747474748e-02
5393        ,  0.000000000000000e+00,  1.469027895775510e-01,  0.000000000000000e+00
3023        ,  2.116900000000000e+00,  1.934968827032686e+00,  1.880099009900990e-02
3172        ,  0.000000000000000e+00,  1.469027895775510e-01,  0.000000000000000e+00
4765        ,  2.740200000000000e+00,  2.773142586316224e+00,  2.761414141414141e-02
4685        ,  7.060000000000000e-01,  6.386870919701046e-01,  5.170967741935475e-03
5367        ,  0.000000000000000e+00,  1.469027895775510e-01,  0.000000000000000e+00
4091        ,  5.020000000000000e-01,  6.985111337458693e-01,  5.800000000000008e-03
4848        ,  7.781000000000002e-01,  7.250252234342096e-01,  6.078787878787878e-03
5773        ,  3.998000000000000e+00,  3.741387187652427e+00,  3.779494949494950e-02
5108        ,  2.033300000000000e+00,  1.864385159351115e+00,  1.805882352941176e-02
5284        ,  5.591300000000000e+00,  5.325892243157865e+00,  5.445555555555556e-02
4269        ,  0.000000000000000e+00,  1.469027895775510e-01,  0.000000000000000e+00
4641        ,  4.323000000000001e-01,  4.386885045162131e-01,  3.068041237113403e-03
5628        ,  0.000000000000000e+00,  1.469027895775510e-01,  0.000000000000000e+00
4071        ,  2.744300000000000e+00,  2.708178962809047e+00,  2.693106796116505e-02
3318        ,  6.493000000000000e-01,  5.824211467704152e-01,  4.579347826086961e-03
3602        ,  1.873300000000000e+00,  1.171304833996657e+00,  1.077128712871287e-02
3203        ,  2.789999999999981e-02,  1.469027895775510e-01,  0.000000000000000e+00
5333        ,  4.202400000000000e+00,  3.650825361472313e+00,  3.684271844660194e-02
3128        ,  0.000000000000000e+00,  1.469027895775510e-01,  0.000000000000000e+00
5676        ,  4.641999999999999e-01,  1.469027895775510e-01,  0.000000000000000e+00
3581        ,  3.809500000000000e+00,  3.617307813944175e+00,  3.649029126213592e-02
5122        ,  0.000000000000000e+00,  1.469027895775510e-01,  0.000000000000000e+00
3339        ,  0.000000000000000e+00,  1.908129182219109e-01,  4.617021276595756e-04
4743        ,  0.000000000000000e+00,  1.469027895775510e-01,  0.000000000000000e+00
5373        ,  3.522100000000000e+00,  3.076886612920222e+00,  3.080792079207921e-02
4704        ,  7.975000000000003e-01,  9.650093437760199e-01,  8.602150537634412e-03
5658        ,  1.245900000000000e+00,  1.425823354870622e+00,  1.344747474747475e-02
5591        ,  4.297800000000001e+00,  4.093661433734406e+00,  4.149900990099010e-02
4560        ,  4.276800000000000e+00,  3.666536911858768e+00,  3.700792079207921e-02
3973        ,  2.406300000000000e+00,  1.998246533977225e+00,  1.946633663366337e-02
3283        ,  0.000000000000000e+00,  1.469027895775510e-01,  0.000000000000000e+00
4284        ,  2.943400000000000e+00,  2.711406065525599e+00,  2.696500000000000e-02
5814        ,  0.000000000000000e+00,  1.469027895775510e-01,  0.000000000000000e+00
3835        ,  1.736000000000000e+00,  1.767014538354670e+00,  1.703500000000000e-02
3446        ,  1.277400000000000e+00,  1.262391076227163e+00,  1.172903225806452e-02
4672        ,  6.372000000000000e-01,  6.244988158018095e-01,  5.021782178217823e-03
4958        ,  3.220400000000000e+00,  3.127734770286370e+00,  3.134257425742575e-02
5893        ,  4.026400000000000e+00,  3.724863914368387e+00,  3.762121212121212e-02
4716        ,  3.336500000000000e+00,  3.188470069362601e+00,  3.198118811881188e-02
5360        ,  2.079200000000000e+00,  1.314476862561879e+00,  1.227669902912621e-02
4850        ,  2.079800000000000e+00,  2.309901666345637e+00,  2.274329896907217e-02
4956        ,  3.796700000000000e+00,  4.209451153607954e+00,  4.271650485436893e-02
4791        ,  3.607100000000000e+00,  4.212405868541565e+00,  4.274757281553399e-02
3642        ,  5.232000000000000e-01,  7.615698087726070e-01,  6.463043478260877e-03
4395        ,  9.707000000000000e-01,  5.460331900336750e-01,  4.196739130434791e-03
4360        ,  1.576000000000000e-01,  3.391715352074959e-01,  2.021649484536082e-03
4195        ,  5.205000000000000e+00,  6.133616919279794e+00,  6.294854368932039e-02
5391        ,  2.591300000000000e+00,  2.405220119415167e+00,  2.374554455445544e-02
3452        ,  0.000000000000000e+00,  1.469027895775510e-01,  0.000000000000000e+00
5582        ,  0.000000000000000e+00,  6.394102397278345e-01,  5.178571428571429e-03
4262        ,  2.272100000000000e+00,  1.663040889886184e+00,  1.594174757281553e-02
4001        ,  2.571800000000000e+00,  2.423418311082383e+00,  2.393689320388349e-02
4065        ,  0.000000000000000e+00,  1.469027895775510e-01,  0.000000000000000e+00
5625        ,  8.441999999999998e-01,  1.576677644110110e+00,  1.503366336633664e-02
3791        ,  2.952400000000000e+00,  2.415993503519433e+00,  2.385882352941177e-02
4450        ,  5.732999999999999e-01,  3.776839034894974e-01,  2.426595744680851e-03
4869        ,  2.777500000000000e+00,  4.244538393444572e+00,  4.308543689320388e-02
3136        ,  1.730999999999998e-01,  5.036902138619694e-01,  3.751515151515151e-03
4745        ,  0.000000000000000e+00,  1.469027895775510e-01,  0.000000000000000e+00
3197        ,  1.631300000000000e+00,  1.726453315835030e+00,  1.660851063829788e-02
5724        ,  0.000000000000000e+00,  1.469027895775510e-01,  0.000000000000000e+00
5875        ,  4.952999999999994e-01,  3.561335408138093e-01,  2.200000000000000e-03
3846        ,  4.541999999999993e-01,  6.619610203391780e-01,  5.415686274509804e-03
3699        ,  1.530600000000000e+00,  1.544567974365932e+00,  1.469603960396040e-02
3361        ,  0.000000000000000e+00,  1.469027895775510e-01,  0.000000000000000e+00
3183        ,  1.126200000000000e+00,  1.200948227865433e+00,  1.108297872340426e-02
4240        ,  1.907300000000000e+00,  1.860510736235436e+00,  1.801808510638298e-02
5318        ,  2.948200000000000e+00,  2.967344961738672e+00,  2.965612244897959e-02
3279        ,  0.000000000000000e+00,  1.469027895775510e-01,  0.000000000000000e+00
3456        ,  1.118800000000000e+00,  9.778697308969427e-01,  8.737373737373740e-03
5161        ,  4.347900000000000e+00,  4.227928079622022e+00,  4.291078431372550e-02
4762        ,  2.902400000000000e+00,  3.525550517651106e+00,  3.552549019607843e-02
4605        ,  8.457000000000000e-01,  6.906955836321830e-01,  5.717821782178219e-03
5732        ,  5.205000000000001e-01,  4.240508350639193e-01,  2.914130434782614e-03
3342        ,  0.000000000000000e+00,  1.469027895775510e-01,  0.000000000000000e+00
4447        ,  2.571900000000000e+00,  2.587614343152625e+00,  2.566336633663366e-02
4256        ,  2.726200000000000e+00,  2.707506765161651e+00,  2.692400000000000e-02
4889        ,  0.000000000000000e+00,  1.469027895775510e-01,  0.000000000000000e+00
4038        ,  0.000000000000000e+00,  3.779874297243664e-01,  2.429787234042555e-03
3302        ,  1.491900000000000e+00,  1.411151441795931e+00,  1.329320388349515e-02
4651        ,  3.520400000000000e+00,  3.585452293566192e+00,  3.615533980582524e-02
4953        ,  2.663900000000000e+00,  2.519913816684095e+00,  2.495151515151515e-02
3969        ,  2.773000000000000e+00,  1.839298960580823e+00,  1.779504950495049e-02
5229        ,  4.162100000000001e+00,  4.471161920550860e+00,  4.546831683168317e-02
3068        ,  4.846000000000000e+00,  4.704233866164035e+00,  4.791900000000000e-02
3250        ,  1.199900000000000e+00,  1.469027895775510e-01,  0.000000000000000e+00
5085        ,  0.000000000000000e+00,  1.469027895775510e-01,  0.000000000000000e+00
4930        ,  7.380000000000009e-02,  7.447889756313013e-01,  6.286597938144329e-03
4252        ,  1.628000000000003e-01,  1.469027895775510e-01,  0.000000000000000e+00
4987        ,  2.826900000000000e+00,  2.692357116114918e+00,  2.676470588235294e-02
4859        ,  0.000000000000000e+00,  1.469027895775510e-01,  0.000000000000000e+00
4901        ,  1.536700000000000e+00,  1.716344768042657e+00,  1.650222222222223e-02
3503        ,  7.069999999999999e-01,  4.046276168204129e-01,  2.709900990099010e-03
5304        ,  1.210000000000022e-02,  1.469027895775510e-01,  0.000000000000000e+00
3778        ,  4.467100000000000e+00,  4.183597397938867e+00,  4.244466019417476e-02
4272        ,  2.407300000000000e+00,  2.428666769756224e+00,  2.399207920792079e-02
5162        ,  0.000000000000000e+00,  1.469027895775510e-01,  0.000000000000000e+00
5855        ,  0.000000000000000e+00,  1.469027895775510e-01,  0.000000000000000e+00
3622        ,  0.000000000000000e+00,  1.469027895775510e-01,  0.000000000000000e+00
3842        ,  2.475500000000000e+00,  2.480079906648662e+00,  2.453267326732674e-02
3813        ,  0.000000000000000e+00,  1.469027895775510e-01,  0.000000000000000e+00
3939        ,  0.000000000000000e+00,  1.469027895775510e-01,  0.000000000000000e+00
4835        ,  4.617200000000000e+00,  4.390840664563223e+00,  4.462376237623762e-02
4892        ,  0.000000000000000e+00,  1.469027895775510e-01,  0.000000000000000e+00
4192        ,  2.623400000000000e+00,  2.278264010826593e+00,  2.241063829787234e-02
4412        ,  0.000000000000000e+00,  1.469027895775510e-01,  0.000000000000000e+00
4464        ,  2.394400000000000e+00,  1.965760211215519e+00,  1.912475247524752e-02
5833        ,  5.220599999999999e+00,  5.402303736197733e+00,  5.525900000000000e-02
5256        ,  1.496700000000000e+00,  1.537862348569853e+00,  1.462553191489362e-02
4401        ,  0.000000000000000e+00,  1.469027895775510e-01,  0.000000000000000e+00
3081        ,  9.398000000000002e-01,  1.394496790300134e+00,  1.311808510638298e-02
4753        ,  7.596999999999996e-01,  1.387301072388647e+00,  1.304242424242424e-02
3512        ,  2.296399999999999e+00,  2.232869976145097e+00,  2.193333333333334e-02
4475        ,  4.044100000000000e+00,  4.079392818146967e+00,  4.134897959183673e-02
3178        ,  0.000000000000000e+00,  1.469027895775510e-01,  0.000000000000000e+00
4688        ,  2.151000000000000e+00,  2.292934445511920e+00,  2.256489361702128e-02
5751        ,  5.041900000000000e+00,  5.025598819176043e+00,  5.129805825242718e-02
3488        ,  3.973200000000000e+00,  3.091293590840630e+00,  3.095940594059406e-02
4840        ,  3.246200000000000e+00,  3.246945450333671e+00,  3.259603960396040e-02
5501        ,  0.000000000000000e+00,  1.469027895775510e-01,  0.000000000000000e+00
3468        ,  3.429900000000000e+00,  3.201558761721665e+00,  3.211881188118812e-02
5755        ,  1.744400000000000e+00,  1.580161684522235e+00,  1.507029702970297e-02
4118        ,  3.832100000000000e+00,  3.781774271838823e+00,  3.821960784313725e-02
3201        ,  0.000000000000000e+00,  5.738630266263951e-01,  4.489361702127656e-03
3689        ,  1.522999999999999e-01,  7.678456642141883e-01,  6.529032258064513e-03
4310        ,  1.386300000000000e+00,  1.413367477996138e+00,  1.331650485436893e-02
5787        ,  2.082800000000000e+00,  1.583497898750062e+00,  1.510537634408602e-02
5017        ,  3.460900000000000e+00,  3.477551260314587e+00,  3.502079207920792e-02
3275        ,  0.000000000000000e+00,  1.470039649891741e-01,  1.063829787236288e-06
5898        ,  3.282200000000000e+00,  3.095806964866830e+00,  3.100686274509803e-02
4102        ,  1.217700000000000e+00,  1.242961045564949e+00,  1.152473118279570e-02
3341        ,  1.408900000000000e+00,  1.769756392009652e+00,  1.706382978723404e-02
4858        ,  3.400500000000000e+00,  3.299581758389087e+00,  3.314949494949495e-02
4937        ,  0.000000000000000e+00,  1.469027895775510e-01,  0.000000000000000e+00
4798        ,  1.230200000000000e+00,  1.163300957374208e+00,  1.068712871287129e-02
4839        ,  2.247100000000000e+00,  1.914252911068700e+00,  1.858316831683168e-02
3619        ,  0.000000000000000e+00,  1.469027895775510e-01,  0.000000000000000e+00
4244        ,  6.532000000000000e-01,  1.469027895775510e-01,  0.000000000000000e+00
3797        ,  5.508700000000000e+00,  5.375732538808829e+00,  5.497961165048544e-02
4624        ,  1.861999999999995e-01,  1.808957244093643e-01,  3.574257425742574e-04
5806        ,  3.925800000000000e+00,  2.952402790627542e+00,  2.949900990099009e-02
4535        ,  1.017200000000000e+00,  8.516907069430123e-01,  7.410638297872332e-03
3001        ,  0.000000000000000e+00,  1.469027895775510e-01,  0.000000000000000e+00
3237        ,  9.591000000000000e-01,  9.334404395343554e-01,  8.270212765957442e-03
4868        ,  0.000000000000000e+00,  1.522204821798414e-01,  5.591397849462705e-05
3462        ,  9.331000000000000e-01,  7.818796729231785e-01,  6.676595744680853e-03
5163        ,  8.546999999999993e-01,  1.013487219652837e+00,  9.111881188118813e-03
3481        ,  8.867999999999998e-01,  1.469027895775510e-01,  0.000000000000000e+00
4049        ,  4.949900000000000e+00,  6.108686512027459e+00,  6.268640776699029e-02
4354        ,  2.761100000000000e+00,  2.626503767212291e+00,  2.607227722772277e-02
3961        ,  1.207400000000000e+00,  1.377993177364608e+00,  1.294455445544554e-02
3907        ,  1.832000000000000e+00,  1.114595014045246e+00,  1.017500000000000e-02
3529        ,  3.656900000000000e+00,  3.751672142882272e+00,  3.790309278350516e-02
5749        ,  1.189500000000000e+00,  1.083931041482388e+00,  9.852577319587632e-03
5459        ,  6.888000000000001e-01,  7.142965840500097e-01,  5.965979381443299e-03
3217        ,  3.489100000000000e+00,  3.189058818254075e+00,  3.198737864077670e-02
4680        ,  2.538000000000000e+00,  2.535447900225134e+00,  2.511485148514852e-02
3692        ,  1.994200000000000e+00,  2.075384464461891e+00,  2.027741935483870e-02
5730        ,  0.000000000000000e+00,  1.469027895775510e-01,  0.000000000000000e+00
3979        ,  1.458900000000000e+00,  1.600500947468694e+00,  1.528415841584158e-02
3922        ,  1.836800000000000e+00,  1.798055455161615e+00,  1.736138613861386e-02
5636        ,  2.208800000000000e+00,  1.431289579344682e+00,  1.350495049504951e-02
3253        ,  0.000000000000000e+00,  1.469027895775510e-01,  0.000000000000000e+00
3824        ,  2.338300000000000e+00,  2.398857243196750e+00,  2.367864077669903e-02
5357        ,  3.189999999999982e-02,  1.469027895775510e-01,  0.000000000000000e+00
5584        ,  3.728300000000000e+00,  4.068825189736454e+00,  4.123786407766990e-02
5423        ,  0.000000000000000e+00,  1.469027895775510e-01,  0.000000000000000e+00
4604        ,  2.293100000000000e+00,  2.557710497729177e+00,  2.534893617021276e-02
4755        ,  2.301300000000000e+00,  2.279982991087434e+00,  2.242871287128713e-02
5285        ,  3.423700000000000e+00,  2.900655466498965e+00,  2.895490196078431e-02
4303        ,  0.000000000000000e+00,  1.469027895775510e-01,  0.000000000000000e+00
3150        ,  0.000000000000000e+00,  1.469027895775510e-01,  0.000000000000000e+00
5107        ,  2.169700000000000e+00,  4.272515850472193e+00,  4.337961165048544e-02
3886        ,  1.935600000000000e+00,  1.918490257515878e+00,  1.862772277227722e-02
3251        ,  0.000000000000000e+00,  1.469027895775510e-01,  0.000000000000000e+00
3965        ,  4.246200000000000e+00,  3.461731833578452e+00,  3.485445544554455e-02
3695        ,  1.607300000000000e+00,  9.744113713723760e-01,  8.701010101010098e-03
3633        ,  4.639500000000000e+00,  4.165177502268189e+00,  4.225098039215687e-02
4879        ,  4.412000000000000e+00,  4.765029895968310e+00,  4.855825242718446e-02
5403        ,  1.062500000000000e+00,  5.641401697431049e-01,  4.387128712871288e-03
3959        ,  2.491400000000000e+00,  1.985346168126924e+00,  1.933069306930693e-02
3665        ,  1.944300000000001e+00,  1.949752457970622e+00,  1.895643564356436e-02
3685        ,  3.286000000000000e+00,  2.999758259935755e+00,  2.999693877551021e-02
3506        ,  1.599000000000000e+00,  1.113673078916886e+00,  1.016530612244898e-02
4046        ,  0.000000000000000e+00,  6.599983627037310e-01,  5.395049504950497e-03
5179        ,  7.950000000000035e-02,  1.469027895775510e-01,  0.000000000000000e+00
5281        ,  1.805600000000000e+00,  1.929208840727419e+00,  1.874042553191490e-02
4250        ,  2.172900000000000e+00,  2.171511984580211e+00,  2.128817204301075e-02
4232        ,  0.000000000000000e+00,  5.902680459460421e-01,  4.661855670103092e-03
3579        ,  1.574400000000000e+00,  1.450428018108973e+00,  1.370618556701031e-02
3199        ,  2.250400000000000e+00,  1.723316878074718e+00,  1.657553191489361e-02
3286        ,  0.000000000000000e+00,  1.469027895775510e-01,  0.000000000000000e+00
3472        ,  7.224000000000004e-01,  8.154342006131889e-01,  7.029411764705879e-03
5768        ,  1.701800000000000e+00,  1.991634069698778e+00,  1.939680851063830e-02
5291        ,  4.676600000000000e+00,  4.928924239941990e+00,  5.028155339805825e-02
3486        ,  7.329999999999992e-02,  1.469027895775510e-01,  0.000000000000000e+00
5647        ,  3.195000000000000e+00,  3.109189180204929e+00,  3.114757281553398e-02
4386        ,  1.767900000000000e+00,  1.557939156488141e+00,  1.483663366336634e-02
4931        ,  7.595999999999998e-01,  1.008863611692786e+00,  9.063265306122448e-03
5559        ,  3.416700000000000e+00,  2.782061463450949e+00,  2.770792079207921e-02
4492        ,  1.135700000000000e+00,  1.126585388230217e+00,  1.030107526881720e-02
4690        ,  1.719900000000000e+00,  1.718016688937124e+00,  1.651980198019802e-02
3825        ,  1.613500000000001e+00,  1.570978389360055e+00,  1.497373737373737e-02
4563        ,  0.000000000000000e+00,  1.469027895775510e-01,  0.000000000000000e+00
4514        ,  3.202900000000000e+00,  3.087244570902215e+00,  3.091683168316832e-02
5780        ,  9.264000000000001e-01,  1.026420642815846e+00,  9.247872340425529e-03
4399        ,  4.730000000000034e-02,  1.469027895775510e-01,  0.000000000000000e+00
3479        ,  2.809000000000000e+00,  2.531869696558628e+00,  2.507722772277228e-02
3466        ,  8.565000000000000e-01,  9.942008730962832e-01,  8.909090909090910e-03
5826        ,  4.010000000000025e-02,  1.756283472611930e-01,  3.020408163265291e-04
5715        ,  3.863600000000000e+00,  4.417481551902434e+00,  4.490388349514563e-02
5763        ,  3.147600000000001e+00,  4.140743060925284e+00,  4.199405940594060e-02
4439        ,  0.000000000000000e+00,  1.469027895775510e-01,  0.000000000000000e+00
3440        ,  2.282500000000000e+00,  2.509458842015770e+00,  2.484158415841585e-02
3534        ,  0.000000000000000e+00,  5.921757761301493e-01,  4.681914893617023e-03
3574        ,  2.645500000000000e+00,  2.379231061205803e+00,  2.347227722772277e-02
3733        ,  0.000000000000000e+00,  1.469027895775510e-01,  0.000000000000000e+00
3089        ,  0.000000000000000e+00,  1.469027895775510e-01,  0.000000000000000e+00
5697        ,  1.888100000000000e+00,  1.403247952418592e+00,  1.321010101010101e-02
5590        ,  2.527500000000000e+00,  1.729598769226080e+00,  1.664158415841585e-02
4965        ,  2.943700000000000e+00,  2.677351924578438e+00,  2.660693069306931e-02
4770        ,  2.630999999999999e-01,  7.989956910429878e-01,  6.856565656565655e-03
3864        ,  2.564400000000000e+00,  2.493962130122322e+00,  2.467864077669903e-02
5202        ,  3.249999999999975e-02,  1.970490026837618e-01,  5.272727272727287e-04
4337        ,  0.000000000000000e+00,  1.469027895775510e-01,  0.000000000000000e+00
3700        ,  6.755000000000000e-01,  7.875638915034495e-01,  6.736363636363637e-03
5607        ,  9.406000000000001e-01,  6.017564681695469e-01,  4.782653061224491e-03
5492        ,  0.000000000000000e+00,  1.469027895775510e-01,  0.000000000000000e+00
4377        ,  4.062600000000000e+00,  4.696148104078527e+00,  4.783398058252427e-02
4948        ,  0.000000000000000e+00,  1.469027895775510e-01,  0.000000000000000e+00
5633        ,  4.619200000000000e+00,  4.279916350901516e+00,  4.345742574257425e-02
4041        ,  2.202900000000001e+00,  2.224012168049087e+00,  2.184019607843137e-02
4910        ,  0.000000000000000e+00,  1.469027895775510e-01,  0.000000000000000e+00
3649        ,  1.546300000000000e+00,  1.074316681983450e+00,  9.751485148514852e-03
3741        ,  4.134000000000000e+00,  3.947589542616768e+00,  3.996310679611650e-02
5199        ,  0.000000000000000e+00,  1.498684258365203e-01,  3.118279569892368e-05
3958        ,  3.969900000000000e+00,  3.706766948849373e+00,  3.743092783505154e-02
3537        ,  2.426400000000000e+00,  2.550514020926215e+00,  2.527326732673267e-02
3156        ,  1.755100000000000e+00,  1.043002168609607e+00,  9.422222222222221e-03
5109        ,  0.000000000000000e+00,  1.469027895775510e-01,  0.000000000000000e+00
3204        ,  3.863100000000000e+00,  3.166728065152414e+00,  3.175257731958763e-02
4783        ,  0.000000000000000e+00,  1.469027895775510e-01,  0.000000000000000e+00
3007        ,  1.782999999999997e-01,  1.967468862889689e+00,  1.914271844660194e-02
3276        ,  1.351600000000000e+00,  8.364643514475854e-01,  7.250537634408603e-03
5602        ,  1.740300000000000e+00,  1.474133860088380e+00,  1.395544554455446e-02
3430        ,  0.000000000000000e+00,  1.469027895775510e-01,  0.000000000000000e+00
5228        ,  8.589000000000000e-01,  1.009415872344827e+00,  9.069072164948460e-03
4312        ,  5.035999999999996e-01,  4.616905489757561e-01,  3.309900990099010e-03
4346        ,  2.214600000000000e+00,  1.190043321618627e+00,  1.096831683168317e-02
5274        ,  2.598400000000000e+00,  5.056346321453922e+00,  5.162135922330097e-02
4358        ,  3.600000000000003e-02,  1.469027895775510e-01,  0.000000000000000e+00
3788        ,  7.426000000000001e-01,  7.043793076199991e-01,  5.861702127659571e-03
3544        ,  0.000000000000000e+00,  1.469027895775510e-01,  0.000000000000000e+00
3583        ,  1.527200000000000e+00,  1.691999280500634e+00,  1.624623655913979e-02
3222        ,  0.000000000000000e+00,  1.469027895775510e-01,  0.000000000000000e+00
3620        ,  9.683000000000000e-01,  1.247499241233583e+00,  1.157244897959184e-02
3484        ,  1.768600000000000e+00,  2.200187884418095e+00,  2.158969072164948e-02
5246        ,  1.909999999999989e-02,  1.469027895775510e-01,  0.000000000000000e+00
4920        ,  3.948700000000000e+00,  3.579624228064409e+00,  3.609405940594059e-02
3226        ,  0.000000000000000e+00,  1.469027895775510e-01,  0.000000000000000e+00
4565        ,  1.903700000000000e+00,  2.144105415014562e+00,  2.100000000000000e-02
4215        ,  2.252700000000000e+00,  1.942058118003534e+00,  1.887553191489362e-02
4801        ,  3.595800000000000e+00,  3.431345442810095e+00,  3.453495145631068e-02
3224        ,  0.000000000000000e+00,  1.469027895775510e-01,  0.000000000000000e+00
5473        ,  0.000000000000000e+00,  1.469027895775510e-01,  0.000000000000000e+00
5120        ,  8.623000000000001e-01,  2.006448444660435e+00,  1.955257731958763e-02
3365        ,  8.793000000000000e-01,  1.197065869423352e+00,  1.104215686274510e-02
4647        ,  3.913400000000000e+00,  3.656088447447806e+00,  3.689805825242719e-02
3663        ,  0.000000000000000e+00,  1.469027895775510e-01,  0.000000000000000e+00
3532        ,  2.109100000000000e+00,  2.187610842012430e+00,  2.145744680851063e-02
3492        ,  0.000000000000000e+00,  1.469027895775510e-01,  0.000000000000000e+00
4570        ,  0.000000000000000e+00,  1.469027895775510e-01,  0.000000000000000e+00
4007        ,  2.537700000000000e+00,  2.157759086899916e+00,  2.114356435643564e-02
5635        ,  2.510199999999999e+00,  2.311998497577231e+00,  2.276534653465347e-02
4531        ,  8.411000000000000e-01,  9.098864069422131e-01,  8.022549019607842e-03
5843        ,  9.450000000000003e-02,  9.802713694556690e-01,  8.762626262626262e-03
3809        ,  4.851000000000000e+00,  4.475436740129885e+00,  4.551326530612245e-02
4679        ,  0.000000000000000e+00,  9.612141224270150e-01,  8.562244897959186e-03
2989        ,  0.000000000000000e+00,  1.469027895775510e-01,  0.000000000000000e+00
3754        ,  7.879000000000000e-01,  8.693117469999571e-01,  7.595918367346940e-03
3524        ,  1.959900000000000e+00,  1.821140984568342e+00,  1.760412371134020e-02
4587        ,  0.000000000000000e+00,  1.469027895775510e-01,  0.000000000000000e+00
4161        ,  5.473999999999997e-01,  6.820393595154604e-01,  5.626804123711343e-03
3051        ,  3.296900000000000e+00,  3.578064523946617e+00,  3.607765957446808e-02
3218        ,  0.000000000000000e+00,  1.469027895775510e-01,  0.000000000000000e+00
5134        ,  2.371200000000000e+00,  2.163220555654058e+00,  2.120099009900990e-02
4246        ,  3.542900000000000e+00,  3.370581803336914e+00,  3.389603960396040e-02
4881        ,  3.677999999999999e-01,  1.469027895775510e-01,  0.000000000000000e+00
4741        ,  0.000000000000000e+00,  1.469027895775510e-01,  0.000000000000000e+00
4233        ,  3.497600000000000e+00,  3.311635606093935e+00,  3.327623762376238e-02
5535        ,  1.533700000000000e+00,  1.457714016042047e+00,  1.378279569892473e-02
3613        ,  5.574700000000000e+00,  5.319102026258559e+00,  5.438415841584159e-02
3719        ,  0.000000000000000e+00,  1.469027895775510e-01,  0.000000000000000e+00
3520        ,  8.754999999999997e-01,  1.022992645804837e+00,  9.211827956989252e-03
4251        ,  0.000000000000000e+00,  1.469027895775510e-01,  0.000000000000000e+00
4237        ,  0.000000000000000e+00,  1.469027895775510e-01,  0.000000000000000e+00
3686        ,  1.206600000000000e+00,  1.083445761938562e+00,  9.847474747474747e-03
5157        ,  4.291200000000000e+00,  4.264468869020189e+00,  4.329499999999999e-02
5253        ,  4.834600000000000e+00,  4.673707080726014e+00,  4.759801980198020e-02
5551        ,  0.000000000000000e+00,  1.469027895775510e-01,  0.000000000000000e+00
3368        ,  0.000000000000000e+00,  1.469027895775510e-01,  0.000000000000000e+00
4533        ,  1.544200000000000e+00,  1.412080275450804e+00,  1.330297029702970e-02
5696        ,  0.000000000000000e+00,  1.469027895775510e-01,  0.000000000000000e+00
4042        ,  1.349900000000000e+00,  1.589158282262688e+00,  1.516489361702128e-02
3097        ,  9.430000000000005e-02,  1.469027895775510e-01,  0.000000000000000e+00
5025        ,  2.353300000000000e+00,  2.212916597907771e+00,  2.172352941176471e-02
4693        ,  4.030700000000000e+00,  3.817674420379603e+00,  3.859708737864077e-02
3343        ,  0.000000000000000e+00,  1.469027895775510e-01,  0.000000000000000e+00
4703        ,  0.000000000000000e+00,  1.469027895775510e-01,  0.000000000000000e+00
4225        ,  6.553999999999998e-01,  3.680722393853172e-01,  2.325531914893616e-03
5016        ,  3.666500000000000e+00,  2.931554665649828e+00,  2.927979797979798e-02
3988        ,  1.247000000000000e+00,  1.280187992669443e+00,  1.191616161616162e-02
3134        ,  0.000000000000000e+00,  1.469027895775510e-01,  0.000000000000000e+00
5800        ,  5.573999999999995e-01,  6.842934334782071e-01,  5.650505050505051e-03
4939        ,  0.000000000000000e+00,  1.469027895775510e-01,  0.000000000000000e+00
4466        ,  0.000000000000000e+00,  1.469027895775510e-01,  0.000000000000000e+00
3987        ,  6.479999999999997e-02,  1.469027895775510e-01,  0.000000000000000e+00
5532        ,  0.000000000000000e+00,  1.309776179712954e+00,  1.222727272727273e-02
4730        ,  1.903900000000000e+00,  2.086334254977859e+00,  2.039255319148936e-02
5654        ,  5.839999999999979e-02,  1.469027895775510e-01,  0.000000000000000e+00
3449        ,  5.802000000000000e-01,  6.748300169014011e-01,  5.551000000000001e-03
5471        ,  2.481200000000000e+00,  1.989583514574103e+00,  1.937524752475248e-02
3593        ,  0.000000000000000e+00,  1.469027895775510e-01,  0.000000000000000e+00
2988        ,  1.057200000000000e+00,  1.148842890879614e+00,  1.053510638297872e-02
2993        ,  0.000000000000000e+00,  1.469027895775510e-01,  0.000000000000000e+00
3510        ,  2.562800000000000e+00,  1.330678911545258e+00,  1.244705882352941e-02
5846        ,  0.000000000000000e+00,  1.469027895775510e-01,  0.000000000000000e+00
4243        ,  2.519600000000000e+00,  2.224709160765344e+00,  2.184752475247525e-02
3029        ,  0.000000000000000e+00,  1.469027895775510e-01,  0.000000000000000e+00
5735        ,  0.000000000000000e+00,  1.469027895775510e-01,  0.000000000000000e+00
4374        ,  4.502000000000002e-01,  1.469027895775510e-01,  0.000000000000000e+00
4023        ,  0.000000000000000e+00,  2.428219722849499e+00,  2.398737864077670e-02
4167        ,  1.737100000000000e+00,  1.599276825161732e+00,  1.527128712871287e-02
4577        ,  1.650400000000000e+00,  8.296276463949436e-01,  7.178651685393259e-03
4336        ,  0.000000000000000e+00,  1.469027895775510e-01,  0.000000000000000e+00
3421        ,  8.106000000000000e-01,  1.469027895775510e-01,  0.000000000000000e+00
3025        ,  0.000000000000000e+00,  1.469027895775510e-01,  0.000000000000000e+00
3551        ,  1.471900000000000e+00,  1.374540201118877e+00,  1.290824742268041e-02
3960        ,  2.898200000000000e+00,  2.333938535848179e+00,  2.299603960396039e-02
3082        ,  3.936999999999999e-01,  1.469027895775510e-01,  0.000000000000000e+00
4655        ,  5.565700000000001e+00,  5.231363749486388e+00,  5.346161616161616e-02
3194        ,  0.000000000000000e+00,  1.469027895775510e-01,  0.000000000000000e+00
3110        ,  0.000000000000000e+00,  1.469027895775510e-01,  0.000000000000000e+00
4220        ,  1.188700000000000e+00,  1.263511798726154e+00,  1.174081632653061e-02
5311        ,  0.000000000000000e+00,  1.469027895775510e-01,  0.000000000000000e+00
3063        ,  4.020500000000000e+00,  3.919553576382542e+00,  3.966831683168317e-02
5337        ,  8.550000000000000e-01,  9.837287487195989e-01,  8.798979591836733e-03
3836        ,  2.259999999999995e-02,  2.272250690788222e-01,  8.445652173913055e-04
4382        ,  1.551700000000000e+00,  1.538382390185594e+00,  1.463100000000000e-02
4238        ,  5.243000000000000e+00,  5.102421407449902e+00,  5.210582524271844e-02
3861        ,  4.192900000000000e+00,  4.500635019172350e+00,  4.577821782178219e-02
4024        ,  4.102000000000000e+00,  4.060327641683265e+00,  4.114851485148514e-02
5374        ,  2.020000000000000e+00,  1.864158059737606e+00,  1.805643564356435e-02
5165        ,  7.931000000000000e-01,  6.172584803507604e-01,  4.945652173913045e-03
3090        ,  0.000000000000000e+00,  1.469027895775510e-01,  0.000000000000000e+00
3143        ,  0.000000000000000e+00,  6.009780369413460e-01,  4.774468085106386e-03
4069        ,  2.483500000000000e+00,  2.395238814450702e+00,  2.364059405940594e-02
3460        ,  0.000000000000000e+00,  1.469027895775510e-01,  0.000000000000000e+00
3588        ,  0.000000000000000e+00,  1.469027895775510e-01,  0.000000000000000e+00
3830        ,  6.069000000000000e-01,  6.507625977327205e-01,  5.297938144329897e-03
4264        ,  0.000000000000000e+00,  1.469027895775510e-01,  0.000000000000000e+00
3291        ,  2.689400000000000e+00,  2.265718259785347e+00,  2.227872340425532e-02
5103        ,  3.941999999999997e-01,  1.505751564984396e-01,  3.861386138614095e-05
4465        ,  9.755000000000003e-01,  8.256315271612369e-01,  7.136633663366337e-03
3330        ,  0.000000000000000e+00,  1.469027895775510e-01,  0.000000000000000e+00
4278        ,  7.349000000000001e-01,  1.469027895775510e-01,  0.000000000000000e+00
5136        ,  1.867100000000000e+00,  1.555466870192246e+00,  1.481063829787234e-02
4657        ,  7.240000000000002e-01,  5.470669388046046e-01,  4.207608695652176e-03
4739        ,  2.321700000000000e+00,  1.905589891665578e+00,  1.849207920792079e-02
3292        ,  0.000000000000000e+00,  1.469027895775510e-01,  0.000000000000000e+00
3219        ,  0.000000000000000e+00,  1.469027895775510e-01,  0.000000000000000e+00
4584        ,  0.000000000000000e+00,  1.469027895775510e-01,  0.000000000000000e+00
3126        ,  0.000000000000000e+00,  1.469027895775510e-01,  0.000000000000000e+00
5240        ,  1.568900000000000e+00,  1.101470539649517e+00,  1.003700000000000e-02
3168        ,  1.440000000000019e-02,  1.469027895775510e-01,  0.000000000000000e+00
3883        ,  6.357800000000000e+00,  6.386060376420097e+00,  6.560291262135921e-02
4390        ,  2.926900000000000e+00,  3.494029829831394e+00,  3.519405940594059e-02
3774        ,  7.475999999999998e-01,  8.219553556644140e-01,  7.097979797979799e-03
3268        ,  0.000000000000000e+00,  1.469027895775510e-01,  0.000000000000000e+00
3407        ,  2.927999999999997e-01,  1.469027895775510e-01,  0.000000000000000e+00
3723        ,  6.068800000000000e+00,  5.597181334751617e+00,  5.730808080808081e-02
3548        ,  0.000000000000000e+00,  1.469027895775510e-01,  0.000000000000000e+00
3151        ,  1.532600000000000e+00,  1.317408741997010e+00,  1.230752688172043e-02
5399        ,  1.045000000000000e+00,  6.792834066065686e-01,  5.597826086956528e-03
3161        ,  0.000000000000000e+00,  1.469027895775510e-01,  0.000000000000000e+00
3704        ,  2.006600000000000e+00,  2.496287635464722e+00,  2.470309278350516e-02
5516        ,  0.000000000000000e+00,  1.469027895775510e-01,  0.000000000000000e+00
4393        ,  0.000000000000000e+00,  1.469027895775510e-01,  0.000000000000000e+00
5554        ,  1.662000000000000e+00,  1.184557811182515e+00,  1.091063829787234e-02
3498        ,  3.940200000000000e+00,  3.607402388107026e+00,  3.638613861386138e-02
5336        ,  4.309000000000003e-01,  5.919183297857223e-01,  4.679207920792078e-03
5265        ,  0.000000000000000e+00,  1.469027895775510e-01,  0.000000000000000e+00
3630        ,  3.936000000000000e+00,  3.891265289194827e+00,  3.937087378640777e-02
5299        ,  3.388300000000000e+00,  2.597595648117092e+00,  2.576831683168317e-02
4838        ,  3.014200000000000e+00,  2.856544597666916e+00,  2.849108910891089e-02
3502        ,  0.000000000000000e+00,  1.469027895775510e-01,  0.000000000000000e+00
3188        ,  8.198000000000000e-01,  6.876567716511015e-01,  5.685869565217386e-03
5297        ,  1.494600000000000e+00,  1.582798255644924e+00,  1.509801980198020e-02
4176        ,  4.014700000000000e+00,  3.966702854843557e+00,  4.016407766990291e-02
3410        ,  2.838900000000000e+00,  2.541286021996802e+00,  2.517623762376237e-02
4925        ,  4.453400000000000e+00,  5.179336330565437e+00,  5.291456310679611e-02
3109        ,  0.000000000000000e+00,  1.469027895775510e-01,  0.000000000000000e+00
3146        ,  0.000000000000000e+00,  1.469027895775510e-01,  0.000000000000000e+00
4330        ,  2.371100000000000e+00,  2.304851321935823e+00,  2.269019607843137e-02
3038        ,  0.000000000000000e+00,  1.469027895775510e-01,  0.000000000000000e+00
4974        ,  1.457600000000000e+00,  1.310593781013599e+00,  1.223586956521739e-02
3726        ,  5.565000000000002e-01,  1.469027895775510e-01,  0.000000000000000e+00
3722        ,  0.000000000000000e+00,  1.469027895775510e-01,  0.000000000000000e+00
4407        ,  3.911400000000000e+00,  3.397366221073580e+00,  3.417766990291262e-02
5091        ,  3.107900000000000e+00,  3.504197632891918e+00,  3.530097087378641e-02
4902        ,  1.785500000000000e+00,  1.344439994638310e+00,  1.259175257731959e-02
4733        ,  4.222000000000001e-01,  5.555436787262312e-01,  4.296739130434780e-03
3133        ,  0.000000000000000e+00,  1.469027895775510e-01,  0.000000000000000e+00
5543        ,  4.231000000000000e-01,  8.412753235577383e-01,  7.301123595505618e-03
3130        ,  0.000000000000000e+00,  1.469027895775510e-01,  0.000000000000000e+00
3738        ,  1.802400000000000e+00,  1.731006209358062e+00,  1.665638297872340e-02
4181        ,  1.362600000000000e+00,  1.389299855447200e+00,  1.306344086021505e-02
5279        ,  2.576100000000000e+00,  2.577727201442542e+00,  2.555940594059406e-02
5335        ,  4.263500000000000e+00,  4.813044013639472e+00,  4.906310679611650e-02
4104        ,  3.053999999999999e+00,  3.211910709283165e+00,  3.222765957446808e-02
5601        ,  8.203000000000000e-01,  1.203143427705494e+00,  1.110606060606061e-02
5918        ,  0.000000000000000e+00,  1.469027895775510e-01,  0.000000000000000e+00
3657        ,  7.258000000000000e-01,  7.705751460039049e-01,  6.557731958762886e-03
5456        ,  0.000000000000000e+00,  1.469027895775510e-01,  0.000000000000000e+00
4630        ,  2.287500000000000e+00,  1.636942126914433e+00,  1.566732673267327e-02
3167        ,  0.000000000000000e+00,  1.469027895775510e-01,  0.000000000000000e+00
4037        ,  1.423100000000000e+00,  1.191173280671208e+00,  1.098019801980198e-02
5777        ,  6.503000000000001e-01,  7.859494022356036e-01,  6.719387755102042e-03
4496        ,  1.123700000000000e+00,  5.017099320880017e-01,  3.730693069306931e-03
3093        ,  0.000000000000000e+00,  1.469027895775510e-01,  0.000000000000000e+00
3461        ,  1.653900000000000e+00,  1.662427134762107e+00,  1.593529411764706e-02
3395        ,  2.411100000000000e+00,  2.320473190471589e+00,  2.285445544554456e-02
3363        ,  3.151200000000000e+00,  2.645995560869313e+00,  2.627722772277228e-02
3191        ,  0.000000000000000e+00,  1.469027895775510e-01,  0.000000000000000e+00
5053        ,  0.000000000000000e+00,  1.469027895775510e-01,  0.000000000000000e+00
3411        ,  0.000000000000000e+00,  1.469027895775510e-01,  0.000000000000000e+00
5766        ,  2.967000000000000e+00,  2.589403444985879e+00,  2.568217821782178e-02
3728        ,  0.000000000000000e+00,  1.469027895775510e-01,  0.000000000000000e+00
4241        ,  2.871100000000000e+00,  2.511098390445005e+00,  2.485882352941177e-02
3419        ,  4.336800000000000e+00,  3.903172862796759e+00,  3.949607843137255e-02
3998        ,  5.336600000000000e+00,  4.859974362764912e+00,  4.955656565656566e-02
3631        ,  3.243400000000000e+00,  3.343556949329351e+00,  3.361188118811882e-02
5095        ,  9.836999999999998e-01,  6.760317968361880e-01,  5.563636363636365e-03
3928        ,  1.122600000000000e+00,  1.265355668982874e+00,  1.176020408163265e-02
4307        ,  0.000000000000000e+00,  1.469027895775510e-01,  0.000000000000000e+00
3745        ,  2.101100000000000e+00,  1.246744788378118e+00,  1.156451612903226e-02
4270        ,  7.806999999999999e-01,  9.406048607613589e-01,  8.345544554455443e-03
5623        ,  3.708000000000000e+00,  4.101665310356855e+00,  4.158316831683168e-02
3230        ,  0.000000000000000e+00,  1.469027895775510e-01,  0.000000000000000e+00
3801        ,  0.000000000000000e+00,  1.469027895775510e-01,  0.000000000000000e+00
4963        ,  4.657000000000000e+00,  5.030400230943159e+00,  5.134854368932039e-02
4299        ,  3.159100000000000e+00,  2.504562352787918e+00,  2.479009900990099e-02
4285        ,  0.000000000000000e+00,  1.469027895775510e-01,  0.000000000000000e+00
3873        ,  3.645000000000000e+00,  3.567169994914480e+00,  3.596310679611650e-02
3285        ,  0.000000000000000e+00,  1.469027895775510e-01,  0.000000000000000e+00
5770        ,  1.462100000000000e+00,  1.056469740067862e+00,  9.563829787234043e-03
4228        ,  0.000000000000000e+00,  1.469027895775510e-01,  0.000000000000000e+00
5070        ,  2.822200000000000e+00,  2.462565541333656e+00,  2.434851485148515e-02
4947        ,  8.538999999999999e-01,  9.176445587754082e-01,  8.104123711340208e-03
5131        ,  2.770000000000028e-02,  1.811782141725096e-01,  3.603960396039604e-04
4434        ,  1.092800000000000e+00,  6.346416753693813e-01,  5.128431372549020e-03
5901        ,  2.864800000000001e+00,  4.022474013421800e+00,  4.075049504950495e-02
2996        ,  0.000000000000000e+00,  1.469027895775510e-01,  0.000000000000000e+00
5415        ,  1.726200000000000e+00,  1.700002889106230e+00,  1.633039215686274e-02
4165        ,  0.000000000000000e+00,  1.469027895775510e-01,  0.000000000000000e+00
4710        ,  0.000000000000000e+00,  1.469027895775510e-01,  0.000000000000000e+00
4802        ,  0.000000000000000e+00,  1.469027895775510e-01,  0.000000000000000e+00
5102        ,  3.760100000000000e+00,  3.717998053547558e+00,  3.754901960784314e-02
5019        ,  1.267900000000000e+00,  1.370393536935212e+00,  1.286464646464647e-02
3426        ,  3.814500000000001e+00,  3.733204495961050e+00,  3.770891089108910e-02
3607        ,  1.498500000000000e+00,  1.422472824016039e+00,  1.341224489795918e-02
5248        ,  3.171000000000000e+00,  2.909652673138226e+00,  2.904950495049505e-02
3227        ,  0.000000000000000e+00,  2.922918560797285e-01,  1.528723404255319e-03
3841        ,  1.915000000000000e+00,  1.634211392537362e+00,  1.563861386138614e-02
5075        ,  0.000000000000000e+00,  1.469027895775510e-01,  0.000000000000000e+00
4794        ,  8.492000000000002e-01,  1.869756929975183e+00,  1.811530612244898e-02
5039        ,  8.927999999999998e-01,  1.469027895775510e-01,  0.000000000000000e+00
3717        ,  1.106800000000000e+00,  1.307476548895072e+00,  1.220309278350515e-02
4893        ,  2.208000000000006e-01,  2.783546926944801e-01,  1.382178217821782e-03
4738        ,  4.309900000000000e+00,  3.750153881749766e+00,  3.788712871287129e-02
5429        ,  3.010400000000000e+00,  2.743925345426338e+00,  2.730693069306931e-02
5431        ,  0.000000000000000e+00,  1.469027895775510e-01,  0.000000000000000e+00
3345        ,  1.220300000000000e+00,  1.469027895775510e-01,  0.000000000000000e+00
3120        ,  0.000000000000000e+00,  1.469027895775510e-01,  0.000000000000000e+00
3238        ,  0.000000000000000e+00,  1.469027895775510e-01,  0.000000000000000e+00
4172        ,  2.572000000000000e+00,  1.827976770873961e+00,  1.767599999999999e-02
5121        ,  2.568900000000000e+00,  2.710818652988706e+00,  2.695882352941176e-02
4808        ,  8.830000000000001e-01,  7.034197730710589e-01,  5.851612903225802e-03
4444        ,  9.563000000000001e-01,  3.421234660731606e-01,  2.052688172043011e-03
3211        ,  1.219999999999999e-02,  1.469027895775510e-01,  0.000000000000000e+00
4993        ,  7.869999999999999e-01,  7.609294867183798e-01,  6.456310679611651e-03
3662        ,  2.304500000000000e+00,  2.364918246539776e+00,  2.332178217821782e-02
4731        ,  1.348900000000000e+00,  1.267257190211665e+00,  1.178019801980198e-02
3814        ,  2.086700000000000e+00,  1.901070055455255e+00,  1.844455445544555e-02
5174        ,  1.404900000000000e+00,  1.330440733901822e+00,  1.244455445544554e-02
3810        ,  2.148500000000000e+00,  2.266122961431838e+00,  2.228297872340425e-02
3573        ,  2.447999999999999e-01,  6.526786722806729e-01,  5.318085106382982e-03
3627        ,  2.072800000000000e+00,  1.687798050322178e+00,  1.620206185567009e-02
2981        ,  2.159200000000000e+00,  1.450885894214068e+00,  1.371100000000000e-02
3590        ,  1.610000000000000e+00,  1.636061244857314e+00,  1.565806451612903e-02
3765        ,  2.134000000000000e+00,  2.010766442234063e+00,  1.959797979797980e-02
3086        ,  1.589400000000000e+00,  1.433643660704226e+00,  1.352970297029703e-02
4089        ,  4.025900000000000e+00,  4.071844176961818e+00,  4.126960784313725e-02
5467        ,  0.000000000000000e+00,  1.247994794270104e+00,  1.157765957446808e-02
4547        ,  3.463000000000000e+00,  2.274018690554894e+00,  2.236600000000000e-02
3277        ,  1.579500000000000e+00,  1.700855936694423e+00,  1.633936170212766e-02
3729        ,  9.948000000000000e-01,  6.735977883664523e-01,  5.538043478260870e-03
3200        ,  0.000000000000000e+00,  1.233358418634233e+00,  1.142376237623762e-02
4602        ,  3.186700000000000e+00,  3.045436085956716e+00,  3.047722772277228e-02
3857        ,  2.970300000000000e+00,  3.010918527279062e+00,  3.011428571428571e-02
4247        ,  1.700000000000035e-03,  8.935251750808814e-01,  7.850515463917525e-03
3141        ,  3.993400000000000e+00,  3.785841755160451e+00,  3.826237623762376e-02
5779        ,  0.000000000000000e+00,  1.469027895775510e-01,  0.000000000000000e+00
3289        ,  0.000000000000000e+00,  1.469027895775510e-01,  0.000000000000000e+00
4669        ,  0.000000000000000e+00,  1.469027895775510e-01,  0.000000000000000e+00
3672        ,  0.000000000000000e+00,  1.469027895775510e-01,  0.000000000000000e+00
3103        ,  0.000000000000000e+00,  1.469027895775510e-01,  0.000000000000000e+00
4441        ,  4.190000000000000e+00,  4.090177393322280e+00,  4.146237623762376e-02
3209        ,  2.847000000000008e-01,  1.469027895775510e-01,  0.000000000000000e+00
3495        ,  1.237600000000000e+00,  4.710775116786941e-01,  3.408602150537634e-03
4701        ,  2.185200000000000e+00,  2.123145405954266e+00,  2.077961165048544e-02
3533        ,  0.000000000000000e+00,  1.469027895775510e-01,  0.000000000000000e+00
5819        ,  0.000000000000000e+00,  1.469027895775510e-01,  0.000000000000000e+00
4502        ,  7.188000000000000e+00,  6.491890588876740e+00,  6.671568627450980e-02
3595        ,  1.518500000000000e+00,  1.710019538261416e+00,  1.643571428571429e-02
3794        ,  0.000000000000000e+00,  1.616537516313130e-01,  1.551020408163253e-04
5645        ,  2.352200000000000e+00,  2.105498480718043e+00,  2.059405940594060e-02
3558        ,  0.000000000000000e+00,  1.469027895775510e-01,  0.000000000000000e+00
3681        ,  1.421999999999999e-01,  1.469027895775510e-01,  0.000000000000000e+00
3267        ,  2.079300000000000e+00,  8.997490274639134e-01,  7.915957446808506e-03
3032        ,  1.967300000000000e+00,  1.469027895775510e-01,  0.000000000000000e+00
3827        ,  1.014500000000000e+00,  1.081356826522789e+00,  9.825510204081636e-03
4700        ,  7.430000000000003e-02,  1.469027895775510e-01,  0.000000000000000e+00
5556        ,  1.465900000000000e+00,  1.534104715540329e+00,  1.458602150537634e-02
5555        ,  0.000000000000000e+00,  1.469027895775510e-01,  0.000000000000000e+00
3273        ,  3.100000000000014e-02,  1.469027895775510e-01,  0.000000000000000e+00
4814        ,  2.224100000000000e+00,  2.218250292879838e+00,  2.177961165048543e-02
4123        ,  0.000000000000000e+00,  1.469027895775510e-01,  0.000000000000000e+00
3278        ,  1.245800000000000e+00,  9.639867105832715e-01,  8.591397849462366e-03
3829        ,  0.000000000000000e+00,  1.469027895775510e-01,  0.000000000000000e+00
5245        ,  1.697300000000000e+00,  1.853517611992468e+00,  1.794455445544554e-02
4792        ,  3.406700000000000e+00,  2.671984619078678e+00,  2.655049504950495e-02
3789        ,  4.554000000000000e+00,  4.215914592525227e+00,  4.278446601941748e-02
3112        ,  0.000000000000000e+00,  1.469027895775510e-01,  0.000000000000000e+00
5317        ,  4.574800000000001e+00,  4.251975545237694e+00,  4.316363636363636e-02
4326        ,  3.563700000000000e+00,  4.189821139337851e+00,  4.251010101010101e-02
4136        ,  0.000000000000000e+00,  1.469027895775510e-01,  0.000000000000000e+00
4528        ,  4.040300000000000e+00,  3.860324889376419e+00,  3.904554455445545e-02
4287        ,  1.774800000000000e+00,  1.779693620557173e+00,  1.716831683168317e-02
3348        ,  0.000000000000000e+00,  1.469027895775510e-01,  0.000000000000000e+00
3210        ,  7.141999999999999e-01,  7.860485350451046e-01,  6.720430107526882e-03
4950        ,  1.466200000000001e+00,  9.964436706097396e-01,  8.932673267326734e-03
5269        ,  0.000000000000000e+00,  1.469027895775510e-01,  0.000000000000000e+00
3295        ,  0.000000000000000e+00,  1.469027895775510e-01,  0.000000000000000e+00
3054        ,  2.297200000000000e+00,  1.399650725872412e+00,  1.317227722772277e-02
3046        ,  0.000000000000000e+00,  1.469027895775510e-01,  0.000000000000000e+00
4639        ,  4.481400000000000e+00,  4.715630755672018e+00,  4.803883495145631e-02
5526        ,  0.000000000000000e+00,  1.469027895775510e-01,  0.000000000000000e+00
5760        ,  2.773000000000000e+00,  2.929991936084685e+00,  2.926336633663366e-02
3779        ,  3.920900000000000e+00,  3.513050807216508e+00,  3.539405940594059e-02
3755        ,  1.748400000000000e+00,  1.495921489792958e+00,  1.418453608247423e-02
3024        ,  0.000000000000000e+00,  1.469027895775510e-01,  0.000000000000000e+00
4671        ,  1.044100000000000e+00,  8.670526807820111e-01,  7.572164948453610e-03
4846        ,  0.000000000000000e+00,  1.469027895775510e-01,  0.000000000000000e+00
4636        ,  3.054200000000000e+00,  2.491561424238764e+00,  2.465339805825243e-02
5348        ,  7.317000000000000e-01,  4.357321961754292e-01,  3.036956521739129e-03
3597        ,  2.477700000000000e+00,  2.181439141903431e+00,  2.139255319148936e-02
3812        ,  9.600000000000053e-03,  1.469027895775510e-01,  0.000000000000000e+00
4549        ,  4.942399999999999e+00,  4.953669977510974e+00,  5.054174757281554e-02
5480        ,  2.703000000000000e+00,  2.108888357875786e+00,  2.062970297029703e-02
4290        ,  4.068000000000001e-01,  5.271199864565939e-01,  3.997872340425541e-03
4253        ,  0.000000000000000e+00,  1.469027895775510e-01,  0.000000000000000e+00
5507        ,  2.815200000000000e+00,  3.190453262801825e+00,  3.200204081632653e-02
3734        ,  1.765000000000000e+00,  1.873488782217253e+00,  1.815454545454545e-02
3436        ,  6.292000000000000e-01,  2.299325616462808e-01,  8.730337078651696e-04
3114        ,  0.000000000000000e+00,  1.469027895775510e-01,  0.000000000000000e+00
3384        ,  0.000000000000000e+00,  1.469027895775510e-01,  0.000000000000000e+00
3643        ,  1.559600000000000e+00,  1.271062788120137e+00,  1.182021276595745e-02
5734        ,  1.483100000000000e+00,  1.667265700035604e+00,  1.598617021276596e-02
3284        ,  0.000000000000000e+00,  1.469027895775510e-01,  0.000000000000000e+00
3017        ,  0.000000000000000e+00,  1.469027895775510e-01,  0.000000000000000e+00
5474        ,  0.000000000000000e+00,  1.469027895775510e-01,  0.000000000000000e+00
4804        ,  4.575000000000000e-01,  4.752170002940202e-01,  3.452127659574468e-03
3561        ,  0.000000000000000e+00,  1.469027895775510e-01,  0.000000000000000e+00
4742        ,  2.144300000000000e+00,  1.623430175482643e+00,  1.552525252525253e-02
4617        ,  2.861800000000000e+00,  2.761251384232581e+00,  2.748910891089109e-02
4006        ,  0.000000000000000e+00,  3.876306431504502e-01,  2.531182795698923e-03
3091        ,  0.000000000000000e+00,  1.469027895775510e-01,  0.000000000000000e+00
5334        ,  2.209999999999979e-02,  1.469027895775510e-01,  0.000000000000000e+00
3448        ,  1.538000000000000e+00,  1.029946551515523e+00,  9.284946236559141e-03
5233        ,  6.469999999999976e-02,  1.469027895775510e-01,  0.000000000000000e+00
4598        ,  2.164400000000000e+00,  2.172446671318383e+00,  2.129800000000000e-02
5193        ,  3.476700000000000e+00,  3.356983860724561e+00,  3.375306122448980e-02
5683        ,  0.000000000000000e+00,  1.469027895775510e-01,  0.000000000000000e+00
3457        ,  2.942700000000000e+00,  2.794491013029341e+00,  2.783861386138614e-02
5907        ,  7.605000000000004e-01,  8.188517728457508e-01,  7.065346534653467e-03
4222        ,  2.760500000000000e+00,  2.502613542689880e+00,  2.476960784313725e-02
3600        ,  1.261000000000001e-01,  2.870624158648330e-01,  1.473737373737371e-03
5621        ,  2.851700000000000e+00,  3.113685030279492e+00,  3.119484536082474e-02
3042        ,  0.000000000000000e+00,  1.469027895775510e-01,  0.000000000000000e+00
4291        ,  4.773200000000000e+00,  4.419974592627668e+00,  4.493009708737864e-02
5502        ,  4.470800000000000e+00,  4.746193588266546e+00,  4.836019417475728e-02
4152        ,  0.000000000000000e+00,  1.469027895775510e-01,  0.000000000000000e+00
4856        ,  4.825800000000000e+00,  3.680661400016032e+00,  3.715643564356436e-02
5533        ,  0.000000000000000e+00,  1.469027895775510e-01,  0.000000000000000e+00
3906        ,  1.246300000000000e+00,  1.410672889175635e+00,  1.328817204301075e-02
5195        ,  2.369000000000003e-01,  2.921538896093339e-01,  1.527272727272730e-03
4210        ,  3.155900000000000e+00,  2.987368745754634e+00,  2.986666666666666e-02
4295        ,  1.103200000000000e+00,  1.098882032727108e+00,  1.000978260869566e-02
3736        ,  4.481999999999999e-01,  7.165094779382352e-01,  5.989247311827962e-03
4589        ,  1.158500000000000e+00,  1.337939735202905e+00,  1.252340425531915e-02
3639        ,  3.916900000000000e+00,  4.085260791554659e+00,  4.141067961165049e-02
4178        ,  2.596900000000000e+00,  2.163218727241352e+00,  2.120097087378641e-02
4347        ,  3.522500000000000e+00,  3.914827873449403e+00,  3.961862745098040e-02
5841        ,  3.369700000000000e+00,  3.253631041394775e+00,  3.266633663366337e-02
4279        ,  3.202400000000000e+00,  3.143930850040031e+00,  3.151287128712871e-02
3678        ,  5.503999999999998e-01,  3.603263369040763e-01,  2.244086021505375e-03
3612        ,  2.530999999999999e-01,  4.193733883055559e-01,  2.864948453608250e-03
3667        ,  2.740100000000000e+00,  2.631965235966433e+00,  2.612970297029703e-02
5665        ,  1.656300000000000e+00,  1.395130889662088e+00,  1.312475247524753e-02
5148        ,  0.000000000000000e+00,  1.469027895775510e-01,  0.000000000000000e+00
3800        ,  1.905300000000000e+00,  2.149973588888693e+00,  2.106170212765958e-02
4490        ,  2.250200000000000e+00,  1.710766118349729e+00,  1.644356435643565e-02
3316        ,  0.000000000000000e+00,  1.469027895775510e-01,  0.000000000000000e+00
5123        ,  5.819999999999992e-02,  9.428933971104999e-01,  8.369607843137254e-03
4048        ,  5.700300000000000e+00,  5.017104013741914e+00,  5.120873786407767e-02
4019        ,  1.387000000000000e-01,  1.469027895775510e-01,  0.000000000000000e+00
4708        ,  4.946400000000000e+00,  4.348561363345816e+00,  4.417920792079209e-02
4026        ,  2.560600000000000e+00,  2.548901360919133e+00,  2.525631067961165e-02
5747        ,  9.680999999999997e-01,  1.469027895775510e-01,  0.000000000000000e+00
3140        ,  0.000000000000000e+00,  1.469027895775510e-01,  0.000000000000000e+00
4546        ,  3.642200000000000e+00,  5.067888176663335e+00,  5.174271844660194e-02
5746        ,  1.736800000000000e+00,  2.404530924532033e+00,  2.373829787234043e-02
4331        ,  3.055899999999999e+00,  1.469027895775510e-01,  0.000000000000000e+00
3798        ,  1.146800000000000e+00,  1.296356641025873e+00,  1.208617021276596e-02
5186        ,  0.000000000000000e+00,  1.469027895775510e-01,  0.000000000000000e+00
5181        ,  0.000000000000000e+00,  1.469027895775510e-01,  0.000000000000000e+00
3006        ,  1.215300000000000e+00,  8.082864553567681e-01,  6.954255319148938e-03
3644        ,  5.740000000000003e-01,  6.799656807953821e-01,  5.605000000000002e-03
3465        ,  1.376900000000000e+00,  1.342681956971451e+00,  1.257326732673267e-02
3925        ,  4.481500000000000e+00,  4.616924809921109e+00,  4.700097087378641e-02
3059        ,  0.000000000000000e+00,  1.469027895775510e-01,  0.000000000000000e+00
3271        ,  0.000000000000000e+00,  1.469027895775510e-01,  0.000000000000000e+00
3966        ,  1.750200000000000e+00,  9.961274048966532e-01,  8.929347826086960e-03
4508        ,  4.478999999999997e-01,  1.469027895775510e-01,  0.000000000000000e+00
5065        ,  7.812999999999999e-01,  7.716759824004916e-01,  6.569306930693069e-03
3690        ,  2.423100000000000e+00,  2.250133239448418e+00,  2.211485148514852e-02
4214        ,  7.783000000000002e-01,  9.671103901538476e-01,  8.624242424242425e-03
5275        ,  0.000000000000000e+00,  1.469027895775510e-01,  0.000000000000000e+00
5366        ,  4.962000000000000e-01,  4.160293844945951e-01,  2.829787234042553e-03
3896        ,  5.040999999999999e+00,  4.525790321187575e+00,  4.604271844660194e-02
5671        ,  3.270300000000000e+00,  2.431751077921807e+00,  2.402450980392157e-02
4177        ,  2.914400000000000e+00,  2.817090194080961e+00,  2.807623762376237e-02
4213        ,  0.000000000000000e+00,  1.469027895775510e-01,  0.000000000000000e+00
4686        ,  5.896000000000001e-01,  2.039591214808056e+00,  1.990106382978724e-02
5490        ,  2.288300000000000e+00,  2.179112107436103e+00,  2.136808510638298e-02
4550        ,  0.000000000000000e+00,  1.469027895775510e-01,  0.000000000000000e+00
5822        ,  0.000000000000000e+00,  1.469027895775510e-01,  0.000000000000000e+00
3256        ,  1.546800000000000e+00,  5.598086600415441e-01,  4.341584158415840e-03
4855        ,  1.489400000000000e+00,  1.637623369234399e+00,  1.567448979591837e-02
5656        ,  2.185500000000000e+00,  2.225953257095964e+00,  2.186060606060606e-02
3424        ,  0.000000000000000e+00,  1.469027895775510e-01,  0.000000000000000e+00
5135        ,  1.470899999999999e+00,  1.469027895775510e-01,  0.000000000000000e+00
3550        ,  2.619400000000000e+00,  1.817641412073020e+00,  1.756732673267327e-02
5684        ,  4.439300000000000e+00,  5.483671968727269e+00,  5.611456310679613e-02
3012        ,  0.000000000000000e+00,  1.469027895775510e-01,  0.000000000000000e+00
3826        ,  3.180200000000001e+00,  3.208212644748131e+00,  3.218877551020408e-02
5577        ,  2.700600000000000e+00,  2.627420356337389e+00,  2.608191489361702e-02
5212        ,  0.000000000000000e+00,  1.469027895775510e-01,  0.000000000000000e+00
4913        ,  1.940700000000000e+00,  1.744760955469509e+00,  1.680101010101010e-02
4684        ,  0.000000000000000e+00,  1.469027895775510e-01,  0.000000000000000e+00
3362        ,  0.000000000000000e+00,  1.469027895775510e-01,  0.000000000000000e+00
3287        ,  5.146999999999995e-01,  4.964367898426235e-01,  3.675247524752475e-03
5906        ,  0.000000000000000e+00,  3.391844235443978e+00,  3.411960784313726e-02
3155        ,  0.000000000000000e+00,  1.469027895775510e-01,  0.000000000000000e+00
3834        ,  0.000000000000000e+00,  1.469027895775510e-01,  0.000000000000000e+00
4348        ,  2.519400000000000e+00,  2.011797734085752e+00,  1.960882352941177e-02
3022        ,  0.000000000000000e+00,  1.469027895775510e-01,  0.000000000000000e+00
4289        ,  4.016000000000002e-01,  3.123476275262935e-01,  1.739603960396039e-03
5286        ,  3.213700000000000e+00,  3.110538898331772e+00,  3.116176470588235e-02
5632        ,  2.338000000000005e-01,  1.469027895775510e-01,  0.000000000000000e+00
3698        ,  4.599200000000000e+00,  4.381028299555148e+00,  4.452058823529412e-02
3762        ,  3.050900000000000e+00,  3.055971070856947e+00,  3.058800000000000e-02
3353        ,  1.561700000000000e+00,  1.517295577782417e+00,  1.440927835051547e-02
4694        ,  2.325100000000000e+00,  3.035413641706355e+00,  3.037184466019418e-02
5479        ,  1.344900000000000e+00,  1.104790661938031e+00,  1.007191011235955e-02
4903        ,  1.562900000000000e+00,  1.932088763050181e+00,  1.877070707070707e-02
3144        ,  2.984600000000000e+00,  2.446746114597521e+00,  2.418217821782178e-02
4896        ,  0.000000000000000e+00,  1.469027895775510e-01,  0.000000000000000e+00
4874        ,  2.149500000000000e+00,  1.343058609988978e+00,  1.257722772277228e-02
3245        ,  0.000000000000000e+00,  1.469027895775510e-01,  0.000000000000000e+00
5437        ,  3.014500000000000e+00,  2.978577263080071e+00,  2.977422680412371e-02
5916        ,  9.017999999999997e-01,  1.052188317203738e+00,  9.518811881188121e-03
4408        ,  7.400000000000002e-01,  1.469027895775510e-01,  0.000000000000000e+00
3972        ,  9.501000000000001e-01,  6.275403901691515e-01,  5.053763440860217e-03
4236        ,  1.189800000000000e+00,  1.407955163993696e+00,  1.325959595959596e-02
3784        ,  2.679300000000000e+00,  2.565203488609768e+00,  2.542772277227723e-02
4437        ,  0.000000000000000e+00,  1.469027895775510e-01,  0.000000000000000e+00
3823        ,  1.302100000000000e+00,  1.393889737830396e+00,  1.311170212765957e-02
4080        ,  2.228600000000000e+00,  2.688532369761969e+00,  2.672448979591837e-02
5511        ,  1.303200000000000e+00,  1.434312411980243e+00,  1.353673469387755e-02
4409        ,  2.585300000000000e+00,  2.212656264204480e+00,  2.172079207920792e-02
4300        ,  4.141800000000000e+00,  3.799307100537042e+00,  3.840396039603960e-02
4498        ,  0.000000000000000e+00,  1.469027895775510e-01,  0.000000000000000e+00
3192        ,  1.573799999999999e+00,  1.726756842069898e+00,  1.661170212765958e-02
3601        ,  2.851500000000000e+00,  2.923319143912526e+00,  2.919320388349515e-02
3444        ,  2.131800000000000e+00,  2.179598166630085e+00,  2.137319587628866e-02
4129        ,  2.116100000000000e+00,  2.001071431608677e+00,  1.949603960396040e-02
4735        ,  0.000000000000000e+00,  1.469027895775510e-01,  0.000000000000000e+00
4482        ,  1.776600000000000e+00,  2.904944510419138e+00,  2.900000000000000e-02
4586        ,  1.556100000000000e+00,  1.852834690612204e+00,  1.793737373737373e-02
4861        ,  0.000000000000000e+00,  1.469027895775510e-01,  0.000000000000000e+00
4610        ,  1.037200000000000e+00,  1.021970012612088e+00,  9.201075268817206e-03
4383        ,  5.411300000000000e+00,  5.063086764896219e+00,  5.169223300970874e-02
2990        ,  0.000000000000000e+00,  1.469027895775510e-01,  0.000000000000000e+00
4891        ,  2.943400000000000e+00,  1.469027895775510e-01,  0.000000000000000e+00
3434        ,  0.000000000000000e+00,  1.469027895775510e-01,  0.000000000000000e+00
5178        ,  1.411000000000000e+00,  8.368734047246841e-01,  7.254838709677415e-03
5588        ,  0.000000000000000e+00,  1.469027895775510e-01,  0.000000000000000e+00
3720        ,  2.619999999999978e-02,  1.469027895775510e-01,  0.000000000000000e+00
4512        ,  7.999000000000001e-01,  4.914153901752857e-01,  3.622448979591832e-03
3501        ,  1.934100000000000e+00,  1.893160342087187e+00,  1.836138613861386e-02
3513        ,  2.600500000000000e+00,  2.382715101617928e+00,  2.350891089108911e-02
3239        ,  9.895999999999999e-01,  1.244940498923189e+00,  1.154554455445544e-02
3071        ,  0.000000000000000e+00,  1.469027895775510e-01,  0.000000000000000e+00
4506        ,  1.594500000000000e+00,  1.786146808692569e+00,  1.723617021276596e-02
3758        ,  0.000000000000000e+00,  1.469027895775510e-01,  0.000000000000000e+00
4810        ,  2.130700000000000e+00,  2.369827758345362e+00,  2.337340425531915e-02
4125        ,  1.822700000000000e+00,  1.607875733412934e+00,  1.536170212765958e-02
3651        ,  2.001500000000000e+00,  2.042966992251777e+00,  1.993655913978494e-02
3822        ,  1.651400000000000e+00,  1.160680414039499e+00,  1.065957446808510e-02
3521        ,  0.000000000000000e+00,  1.469027895775510e-01,  0.000000000000000e+00
3018        ,  0.000000000000000e+00,  1.930387772776160e-01,  4.851063829787267e-04
3040        ,  0.000000000000000e+00,  1.469027895775510e-01,  0.000000000000000e+00
4677        ,  0.000000000000000e+00,  1.676019877482861e+00,  1.607821782178218e-02
4495        ,  0.000000000000000e+00,  1.469027895775510e-01,  0.000000000000000e+00
5520        ,  0.000000000000000e+00,  1.469027895775510e-01,  0.000000000000000e+00
3661        ,  4.347600000000000e+00,  4.151557207877533e+00,  4.210776699029126e-02
4706        ,  3.862500000000000e+00,  3.969040734958553e+00,  4.018865979381443e-02
3870        ,  1.333400000000000e+00,  5.945549009084116e-01,  4.706930693069307e-03
4345        ,  1.651000000000000e+00,  1.405586854296601e+00,  1.323469387755102e-02
5042        ,  3.263400000000000e+00,  3.075850817122022e+00,  3.079702970297029e-02
3404        ,  2.820000000000000e-02,  1.469027895775510e-01,  0.000000000000000e+00
4400        ,  2.935200000000000e+00,  2.141981713656030e+00,  2.097766990291262e-02
3787        ,  0.000000000000000e+00,  1.469027895775510e-01,  0.000000000000000e+00
4790        ,  1.588000000000000e+00,  6.705932475838455e-01,  5.506451612903224e-03
4068        ,  6.594600000000000e+00,  5.761138167961583e+00,  5.903203883495146e-02
4203        ,  1.323500000000000e+00,  1.498884025284211e+00,  1.421568627450980e-02
5733        ,  3.228000000000000e-01,  4.944491263642606e-01,  3.654347826086955e-03
3015        ,  0.000000000000000e+00,  1.469027895775510e-01,  0.000000000000000e+00
3202        ,  0.000000000000000e+00,  1.469027895775510e-01,  0.000000000000000e+00
4717        ,  0.000000000000000e+00,  1.469027895775510e-01,  0.000000000000000e+00
5828        ,  3.484800000000000e+00,  2.896739382919677e+00,  2.891372549019608e-02
3304        ,  2.330000000000010e-02,  3.303721199863972e-01,  1.929126213592234e-03
4866        ,  4.522399999999999e+00,  4.072887922770168e+00,  4.128058252427184e-02
5817        ,  3.843800000000000e+00,  3.872900915128293e+00,  3.917777777777778e-02
4031        ,  3.750400000000000e+00,  3.765874574199752e+00,  3.805242718446601e-02
5409        ,  5.116999999999998e-01,  1.469027895775510e-01,  0.000000000000000e+00
5518        ,  0.000000000000000e+00,  1.469027895775510e-01,  0.000000000000000e+00
3828        ,  3.228500000000000e+00,  3.230655207325626e+00,  3.242475247524752e-02
5063        ,  0.000000000000000e+00,  1.469027895775510e-01,  0.000000000000000e+00
3767        ,  0.000000000000000e+00,  1.469027895775510e-01,  0.000000000000000e+00
3014        ,  1.998000000000002e-01,  1.469027895775510e-01,  0.000000000000000e+00
3899        ,  3.063600000000000e+00,  2.390059835459705e+00,  2.358613861386139e-02
4141        ,  3.190800000000000e+00,  3.419546695615427e+00,  3.441089108910891e-02
5266        ,  2.960300000000000e+00,  3.006640825151433e+00,  3.006930693069307e-02
4921        ,  3.986700000000000e+00,  3.530399002082606e+00,  3.557647058823529e-02
4786        ,  1.332600000000000e+00,  1.106995947099722e+00,  1.009509803921569e-02
4422        ,  4.267999999999996e-01,  6.665897905104540e-01,  5.464356435643567e-03
3709        ,  2.167100000000000e+00,  1.831229746190028e+00,  1.771020408163265e-02
3373        ,  0.000000000000000e+00,  1.469027895775510e-01,  0.000000000000000e+00
3043        ,  8.247000000000004e-01,  1.024692646924266e+00,  9.229702970297030e-03
4325        ,  2.300000000000000e-01,  4.546809171078351e+00,  4.626372549019608e-02
3757        ,  1.403600000000000e+00,  1.399278877102557e+00,  1.316836734693877e-02
5375        ,  2.877700000000000e+00,  2.732924700378031e+00,  2.719126213592233e-02
5835        ,  0.000000000000000e+00,  1.469027895775510e-01,  0.000000000000000e+00
4208        ,  9.359000000000002e-01,  6.885298287814025e-01,  5.695049504950495e-03
5614        ,  1.138500000000000e+00,  1.164713406189935e+00,  1.070198019801980e-02
4094        ,  1.604600000000000e+00,  1.303604206403023e+00,  1.216237623762377e-02
5417        ,  2.387700000000000e+00,  2.397498732555864e+00,  2.366435643564357e-02
5313        ,  3.138300000000000e+00,  3.078110735227184e+00,  3.082079207920792e-02
5560        ,  3.030600000000000e+00,  2.466426234763308e+00,  2.438910891089109e-02
4436        ,  1.310000000000011e-02,  1.469027895775510e-01,  0.000000000000000e+00
4778        ,  3.289100000000000e+00,  2.996565356932585e+00,  2.996336633663366e-02
4478        ,  0.000000000000000e+00,  1.469027895775510e-01,  0.000000000000000e+00
5362        ,  1.485500000000000e+00,  1.113206106043115e+00,  1.016039603960396e-02
4697        ,  9.560000000000013e-02,  1.469027895775510e-01,  0.000000000000000e+00
3244        ,  0.000000000000000e+00,  1.469027895775510e-01,  0.000000000000000e+00
5599        ,  1.938499999999999e+00,  1.999879344223309e+00,  1.948350515463918e-02
3817        ,  2.727700000000000e+00,  2.733755713953109e+00,  2.720000000000000e-02
5219        ,  2.218200000000000e+00,  1.989408210643074e+00,  1.937340425531915e-02
5330        ,  5.059900000000001e+00,  4.622613360363145e+00,  4.706078431372549e-02
3165        ,  1.235000000000000e+00,  1.620718412292637e+00,  1.549673913043478e-02
5497        ,  0.000000000000000e+00,  1.184205199846957e+00,  1.090693069306930e-02
5238        ,  2.869999999999995e-02,  1.469027895775510e-01,  0.000000000000000e+00
3079        ,  3.068500000000000e+00,  2.313410946392957e+00,  2.278019801980198e-02
3241        ,  3.769000000000000e-01,  7.858946338121369e-01,  6.718811881188122e-03
3656        ,  2.389100000000000e+00,  2.035535182712399e+00,  1.985841584158416e-02
3337        ,  0.000000000000000e+00,  1.469027895775510e-01,  0.000000000000000e+00
5704        ,  2.854299999999999e+00,  3.146040301089222e+00,  3.153505154639175e-02
5189        ,  6.053000000000002e-01,  5.137919513048604e-01,  3.857731958762885e-03
4912        ,  0.000000000000000e+00,  1.469027895775510e-01,  0.000000000000000e+00
5034        ,  2.416000000000000e-01,  1.469027895775510e-01,  0.000000000000000e+00
3732        ,  0.000000000000000e+00,  1.469027895775510e-01,  0.000000000000000e+00
3415        ,  1.425400000000000e+00,  1.555951717159099e-01,  9.139784946236746e-05
4663        ,  1.831000000000000e+00,  1.420920091168274e+00,  1.339591836734694e-02
4618        ,  9.976000000000003e-01,  1.162684339934225e+00,  1.068064516129032e-02
3569        ,  2.146999999999997e-01,  1.469027895775510e-01,  0.000000000000000e+00
5396        ,  3.100000000000103e-03,  1.469027895775510e-01,  0.000000000000000e+00
3433        ,  0.000000000000000e+00,  1.469027895775510e-01,  0.000000000000000e+00
3240        ,  1.162500000000000e+00,  1.232569194656787e+00,  1.141546391752578e-02
3761        ,  3.577100000000000e+00,  2.950632152177502e+00,  2.948039215686275e-02
5882        ,  0.000000000000000e+00,  1.469027895775510e-01,  0.000000000000000e+00
5695        ,  2.888000000000000e+00,  1.971880822750334e+00,  1.918910891089109e-02
3911        ,  1.346200000000000e+00,  1.646812528490405e+00,  1.577111111111111e-02
4721        ,  2.367300000000000e+00,  3.302847986828955e+00,  3.318383838383838e-02
5548        ,  0.000000000000000e+00,  1.469027895775510e-01,  0.000000000000000e+00
5293        ,  2.833800000000000e+00,  2.923873152962578e+00,  2.919902912621360e-02
3232        ,  9.213999999999998e-01,  9.093749992020608e-01,  8.017171717171716e-03
3655        ,  2.189700000000000e+00,  1.788074150197148e+00,  1.725643564356435e-02
4773        ,  2.457200000000000e+00,  2.133486908221902e+00,  2.088834951456311e-02
5682        ,  3.568200000000000e+00,  3.326822402033641e+00,  3.343592233009709e-02
4144        ,  7.689000000000000e-01,  4.405908153988010e-01,  3.088043478260870e-03
3749        ,  2.032700000000000e+00,  2.063569787362695e+00,  2.015319148936170e-02
5247        ,  0.000000000000000e+00,  1.469027895775510e-01,  0.000000000000000e+00
4033        ,  5.497999999999998e-01,  8.576662506417233e-01,  7.473469387755099e-03
4329        ,  2.076200000000000e+00,  1.632771079085135e+00,  1.562346938775510e-02
4845        ,  0.000000000000000e+00,  1.469027895775510e-01,  0.000000000000000e+00
3319        ,  9.309000000000001e-01,  3.544795427803212e-01,  2.182608695652175e-03
4634        ,  1.984300000000000e+00,  1.718299178700268e+00,  1.652277227722772e-02
3459        ,  2.935700000000000e+00,  2.692888861551427e+00,  2.677029702970297e-02
3485        ,  1.129800000000000e+00,  1.272342005948280e+00,  1.183366336633663e-02
5562        ,  3.304500000000000e+00,  3.224607732299071e+00,  3.236116504854369e-02
3652        ,  1.815100000000000e+00,  1.730399156888324e+00,  1.665000000000000e-02
5376        ,  2.012700000000000e+00,  2.044009875606758e+00,  1.994752475247525e-02
3326        ,  1.114300000000000e+00,  8.004959486618008e-01,  6.872340425531914e-03
4509        ,  2.598600000000000e+00,  1.330158244138677e+00,  1.244158415841584e-02
5728        ,  3.545400000000000e+00,  4.019795388806862e+00,  4.072233009708738e-02
5687        ,  3.023600000000000e+00,  2.854190516307373e+00,  2.846633663366337e-02
5262        ,  2.010999999999994e-01,  2.302811516103583e-01,  8.766990291262135e-04
3624        ,  1.820700000000000e+00,  1.677226879198118e+00,  1.609090909090909e-02
4558        ,  0.000000000000000e+00,  1.469027895775510e-01,  0.000000000000000e+00
3358        ,  0.000000000000000e+00,  1.469027895775510e-01,  0.000000000000000e+00
4098        ,  2.567200000000000e+00,  3.628757334311914e+00,  3.661067961165049e-02
2987        ,  0.000000000000000e+00,  1.469027895775510e-01,  0.000000000000000e+00
3182        ,  0.000000000000000e+00,  1.469027895775510e-01,  0.000000000000000e+00
4229        ,  6.249999999999996e-01,  3.854183129265351e-01,  2.507920792079209e-03
4769        ,  1.221900000000000e+00,  1.343302032018922e+00,  1.257978723404255e-02
5485        ,  6.596000000000002e-01,  6.872358121000536e-01,  5.681443298969076e-03
5538        ,  0.000000000000000e+00,  1.469027895775510e-01,  0.000000000000000e+00
3718        ,  0.000000000000000e+00,  1.469027895775510e-01,  0.000000000000000e+00
5220        ,  2.462000000000000e-01,  8.839656632507339e-01,  7.750000000000001e-03
4156        ,  3.097000000000000e+00,  3.087601837367369e+00,  3.092058823529412e-02
5595        ,  1.449800000000000e+00,  1.450422015275799e+00,  1.370612244897960e-02
4115        ,  3.576900000000000e+00,  2.386575795047579e+00,  2.354950495049504e-02
4242        ,  5.707000000000000e-01,  7.476142003650498e-01,  6.316304347826089e-03
4813        ,  4.401000000000000e+00,  3.427829257425086e+00,  3.449797979797980e-02
4070        ,  7.039999999999997e-01,  1.469027895775510e-01,  0.000000000000000e+00
5496        ,  2.170000000000000e+00,  2.354218582727450e+00,  2.320927835051546e-02
5626        ,  2.421200000000000e+00,  2.539955245391509e+00,  2.516224489795918e-02
4416        ,  8.491000000000000e-01,  1.032319870529188e+00,  9.309900990099011e-03
4109        ,  3.027700000000000e+00,  2.822269173071958e+00,  2.813069306930693e-02
3926        ,  7.533000000000000e-01,  7.153845814262112e-01,  5.977419354838703e-03
4193        ,  4.166600000000000e+00,  4.027643850349265e+00,  4.080485436893205e-02
5320        ,  0.000000000000000e+00,  1.469027895775510e-01,  0.000000000000000e+00
3838        ,  1.593100000000000e+00,  1.047465128433419e+00,  9.469148936170211e-03
5030        ,  2.814400000000000e+00,  2.663858238804897e+00,  2.646504854368932e-02
3875        ,  2.401300000000000e+00,  2.417837995502322e+00,  2.387821782178218e-02
5355        ,  1.801200000000000e+00,  1.204167809775889e+00,  1.111683168316831e-02
4324        ,  0.000000000000000e+00,  1.790482413583941e-01,  3.379999999999983e-04
5629        ,  8.353000000000002e-01,  9.101425908656849e-01,  8.025242718446603e-03
3148        ,  4.490000000000016e-02,  1.469027895775510e-01,  0.000000000000000e+00
4923        ,  2.503000000000000e+00,  3.846298221298951e+00,  3.889805825242719e-02
3941        ,  1.333200000000000e+00,  1.111812690225615e+00,  1.014574468085106e-02
5524        ,  0.000000000000000e+00,  1.469027895775510e-01,  0.000000000000000e+00
4304        ,  3.197500000000000e+00,  3.607119898343881e+00,  3.638316831683169e-02
4579        ,  0.000000000000000e+00,  1.469027895775510e-01,  0.000000000000000e+00
4652        ,  3.696700000000000e+00,  3.402973962844237e+00,  3.423663366336633e-02
4960        ,  0.000000000000000e+00,  1.469027895775510e-01,  0.000000000000000e+00
3638        ,  3.944000000000000e+00,  3.732818700879991e+00,  3.770485436893204e-02
4414        ,  0.000000000000000e+00,  1.469027895775510e-01,  0.000000000000000e+00
4596        ,  1.153000000000000e-01,  7.720718524087093e-01,  6.573469387755108e-03
3645        ,  0.000000000000000e+00,  1.469027895775510e-01,  0.000000000000000e+00
4365        ,  4.376200000000001e+00,  4.952192620044169e+00,  5.052621359223301e-02
5703        ,  3.516900000000001e+00,  3.151746400153716e+00,  3.159504950495049e-02
5482        ,  9.074999999999998e-01,  9.533730175979315e-01,  8.479797979797980e-03
4100        ,  0.000000000000000e+00,  1.469027895775510e-01,  0.000000000000000e+00
4040        ,  3.755400000000000e+00,  4.750995000033663e+00,  4.841067961165049e-02
4275        ,  3.135000000000000e+00,  2.217145968173401e+00,  2.176800000000000e-02
4197        ,  1.164100000000000e+00,  9.451246969716839e-01,  8.393069306930699e-03
4442        ,  8.890999999999998e-01,  7.026016665168608e-01,  5.843010752688173e-03
3659        ,  1.149999999999984e-02,  1.469027895775510e-01,  0.000000000000000e+00
3802        ,  3.640600000000001e+00,  3.526169631816975e+00,  3.553200000000000e-02
5067        ,  2.608600000000000e+00,  3.721092175987226e+00,  3.758155339805825e-02
4723        ,  8.354000000000004e-01,  1.023186034854158e+00,  9.213861386138613e-03
3324        ,  2.361700000000000e+00,  2.317216544301429e+00,  2.282021276595745e-02
3215        ,  2.198300000000000e+00,  1.867789926334029e+00,  1.809462365591398e-02
4918        ,  1.971800000000000e+00,  1.737481435701931e+00,  1.672446808510638e-02
3380        ,  3.602999999999998e-01,  7.716294070273566e-01,  6.568817204301075e-03
3617        ,  2.533399999999999e+00,  2.655612832633850e+00,  2.637835051546392e-02
3474        ,  3.947700000000000e+00,  3.599978709314606e+00,  3.630808080808081e-02
3677        ,  0.000000000000000e+00,  1.469027895775510e-01,  0.000000000000000e+00
3637        ,  3.929200000000000e+00,  3.597086483617281e+00,  3.627766990291262e-02
3997        ,  2.932200000000000e+00,  2.817226410827592e+00,  2.807766990291263e-02
5278        ,  1.021200000000000e+00,  1.469027895775510e-01,  0.000000000000000e+00
5105        ,  1.147400000000000e+00,  1.510890942064948e+00,  1.434193548387097e-02
5258        ,  3.733000000000000e-01,  8.924643978270610e-01,  7.839361702127654e-03
3833        ,  2.096400000000000e+00,  1.901070055455255e+00,  1.844455445544555e-02
3011        ,  0.000000000000000e+00,  1.469027895775510e-01,  0.000000000000000e+00
3790        ,  0.000000000000000e+00,  1.469027895775510e-01,  0.000000000000000e+00
3301        ,  1.573000000000000e+00,  1.469027895775510e-01,  0.000000000000000e+00
4357        ,  2.144500000000000e+00,  1.469027895775510e-01,  0.000000000000000e+00
3352        ,  2.475100000000000e+00,  2.111995745270384e+00,  2.066237623762376e-02
4411        ,  0.000000000000000e+00,  1.469027895775510e-01,  0.000000000000000e+00
5077        ,  1.153900000000000e+00,  1.268267043072433e+00,  1.179081632653061e-02
4616        ,  3.628800000000000e+00,  3.189792970769748e+00,  3.199509803921569e-02
3554        ,  3.720300000000000e+00,  3.425478980641477e+00,  3.447326732673268e-02
4259        ,  0.000000000000000e+00,  1.469027895775510e-01,  0.000000000000000e+00
3487        ,  0.000000000000000e+00,  1.469027895775510e-01,  0.000000000000000e+00
4917        ,  2.182400000000000e+00,  2.158626806351585e+00,  2.115268817204301e-02
5911        ,  1.002100000000000e+00,  1.708256049376865e+00,  1.641717171717172e-02
4870        ,  2.521100000000000e+00,  2.593039299624456e+00,  2.572040816326530e-02
3325        ,  6.866999999999999e-01,  2.071317219377466e+00,  2.023465346534653e-02
3261        ,  0.000000000000000e+00,  1.469027895775510e-01,  0.000000000000000e+00
4281        ,  2.025100000000000e+00,  1.737832111643187e+00,  1.672815533980582e-02
3654        ,  0.000000000000000e+00,  1.469027895775510e-01,  0.000000000000000e+00
4235        ,  2.754999999999999e-01,  3.820344461892844e-01,  2.472340425531917e-03
5206        ,  2.109000000000000e+00,  2.320294571514824e+00,  2.285257731958763e-02
3947        ,  5.163000000000002e-01,  5.202360908030316e-01,  3.925490196078431e-03
4924        ,  3.480100000000000e+00,  3.680280175966738e+00,  3.715242718446602e-02
4935        ,  3.557399999999999e+00,  3.565177553870094e+00,  3.594215686274510e-02
5144        ,  1.861700000000000e+00,  1.217246266998608e+00,  1.125434782608696e-02
3332        ,  0.000000000000000e+00,  1.469027895775510e-01,  0.000000000000000e+00
3816        ,  3.645000000000000e+00,  3.083289714218181e+00,  3.087524752475247e-02
5842        ,  5.800000000000005e-02,  1.469027895775510e-01,  0.000000000000000e+00
4664        ,  1.383200000000000e+00,  2.061131253462150e+00,  2.012755102040817e-02
3944        ,  1.181500000000000e+00,  1.991073006052506e+00,  1.939090909090909e-02
4389        ,  1.188300000000000e+00,  1.265091435360885e+00,  1.175742574257426e-02
3399        ,  0.000000000000000e+00,  1.469027895775510e-01,  0.000000000000000e+00
3008        ,  0.000000000000000e+00,  1.469027895775510e-01,  0.000000000000000e+00
3515        ,  0.000000000000000e+00,  1.469027895775510e-01,  0.000000000000000e+00
4016        ,  1.261500000000000e+00,  2.177136467140326e+00,  2.134731182795700e-02
3628        ,  1.788400000000000e+00,  1.676352992651588e+00,  1.608172043010753e-02
5619        ,  0.000000000000000e+00,  1.469027895775510e-01,  0.000000000000000e+00
3269        ,  0.000000000000000e+00,  1.469027895775510e-01,  0.000000000000000e+00
4525        ,  1.162800000000000e+00,  1.590383628914565e+00,  1.517777777777777e-02
3019        ,  3.700100000000000e+00,  2.550608184180596e+00,  2.527425742574257e-02
4112        ,  5.923999999999998e-01,  1.469027895775510e-01,  0.000000000000000e+00
5264        ,  0.000000000000000e+00,  1.469027895775510e-01,  0.000000000000000e+00
4500        ,  0.000000000000000e+00,  1.469027895775510e-01,  0.000000000000000e+00
5530        ,  0.000000000000000e+00,  1.758389573017143e-01,  3.042553191489357e-04
3940        ,  2.413200000000000e+00,  2.022728980116481e+00,  1.972376237623763e-02
5810        ,  1.667300000000000e+00,  1.832611344503495e+00,  1.772473118279570e-02
4207        ,  1.619500000000000e+00,  2.891949981314457e+00,  2.886336633663367e-02
3303        ,  0.000000000000000e+00,  1.469027895775510e-01,  0.000000000000000e+00
4836        ,  2.266100000000000e+00,  2.233123589176898e+00,  2.193600000000000e-02
4231        ,  3.127200000000000e+00,  3.171709010082649e+00,  3.180495049504951e-02
3819        ,  0.000000000000000e+00,  1.469027895775510e-01,  0.000000000000000e+00
5097        ,  1.196899999999999e+00,  1.261042415422470e+00,  1.171485148514852e-02
3763        ,  0.000000000000000e+00,  1.469027895775510e-01,  0.000000000000000e+00
4562        ,  2.138600000000000e+00,  2.153056463195793e+00,  2.109411764705883e-02
4323        ,  0.000000000000000e+00,  1.469027895775510e-01,  0.000000000000000e+00
3413        ,  1.719700000000000e+00,  1.398442631353429e+00,  1.315957446808511e-02
3021        ,  0.000000000000000e+00,  1.469027895775510e-01,  0.000000000000000e+00
5719        ,  2.343600000000000e+00,  1.906719850718159e+00,  1.850396039603960e-02
3743        ,  0.000000000000000e+00,  1.469027895775510e-01,  0.000000000000000e+00
5328        ,  0.000000000000000e+00,  1.469027895775510e-01,  0.000000000000000e+00
3455        ,  0.000000000000000e+00,  1.469027895775510e-01,  0.000000000000000e+00
4777        ,  1.779300000000000e+00,  1.847357932724453e+00,  1.787978723404255e-02
5702        ,  3.637999999999995e-01,  4.851778187598795e-01,  3.556862745098039e-03
3207        ,  0.000000000000000e+00,  1.469027895775510e-01,  0.000000000000000e+00
4597        ,  2.728600000000000e+00,  1.816564184442892e+00,  1.755600000000000e-02
5191        ,  2.255300000000000e+00,  2.264602383400845e+00,  2.226699029126214e-02
5883        ,  5.354999999999999e-01,  6.485043706204869e-01,  5.274193548387096e-03
3138        ,  0.000000000000000e+00,  1.469027895775510e-01,  0.000000000000000e+00
5478        ,  5.165000000000000e+00,  5.154036583946402e+00,  5.264854368932038e-02
3753        ,  0.000000000000000e+00,  1.469027895775510e-01,  0.000000000000000e+00
3195        ,  8.440000000000003e-02,  1.469027895775510e-01,  0.000000000000000e+00
5603        ,  1.377800000000001e+00,  1.608443950876189e+00,  1.536767676767677e-02
5198        ,  3.256600000000000e+00,  3.108431303138110e+00,  3.113960396039604e-02
