# FEAT_ID     Feature Postfix Expression (RPN)
0             14|6|div
1             2|10|div
2             24|0|mult
3             20|17|div
4             7|3|mult
5             5|24|div
6             26|1|mult
7             19|18|mult
8             24|1|mult
9             6|cbrt
10            22|19|mult
11            25|6|div
12            29|10|sub
13            27|inv
14            7|6|mult
15            5|sq
16            29|13|sub
17            28|7|mult
18            0|18|div
19            25|1|div
20            20|1|div
21            12|29|div
22            14|sqrt
23            29|6|div
24            29|1|mult
25            12|1|mult
26            14|26|div
27            10|sqrt
28            26|25|add
29            12|sq
30            25|cbrt
31            26|1|div
32            0|27|div
33            2|28|div
34            25|1|mult
35            7|20|div
36            20|1|mult
37            2|17|div
38            25|24|div
39            7|2|mult
40            15|4|mult
41            20|6|div
42            0|22|div
43            17|7|div
44            25|sqrt
45            26|14|add
46            14|1|div
47            0|11|div
48            26|6|div
49            29|26|add
50            26|cb
51            24|27|div
52            26|20|add
53            17|14|mult
54            22|sp
55            10|26|div
56            0|8|div
57            12|26|div
58            28|13|mult
59            26|10|add
60            0|25|div
61            28|18|div
62            26|12|div
63            0|12|div
64            14|1|mult
65            29|12|div
66            29|inv
67            25
68            10|2|mult
69            0|29|div
70            0|20|div
71            22|inv
72            0|14|div
73            4|1|mult
74            21|2|mult
75            1|sqrt
76            24|23|div
77            12|sin
78            0|6|div
79            25|5|mult
80            0|26|div
81            24|22|div
82            18|29|div
83            20|cbrt
84            21|sq
85            29|8|sub
86            13|1|mult
87            26|2|mult
88            23|7|div
89            1|cbrt
90            28|14|mult
91            8|1|mult
92            0|13|div
93            5|3|mult
94            20|24|div
95            13|2|mult
96            25|24|mult
97            26|10|sub
98            29|2|mult
99            20|sqrt
100           26|25|mult
101           4|3|mult
102           25|2|mult
103           14|2|mult
104           7|29|div
105           26|sp
106           0|10|div
107           7|25|div
108           14|28|div
109           20|2|mult
110           14|24|div
111           2|cbrt
112           28|10|mult
113           24|14|mult
114           7|26|div
115           14
116           24|8|div
117           27|sp
118           29|26|mult
119           29|24|div
120           12|4|mult
121           28|7|div
122           10|1|mult
123           26|20|mult
124           29|5|mult
125           21|6|mult
126           25|20|add
127           11|1|mult
128           11|2|mult
129           25|sq
130           2|24|div
131           18|1|mult
132           5|17|div
133           26|5|mult
134           8|2|mult
135           23|inv
136           25|14|add
137           14|10|add
138           17|0|mult
139           28|0|mult
140           20|14|add
141           20|5|mult
142           27|1|mult
143           8|inv
144           25|10|add
145           26|11|div
146           24|10|mult
147           5|28|div
148           20
149           14|17|div
150           22|2|mult
151           2
152           22|1|mult
153           16|4|mult
154           29|25|add
155           10
156           10|24|div
157           12|28|div
158           20|10|add
159           2|20|div
160           29|cbrt
161           12|nexp
162           29|14|add
163           10|28|div
164           27|2|mult
165           2|25|div
166           28|8|mult
167           29|sqrt
168           5|1|mult
169           24|2|mult
170           29|20|add
171           17|10|mult
172           2|sqrt
173           2|29|div
174           29|8|div
175           24|13|div
176           26|8|div
177           26|14|mult
178           19|14|mult
179           29|10|add
180           5|23|div
181           4|0|mult
182           20|11|div
183           25|cb
184           10|17|div
185           19|13|mult
186           21|19|mult
187           20|8|div
188           2|26|div
189           29
190           24|20|mult
191           25|8|div
192           24|12|mult
193           25|20|mult
194           4|23|div
195           12|24|div
196           18|2|mult
197           12
198           24|11|div
199           13|inv
200           26|12|mult
201           26|8|add
202           29|11|div
203           29|25|mult
204           24|12|div
205           26|10|mult
206           12|23|div
207           26|13|add
208           12|17|div
209           26|13|div
210           27|21|mult
211           29|14|mult
212           19|7|mult
213           14|12|mult
214           20|sq
215           11|inv
216           1|23|div
217           25|14|mult
218           29|20|mult
219           20|14|mult
220           29|13|div
221           12|inv
222           25|sp
223           29|sq
224           14|sq
225           20|13|div
226           19|10|mult
227           12|sqrt
228           17|2|mult
229           27|cbrt
230           27|24|mult
231           25|10|mult
232           25|11|div
233           26|11|add
234           14|cb
235           29|10|mult
236           0|cbrt
237           12|cbrt
238           29|12|mult
239           14|8|add
240           28|2|mult
241           12|log
242           20|10|mult
243           19|11|mult
244           29|24|mult
245           8|25|div
246           22|21|mult
247           27|sqrt
248           10|8|add
249           14|13|add
250           29|cb
251           20|12|mult
252           22|cbrt
253           29|sp
254           8|20|div
255           13|28|div
256           12|10|mult
257           8|29|div
258           10|5|mult
259           20|8|add
260           25|8|add
261           22|28|div
262           20|cb
263           0|sqrt
264           0|2|div
265           13|5|mult
266           7|inv
267           22|5|mult
268           14|10|mult
269           14|11|add
270           13|17|div
271           13|10|add
272           21|23|div
273           19|8|mult
274           25|13|add
275           8|cbrt
276           24|7|div
277           24|22|mult
278           14|5|mult
279           26|23|div
280           25|23|div
281           22|sqrt
282           7|23|div
283           20|13|add
284           29|23|div
285           18|5|mult
286           11|5|mult
287           8|26|div
288           8|28|div
289           12|8|mult
290           11|10|add
291           27|28|div
292           22|17|div
293           13|12|mult
294           8|sqrt
295           27|5|mult
296           25|12|mult
297           29|8|add
298           25|11|add
299           20|sp
300           8|17|div
301           11|20|div
302           8|5|mult
303           10|sq
304           20|11|add
305           10|cb
306           12|11|mult
307           26|22|add
308           25|13|div
309           11|26|div
310           21|1|mult
311           20|23|div
312           27
313           11|28|div
314           29|21|mult
315           27|17|div
316           29|13|add
317           26|21|mult
318           11|25|div
319           11|29|div
320           11|17|div
321           4|2|mult
322           22
323           14|8|mult
324           8|24|div
325           13|cbrt
326           14|13|mult
327           7|1|mult
328           26|8|mult
329           22|12|mult
330           8
331           27|26|add
332           22|24|div
333           14|11|mult
334           29|11|add
335           13|29|div
336           26|13|mult
337           13|sqrt
338           24|8|mult
339           13|20|div
340           11|cbrt
341           24|7|mult
342           27|22|add
343           27|24|div
344           19|4|mult
345           13|25|div
346           13|10|mult
347           21|28|div
348           10|8|mult
349           13|24|div
350           11|sqrt
351           10|23|div
352           8|cb
353           13|8|add
354           7
355           13|26|div
356           25|21|mult
357           29|8|mult
358           20|8|mult
359           26|18|add
360           25|8|mult
361           22|14|add
362           27|12|mult
363           11|8|add
364           11|10|mult
365           22|cb
366           7|24|div
367           22|sq
368           25|13|mult
369           12|5|mult
370           11|cb
371           26|11|mult
372           20|13|mult
373           22|14|mult
374           13
375           21|7|mult
376           13|cb
377           11|24|div
378           22|10|add
379           8|sq
380           26|22|mult
381           29|13|mult
382           21|20|mult
383           27|sq
384           22|23|div
385           12|7|mult
386           18|12|mult
387           18|17|div
388           21|12|mult
389           13|11|add
390           22|20|add
391           11
392           13|23|div
393           18|28|div
394           24|13|mult
395           14|23|div
396           25|11|mult
397           27|cb
398           22|10|mult
399           24|11|mult
400           25|22|add
401           20|11|mult
402           13|8|mult
403           27|22|mult
404           18|14|add
405           29|11|mult
406           11|8|mult
407           27|14|add
408           7|28|div
409           7|sqrt
410           7|cbrt
411           27|23|div
412           13|sq
413           19|5|mult
414           21|5|mult
415           18|10|add
416           29|22|add
417           27|14|mult
418           11|sq
419           13|11|mult
420           18|14|mult
421           21|17|div
422           27|10|add
423           27|26|mult
424           11|23|div
425           7|17|div
426           20|18|add
427           27|20|add
428           27|10|mult
429           18|23|div
430           27|7|mult
431           27|25|add
432           22|20|mult
433           7|4|mult
434           18|10|mult
435           29|22|mult
436           25|18|add
437           25|22|mult
438           7|5|mult
439           26|7|mult
440           8|23|div
441           25|7|mult
442           22|7|mult
443           21|18|mult
444           21|4|mult
445           29|7|mult
446           29|27|add
447           20|7|mult
448           14|7|mult
449           22|8|add
450           24|18|div
451           18|sp
452           22|8|mult
453           10|7|mult
454           22|13|add
455           27|20|mult
456           29|27|mult
457           29|18|add
458           27|25|mult
459           18|8|add
460           22|13|mult
461           13|7|mult
462           22|11|add
463           18|8|mult
464           11|7|mult
465           18|inv
466           21|14|mult
467           22|11|mult
468           26|18|mult
469           27|8|add
470           21|10|mult
471           27|8|mult
472           21|13|mult
473           18|13|add
474           27|13|add
475           18|11|add
476           18|13|mult
477           27|13|mult
478           21|11|mult
479           20|18|mult
480           18|11|mult
481           8|7|mult
482           18|7|mult
483           27|11|add
484           25|18|mult
485           22|18|add
486           21|8|mult
487           27|11|mult
488           21|7|add
489           29|18|mult
490           22|18|mult
491           18|24|div
492           18|cbrt
493           18|sqrt
494           27|18|add
495           18
496           27|18|mult
497           24|18|mult
498           18|cb
499           18|sq
#-----------------------------------------------------------------------
500           8|11|div
501           4|12|div
502           8|0|mult
503           17|0|div
504           22|0|div
505           23|4|mult
506           11|8|div
507           14|22|div
508           14|0|mult
509           29|22|div
510           27|12|div
511           22|13|div
512           21|3|mult
513           9|5|mult
514           19|1|div
515           22|20|div
516           27|0|div
517           21|sqrt
518           19|15|mult
519           14|13|abd
520           4|22|div
521           23|sq
522           6|15|div
523           21|4|div
524           22|0|mult
525           9|cb
526           13|0|mult
527           22|11|div
528           10|8|abd
529           26|20|abd
530           11|0|mult
531           3|2|mult
532           13|sp
533           18|20|div
534           13|10|div
535           18|14|sub
536           12|exp
537           25|18|sub
538           7|15|div
539           27|0|mult
540           18|26|div
541           9|0|div
542           22|10|div
543           5|cb
544           15|cb
545           11|12|div
546           29|22|sub
547           21|15|mult
548           26|19|mult
549           23|2|mult
550           11|sp
551           10|0|mult
552           20|19|mult
553           19|9|div
554           20|14|sub
555           1|6|div
556           25|21|div
557           6|0|mult
558           23|21|div
559           25|17|mult
560           18|14|div
561           26|20|sub
562           21|9|div
563           29|21|div
564           7|3|div
565           15|2|mult
566           12|10|div
567           21|24|div
568           20|18|div
569           18|10|abd
570           24|23|mult
571           3|5|div
572           12|0|mult
573           11|22|div
574           3|0|div
575           22|10|sub
576           20|17|mult
577           13|22|div
578           28|sp
579           21|15|div
580           26|18|div
581           23|7|mult
582           16|1|mult
583           21|3|div
584           28|26|mult
585           25|22|sub
586           27|10|div
587           19|9|mult
588           17|sp
589           25|19|mult
590           2|4|div
591           24|19|sub
592           15|3|div
593           29|19|mult
594           14|27|div
595           15|0|div
596           20|22|div
597           25|22|div
598           27|21|div
599           13|11|sub
600           29|27|div
601           9|3|mult
602           14|12|div
603           20|21|div
604           0|4|div
605           15|5|div
606           19|2|mult
607           24|exp
608           21
609           23
610           29|26|abd
611           26|8|sub
612           26|21|div
613           18|21|div
614           19|5|div
615           25|20|div
616           27|19|mult
617           16|3|div
618           3|15|div
619           3|2|div
620           19|exp
621           10|11|div
622           16|15|div
623           19|cos
624           9|sp
625           15|sp
626           22|14|div
627           2|9|div
628           20|13|sub
629           3|sp
630           20|25|div
631           27|22|sub
632           3|23|div
633           15|21|div
634           4|sq
635           12|11|div
636           3|6|div
637           19|0|div
638           27|22|abd
639           7|0|div
640           19|16|div
641           8|10|div
642           11|10|div
643           23|15|mult
644           27|10|sub
645           10|8|div
646           3|21|div
647           15|9|mult
648           24|21|mult
649           23|24|div
650           23|19|div
651           15|2|div
652           24|19|div
653           15|23|div
654           20|11|sub
655           19|2|div
656           27|11|sub
657           4|21|div
658           3|0|mult
659           4|6|div
660           23|sqrt
661           27|14|div
662           5|4|div
663           27|8|sub
664           2|sq
665           27|13|sub
666           19|sin
667           11|8|sub
668           29|28|mult
669           25|27|div
670           5|0|mult
671           19|inv
672           23|cbrt
673           15|0|mult
674           10|sp
675           19|24|div
676           15|6|div
677           13|21|div
678           19|12|add
679           22|21|div
680           16|6|mult
681           27|29|div
682           16|14|mult
683           16|8|mult
684           11|21|div
685           18|14|abd
686           22|8|sub
687           12|sp
688           16|5|mult
689           16|10|mult
690           17|16|div
691           24|sin
692           22|20|sub
693           19|0|mult
694           14|13|sub
695           16|9|div
696           19|log
697           6|sp
698           12|14|div
699           16|3|mult
700           29|18|sub
701           16|0|div
702           19|cbrt
703           9|23|div
704           4|5|div
705           3|1|div
706           2|23|div
707           19|sqrt
708           11|19|div
709           23|3|mult
710           21|0|mult
711           16|15|mult
712           7|19|div
713           8|19|div
714           27|22|div
715           28|16|div
716           1|19|div
717           19
718           0|9|div
719           19|3|sub
720           16|11|mult
721           21|27|div
722           16|13|mult
723           8|21|div
724           21|0|div
725           13|14|div
726           19|sq
727           16|12|mult
728           14|13|div
729           16|17|div
730           19|11|div
731           24|12|add
732           19|8|div
733           27|25|div
734           16|4|div
735           22|14|sub
736           22|27|div
737           16|28|div
738           4|2|div
739           6|19|div
740           21|5|div
741           11|8|abd
742           26|27|div
743           10|19|div
744           4|1|div
745           9|4|mult
746           19|12|sub
747           24|19|mult
748           24|nexp
749           18|16|mult
750           26|16|mult
751           29|23|mult
752           20|16|mult
753           16|cbrt
754           21|29|div
755           16|sqrt
756           13|19|div
757           21|1|div
758           16|log
759           16|sp
760           25|16|mult
761           29|16|mult
762           0|7|div
763           13|10|abd
764           14|11|sub
765           29|19|div
766           2|0|mult
767           25|19|div
768           25|23|mult
769           18|17|mult
770           21|6|div
771           16|5|div
772           21|25|div
773           15|1|div
774           27|20|sub
775           22|16|mult
776           20|27|div
777           21|2|div
778           0|23|div
779           27|14|sub
780           23|16|div
781           24|16|div
782           28|22|mult
783           7|5|div
784           16|2|mult
785           21|26|div
786           14|8|sub
787           20|19|div
788           26|23|mult
789           16|24|div
790           16|inv
791           23|20|mult
792           16|3|add
793           14|8|div
794           16|2|div
795           24|16|abd
796           26|19|div
797           19|cb
798           8|14|div
799           12|21|div
800           16|12|add
801           26|18|sub
802           19|16|sub
803           16
804           19|16|add
805           16|12|sub
806           18|19|div
807           24|16|add
808           0|16|div
809           16|3|sub
810           21|20|div
811           21|18|div
812           27|16|mult
813           26|11|sub
814           19|13|div
815           12|cos
816           27|26|div
817           22|13|sub
818           24|16|mult
819           28|18|mult
820           14|21|div
821           4|16|div
822           26|13|sub
823           10|21|div
824           19|23|div
825           19|12|div
826           16|9|mult
827           14|19|div
828           27|25|abd
829           16|0|mult
830           1|21|div
831           21|9|mult
832           16|cb
833           21|19|div
834           21|22|div
835           26|22|sub
836           16|sq
837           4|cb
838           24|19|add
839           23|18|mult
840           22|17|mult
841           11|14|div
842           27|20|div
843           12|19|div
844           19|25|div
845           19|29|div
846           23|1|mult
847           0|sq
848           25|26|div
849           29|16|div
850           6|21|div
851           23|11|mult
852           26|25|div
853           25|16|div
854           26|16|div
855           16|29|div
856           16|25|div
857           14|11|abd
858           19|18|div
859           19|10|div
860           15|7|mult
861           14|11|div
862           20|16|div
863           16|6|div
864           18|16|div
865           22|11|sub
866           16|26|div
867           16|20|div
868           23|13|mult
869           7|9|div
870           29|7|div
871           28|21|mult
872           21|16|mult
873           19|20|div
874           19|16|mult
875           2|cb
876           27|16|div
877           16|18|div
878           23|6|mult
879           27|18|sub
880           23|28|div
881           16|1|div
882           16|27|div
883           22|18|sub
884           19|26|div
885           29|27|sub
886           28|25|mult
887           29|26|div
888           26|29|div
889           28|16|mult
890           25|7|div
891           21|cb
892           23|8|mult
893           27|19|div
894           16|22|div
895           21|7|sub
896           28|20|mult
897           22|16|div
898           27|18|div
899           26|7|div
900           19|21|div
901           19|14|div
902           21|16|div
903           21|11|div
904           23|17|div
905           9|7|mult
906           21|17|mult
907           27|17|mult
908           17|16|mult
909           16|sin
910           16|23|div
911           7|0|mult
912           5|sp
913           21|13|div
914           13|16|div
915           23|21|mult
916           20|7|div
917           5|16|div
918           14|16|div
919           18|27|div
920           22|19|div
921           21|8|div
922           23|10|mult
923           11|10|abd
924           11|16|div
925           27|23|mult
926           16|11|div
927           10|16|div
928           16|13|div
929           19|sp
930           26|25|sub
931           21|10|div
932           12|16|div
933           7|2|div
934           23|14|mult
935           27|7|div
936           27|26|abd
937           16|12|div
938           28|19|mult
939           28|27|mult
940           16|10|div
941           0|cb
942           19|17|mult
943           18|7|div
944           19|27|div
945           15|16|div
946           16|14|div
947           16|8|div
948           8|16|div
949           21|14|div
950           23|22|mult
951           21|7|div
952           3|16|div
953           16|7|mult
954           19|22|div
955           21|12|div
956           7|1|div
957           22|7|div
958           4|0|div
959           2|sp
960           4|7|div
961           15|7|div
962           7|6|div
963           2|16|div
964           5|7|div
965           7|27|div
966           7|sq
967           0|sp
968           7|sp
969           2|7|div
970           7|18|div
971           22|18|div
972           16|21|div
973           4|sp
974           28|23|div
975           23|12|mult
976           21|sp
977           6|16|div
978           7|22|div
979           3|7|div
980           18|22|div
981           17|7|mult
982           7|cb
983           17|23|div
984           1|16|div
985           7|12|div
986           7|13|div
987           7|11|div
988           13|7|div
989           12|7|div
990           7|21|div
991           1|7|div
992           11|7|div
993           6|7|div
994           7|14|div
995           7|8|div
996           14|7|div
997           8|7|div
998           7|10|div
999           10|7|div
#-----------------------------------------------------------------------
