# c0 + a0 * ((min:vdw_radius * mp_bandgap) / cbrt(min:period))
# Property Label: $bandgap$; Unit of the Property: eV
# RMSE: 0.455199145777531; Max AE: 3.51490369566685
# Coefficients
# Task   a0                      c0
# all ,  8.059354933015539e-03,  1.497912668564683e-01, 
# Feature Rung, Units, and Expressions
# 0;  2; eV * pm;                                          20|0|mult|10|cbrt|div; ((min:vdw_radius * mp_bandgap) / cbrt(min:period)); $\left(\frac{ \left(min:vdw_{radius} mp_{bandgap}\right) }{ \left(\sqrt[3]{ min:period }\right) } \right)$; ((min:vdw_radius .* mp_bandgap) ./ nthroot(min:period, 3)); min:vdw_radius,mp_bandgap,min:period
# Number of Samples Per Task
# Task, n_mats_train            
# all , 1014                  

# Sample ID , Property Value        ,  Property Value (EST) ,  Feature 0 Value      
3266        ,  1.678000000000000e+00,  5.888822024227346e-01,  5.448214394523177e+01
4239        ,  4.587000000000003e-01,  5.797425771031532e-01,  5.334810463370568e+01
3034        ,  1.700700000000000e+00,  2.061003107184898e+00,  2.371420363308554e+02
5237        ,  1.472900000000000e+00,  1.340514163851781e+00,  1.477441937837306e+02
3895        ,  0.000000000000000e+00,  1.694472137608865e-01,  2.438898282528386e+00
5388        ,  1.719900000000000e+00,  1.667213603743721e+00,  1.882808673273662e+02
4837        ,  2.507100000000000e+00,  2.528171382428818e+00,  2.951080000000000e+02
5529        ,  0.000000000000000e+00,  1.497912668564683e-01,  0.000000000000000e+00
4189        ,  1.018400000000000e+00,  1.103131971734068e+00,  1.182899515905663e+02
3912        ,  4.126200000000000e+00,  3.984447468760360e+00,  4.758018766731610e+02
4944        ,  2.979200000000000e+00,  3.136019420981519e+00,  3.705294256109533e+02
4056        ,  2.421900000000000e+00,  2.369117269519082e+00,  2.753726596121281e+02
3594        ,  6.517999999999999e-01,  8.380802334061380e-01,  8.540248844607409e+01
5230        ,  2.302000000000000e-01,  1.009176646936198e+00,  1.066320303823841e+02
5512        ,  0.000000000000000e+00,  1.497912668564683e-01,  0.000000000000000e+00
3914        ,  1.235300000000000e+00,  2.094598431360978e+00,  2.413105243122514e+02
4426        ,  3.982600000000000e+00,  3.914636288127814e+00,  4.671397466127810e+02
5849        ,  0.000000000000000e+00,  1.497912668564683e-01,  0.000000000000000e+00
5700        ,  2.603800000000000e+00,  2.144465877826785e+00,  2.474980476165699e+02
3327        ,  1.875800000000000e+00,  1.357613580348589e+00,  1.498658792832436e+02
4149        ,  0.000000000000000e+00,  1.496719240815610e+00,  1.671260274741575e+02
3977        ,  3.184500000000000e+00,  3.281611049290270e+00,  3.885943488608685e+02
5832        ,  3.573500000000000e+00,  3.428770658955462e+00,  4.068538263113957e+02
4713        ,  3.813500000000000e+00,  4.836515703633262e+00,  5.815260000000000e+02
3772        ,  6.627000000000001e-01,  3.430846193599529e-01,  2.398372501397711e+01
3860        ,  1.860999999999999e-01,  1.497912668564683e-01,  0.000000000000000e+00
5825        ,  2.044100000000000e+00,  2.196591421524286e+00,  2.539657542916992e+02
3683        ,  2.536900000000000e+00,  2.324827632803629e+00,  2.698772276472176e+02
4119        ,  3.041100000000000e+00,  2.518419562959869e+00,  2.938980000000000e+02
5350        ,  5.800999999999998e-01,  6.274038419463620e-01,  5.926188622532687e+01
5125        ,  9.231000000000000e-01,  1.164192447273398e+00,  1.258662993314001e+02
3088        ,  1.459500000000000e+00,  1.002364241281257e+00,  1.057867511123232e+02
5236        ,  1.808000000000001e-01,  1.497912668564683e-01,  0.000000000000000e+00
3447        ,  1.737800000000000e+00,  1.676989887783317e+00,  1.894939028768426e+02
5393        ,  0.000000000000000e+00,  1.497912668564683e-01,  0.000000000000000e+00
3023        ,  2.116900000000000e+00,  1.996092811468477e+00,  2.290880051762635e+02
3172        ,  0.000000000000000e+00,  1.497912668564683e-01,  0.000000000000000e+00
4765        ,  2.740200000000000e+00,  2.823195627418561e+00,  3.317144340684590e+02
4685        ,  7.060000000000000e-01,  6.136887291086942e-01,  5.756012312497213e+01
4091        ,  5.020000000000000e-01,  6.509798483942743e-01,  6.218718318071123e+01
4848        ,  7.781000000000002e-01,  7.382961846215816e-01,  7.302134260823709e+01
3748        ,  5.403900000000000e+00,  4.854761381366097e+00,  5.837899129166641e+02
5254        ,  4.435099999999999e+00,  6.197403556778123e+00,  7.503841610384122e+02
5773        ,  3.998000000000000e+00,  3.808828905277414e+00,  4.540112290416097e+02
5284        ,  5.591300000000000e+00,  5.421790040807122e+00,  6.541464940765487e+02
4269        ,  0.000000000000000e+00,  1.497912668564683e-01,  0.000000000000000e+00
4641        ,  4.323000000000001e-01,  4.275120608126082e-01,  3.445943208412911e+01
4071        ,  2.744300000000000e+00,  2.608934178212567e+00,  3.051290000000000e+02
3318        ,  6.493000000000000e-01,  5.904194768405315e-01,  5.467288804703319e+01
5333        ,  4.202400000000000e+00,  3.513991677835279e+00,  4.174280000000000e+02
5676        ,  4.641999999999999e-01,  1.497912668564683e-01,  0.000000000000000e+00
5122        ,  0.000000000000000e+00,  1.497912668564683e-01,  0.000000000000000e+00
4743        ,  0.000000000000000e+00,  1.497912668564683e-01,  0.000000000000000e+00
3180        ,  1.234700000000000e+00,  1.499035813257477e+00,  1.674134664145095e+02
4704        ,  7.975000000000003e-01,  9.215067374361762e-01,  9.575399979201039e+01
5658        ,  1.245900000000000e+00,  1.451679929237152e+00,  1.615375762950250e+02
4011        ,  0.000000000000000e+00,  1.497912668564683e-01,  0.000000000000000e+00
5591        ,  4.297800000000001e+00,  4.225091858823803e+00,  5.056608904606829e+02
3973        ,  2.406300000000000e+00,  2.061431409497823e+00,  2.371951798288754e+02
3866        ,  4.189600000000000e+00,  4.108055655902012e+00,  4.911391075271200e+02
3283        ,  0.000000000000000e+00,  1.497912668564683e-01,  0.000000000000000e+00
5814        ,  0.000000000000000e+00,  1.497912668564683e-01,  0.000000000000000e+00
3489        ,  2.194900000000000e+00,  2.338837891012677e+00,  2.716156122109318e+02
3712        ,  0.000000000000000e+00,  1.497912668564683e-01,  0.000000000000000e+00
5650        ,  4.359699999999999e+00,  4.411684013479588e+00,  5.288131348036391e+02
3446        ,  1.277400000000000e+00,  1.202025310991900e+00,  1.305605787164062e+02
4672        ,  6.372000000000000e-01,  6.429421138874918e-01,  6.118986583042858e+01
5001        ,  3.887400000000000e+00,  4.011185734322964e+00,  4.791195448717745e+02
4958        ,  3.220400000000000e+00,  3.227705938310349e+00,  3.819058345284005e+02
3871        ,  2.856000000000001e-01,  3.131889356438309e-01,  2.027428623573782e+01
5893        ,  4.026400000000000e+00,  3.792008891010947e+00,  4.519242116058144e+02
4716        ,  3.336500000000000e+00,  3.290419324811731e+00,  3.896872744851486e+02
4850        ,  2.079800000000000e+00,  2.208527300279318e+00,  2.554467510779477e+02
4791        ,  3.607100000000000e+00,  4.053178641563885e+00,  4.843300000000000e+02
3642        ,  5.232000000000000e-01,  7.082746450093532e-01,  6.929628770474305e+01
5895        ,  2.015800000000000e+00,  4.066898556749774e+00,  4.860323589728857e+02
4395        ,  9.707000000000000e-01,  5.246583466017021e-01,  4.651328584742839e+01
4360        ,  1.576000000000000e-01,  3.469229375707759e-01,  2.445998127055407e+01
4190        ,  0.000000000000000e+00,  1.497912668564683e-01,  0.000000000000000e+00
4195        ,  5.205000000000000e+00,  5.897779620567682e+00,  7.132070000000000e+02
5391        ,  2.591300000000000e+00,  2.481659714085379e+00,  2.893368596630852e+02
3615        ,  3.120000000000012e-02,  1.644653293446539e-01,  1.820749006607543e+00
5582        ,  0.000000000000000e+00,  6.264651895147071e-01,  5.914541878600246e+01
3084        ,  8.620000000000028e-02,  9.971602389303089e-01,  1.051410415742521e+02
4262        ,  2.272100000000000e+00,  1.605471954857735e+00,  1.806200000000000e+02
4001        ,  2.571800000000000e+00,  2.335528621464948e+00,  2.712050000000000e+02
4065        ,  0.000000000000000e+00,  1.497912668564683e-01,  0.000000000000000e+00
5625        ,  8.441999999999998e-01,  1.626132446138618e+00,  1.831835415554471e+02
3770        ,  7.553000000000001e-01,  1.497912668564683e-01,  0.000000000000000e+00
4450        ,  5.732999999999999e-01,  3.792252023224515e-01,  2.846802720228836e+01
4869        ,  2.777500000000000e+00,  4.084029852247467e+00,  4.881579999999999e+02
3136        ,  1.730999999999998e-01,  5.129862260754166e-01,  4.506501602641950e+01
4745        ,  0.000000000000000e+00,  1.497912668564683e-01,  0.000000000000000e+00
5724        ,  0.000000000000000e+00,  1.497912668564683e-01,  0.000000000000000e+00
5875        ,  4.952999999999994e-01,  3.658364526023149e-01,  2.680675904479737e+01
3846        ,  4.541999999999993e-01,  6.692223747098376e-01,  6.445070507138165e+01
3699        ,  1.530600000000000e+00,  1.592976996840988e+00,  1.790696329891663e+02
5642        ,  5.254999999999996e-01,  8.466917472692550e-01,  8.647100000000000e+01
3361        ,  0.000000000000000e+00,  1.497912668564683e-01,  0.000000000000000e+00
4240        ,  1.907300000000000e+00,  1.853396073953074e+00,  2.113822782661806e+02
5318        ,  2.948200000000000e+00,  2.879559584928664e+00,  3.387080406261259e+02
3707        ,  1.609999999999999e+00,  1.819164173029301e+00,  2.071348042179114e+02
3456        ,  1.118800000000000e+00,  9.956815192107774e-01,  1.049575629048274e+02
5161        ,  4.347900000000000e+00,  4.265464720809062e+00,  5.106703313304316e+02
4762        ,  2.902400000000000e+00,  3.557123928727339e+00,  4.227798242155296e+02
4605        ,  8.457000000000000e-01,  7.112948436711689e-01,  6.967103217088429e+01
5732        ,  5.205000000000001e-01,  4.584111472275683e-01,  3.829337247660153e+01
3035        ,  2.801000000000000e-01,  1.596115025721886e-01,  1.218489047490790e+00
3342        ,  0.000000000000000e+00,  1.497912668564683e-01,  0.000000000000000e+00
5370        ,  3.720300000000000e+00,  3.888816157059965e+00,  4.639360000000000e+02
4256        ,  2.726200000000000e+00,  2.819280850855836e+00,  3.312286909047365e+02
4889        ,  0.000000000000000e+00,  1.497912668564683e-01,  0.000000000000000e+00
4038        ,  0.000000000000000e+00,  3.795269567312189e-01,  2.850546871110332e+01
3302        ,  1.491900000000000e+00,  1.363626832027805e+00,  1.506120000000000e+02
3475        ,  0.000000000000000e+00,  1.497912668564683e-01,  0.000000000000000e+00
4651        ,  3.520400000000000e+00,  3.451225421616954e+00,  4.096400000000000e+02
3969        ,  2.773000000000000e+00,  1.897307073971726e+00,  2.168307292133858e+02
5229        ,  4.162100000000001e+00,  4.614887155698284e+00,  5.540264606724706e+02
3068        ,  4.846000000000000e+00,  4.900915593689988e+00,  5.895167003217972e+02
3509        ,  0.000000000000000e+00,  1.497912668564683e-01,  0.000000000000000e+00
5085        ,  0.000000000000000e+00,  1.497912668564683e-01,  0.000000000000000e+00
4805        ,  8.720000000000001e-01,  6.992860452215123e-01,  6.818098755199526e+01
4987        ,  2.826900000000000e+00,  2.716856662294011e+00,  3.185199580826791e+02
3503        ,  7.069999999999999e-01,  4.159099317468294e-01,  3.301984676220092e+01
5304        ,  1.210000000000022e-02,  1.497912668564683e-01,  0.000000000000000e+00
3778        ,  4.467100000000000e+00,  4.025518935433776e+00,  4.808980000000000e+02
5307        ,  0.000000000000000e+00,  1.497912668564683e-01,  0.000000000000000e+00
4272        ,  2.407300000000000e+00,  2.505869998176611e+00,  2.923408574138299e+02
5162        ,  0.000000000000000e+00,  1.497912668564683e-01,  0.000000000000000e+00
5909        ,  1.706400000000000e+00,  1.497527041213641e+00,  1.672262588704348e+02
5855        ,  0.000000000000000e+00,  1.497912668564683e-01,  0.000000000000000e+00
3622        ,  0.000000000000000e+00,  1.497912668564683e-01,  0.000000000000000e+00
3842        ,  2.475500000000000e+00,  2.558957609075455e+00,  2.989279368190772e+02
3813        ,  0.000000000000000e+00,  1.497912668564683e-01,  0.000000000000000e+00
3939        ,  0.000000000000000e+00,  1.497912668564683e-01,  0.000000000000000e+00
3401        ,  2.284600000000000e+00,  1.982778715401791e+00,  2.274360000000000e+02
4835        ,  4.617200000000000e+00,  4.531949917425915e+00,  5.437356571327713e+02
4892        ,  0.000000000000000e+00,  1.497912668564683e-01,  0.000000000000000e+00
4192        ,  2.623400000000000e+00,  2.575348549668187e+00,  3.009617150468588e+02
4412        ,  0.000000000000000e+00,  1.497912668564683e-01,  0.000000000000000e+00
4464        ,  2.394400000000000e+00,  2.027887039973828e+00,  2.330330142706148e+02
5833        ,  5.220599999999999e+00,  5.628669773847295e+00,  6.798160091630082e+02
5256        ,  1.496700000000000e+00,  1.532631137433556e+00,  1.715819543959055e+02
3666        ,  4.611900000000000e+00,  5.538292093780524e+00,  6.686020000000000e+02
4401        ,  0.000000000000000e+00,  1.497912668564683e-01,  0.000000000000000e+00
3512        ,  2.296399999999999e+00,  2.273220277217332e+00,  2.634738174468695e+02
4475        ,  4.044100000000000e+00,  3.955856428227336e+00,  4.722543172505204e+02
3178        ,  0.000000000000000e+00,  1.497912668564683e-01,  0.000000000000000e+00
4452        ,  1.246100000000000e+00,  8.967125615907591e-01,  9.267755309726978e+01
4851        ,  0.000000000000000e+00,  1.497912668564683e-01,  0.000000000000000e+00
4688        ,  2.151000000000000e+00,  2.283295521643391e+00,  2.647239478245237e+02
3725        ,  0.000000000000000e+00,  1.497912668564683e-01,  0.000000000000000e+00
5751        ,  5.041900000000000e+00,  4.833944769409631e+00,  5.812070000000000e+02
4840        ,  3.246200000000000e+00,  3.350799189954921e+00,  3.971791724900176e+02
5501        ,  0.000000000000000e+00,  1.497912668564683e-01,  0.000000000000000e+00
4061        ,  1.667600000000000e+00,  1.761379454857102e+00,  1.999649105164341e+02
3468        ,  3.429900000000000e+00,  3.303934302677920e+00,  3.913642049564477e+02
4118        ,  3.832100000000000e+00,  3.815523038861492e+00,  4.548418331829729e+02
3689        ,  1.522999999999999e-01,  7.355233090264661e-01,  7.267728584213583e+01
4310        ,  1.386300000000000e+00,  1.365754501730121e+00,  1.508760000000000e+02
5787        ,  2.082800000000000e+00,  1.504923633194435e+00,  1.681440236347702e+02
5898        ,  3.282200000000000e+00,  3.123731825885887e+00,  3.690047880688970e+02
3568        ,  3.916600000000000e+00,  4.621790489716266e+00,  5.548830222801128e+02
3341        ,  1.408900000000000e+00,  1.763171505731686e+00,  2.001872671305153e+02
4858        ,  3.400500000000000e+00,  3.359089105210655e+00,  3.982077802786848e+02
3225        ,  2.281000000000004e-01,  1.497912668564683e-01,  0.000000000000000e+00
4798        ,  1.230200000000000e+00,  1.199292497702854e+00,  1.302214928575801e+02
4244        ,  6.532000000000000e-01,  1.497912668564683e-01,  0.000000000000000e+00
3322        ,  0.000000000000000e+00,  1.497912668564683e-01,  0.000000000000000e+00
3797        ,  5.508700000000000e+00,  5.170116582375575e+00,  6.229190000000001e+02
4624        ,  1.861999999999995e-01,  1.848913172859240e-01,  4.355193526179951e+00
4535        ,  1.017200000000000e+00,  8.504650040138719e-01,  8.693918346827729e+01
3237        ,  9.591000000000000e-01,  9.317375247751676e-01,  9.702342984243298e+01
4868        ,  0.000000000000000e+00,  1.553122549279867e-01,  6.850409390584686e-01
3462        ,  9.331000000000000e-01,  7.810614899974202e-01,  7.832763644084253e+01
3491        ,  8.259000000000001e-01,  9.650361781470724e-01,  1.011551070856693e+02
5163        ,  8.546999999999993e-01,  1.044599477666111e+00,  1.110272742976014e+02
5896        ,  0.000000000000000e+00,  1.497912668564683e-01,  0.000000000000000e+00
4354        ,  2.761100000000000e+00,  2.710150347074912e+00,  3.176878424512374e+02
3961        ,  1.207400000000000e+00,  1.420977026730995e+00,  1.577279782860850e+02
3543        ,  2.136700000000000e+00,  2.154854141767855e+00,  2.487870172707680e+02
3529        ,  3.656900000000000e+00,  3.704077097491728e+00,  4.410136866010151e+02
5749        ,  1.189500000000000e+00,  1.041652028899085e+00,  1.106615565954375e+02
3611        ,  1.296200000000000e+00,  1.381563939533333e+00,  1.528376257051104e+02
5459        ,  6.888000000000001e-01,  7.080309453870642e-01,  6.926604959954550e+01
3217        ,  3.489100000000000e+00,  3.070638503615161e+00,  3.624170000000000e+02
4680        ,  2.538000000000000e+00,  2.616128882351134e+00,  3.060217146401126e+02
5371        ,  4.331500000000000e+00,  3.690812697854664e+00,  4.393678477283869e+02
3979        ,  1.458900000000000e+00,  1.650731650456214e+00,  1.862357962981715e+02
3922        ,  1.836800000000000e+00,  1.854720309184741e+00,  2.115465885915941e+02
5413        ,  7.898000000000001e-01,  1.967069504411464e+00,  2.254868103786355e+02
5357        ,  3.189999999999982e-02,  1.497912668564683e-01,  0.000000000000000e+00
5423        ,  0.000000000000000e+00,  1.497912668564683e-01,  0.000000000000000e+00
3710        ,  3.456000000000000e+00,  3.332422709259168e+00,  3.948990296189705e+02
4749        ,  2.372800000000001e+00,  2.297099155875212e+00,  2.664366946071816e+02
3853        ,  0.000000000000000e+00,  1.497912668564683e-01,  0.000000000000000e+00
4604        ,  2.293100000000000e+00,  2.546525950891299e+00,  2.973854240140846e+02
5285        ,  3.423700000000000e+00,  2.926923478902343e+00,  3.445849246158917e+02
4303        ,  0.000000000000000e+00,  1.497912668564683e-01,  0.000000000000000e+00
3150        ,  0.000000000000000e+00,  1.497912668564683e-01,  0.000000000000000e+00
3950        ,  0.000000000000000e+00,  1.497912668564683e-01,  0.000000000000000e+00
5441        ,  3.915400000000000e+00,  3.924365971669497e+00,  4.683470000000000e+02
3886        ,  1.935600000000000e+00,  1.979077551565001e+00,  2.269767617771457e+02
3251        ,  0.000000000000000e+00,  1.497912668564683e-01,  0.000000000000000e+00
3917        ,  4.013700000000000e+00,  3.922559583137305e+00,  4.681228643778310e+02
3965        ,  4.246200000000000e+00,  3.572580949039655e+00,  4.246977221665176e+02
3695        ,  1.607300000000000e+00,  9.921610511084931e-01,  1.045207453019864e+02
3680        ,  2.891000000000000e+00,  2.987679720419711e+00,  3.521235231789699e+02
3633        ,  4.639500000000000e+00,  4.202181387068055e+00,  5.028181726568182e+02
4977        ,  0.000000000000000e+00,  1.497912668564683e-01,  0.000000000000000e+00
4879        ,  4.412000000000000e+00,  4.583766273578962e+00,  5.501650000000000e+02
5403        ,  1.062500000000000e+00,  5.806176476124749e-01,  5.345668286566031e+01
3959        ,  2.491400000000000e+00,  2.048110891744817e+00,  2.355423778535661e+02
3665        ,  1.944300000000001e+00,  2.011357930353309e+00,  2.309820921114719e+02
3685        ,  3.286000000000000e+00,  2.910930834222822e+00,  3.426005667097762e+02
3506        ,  1.599000000000000e+00,  1.085481043707971e+00,  1.160998348662377e+02
4046        ,  0.000000000000000e+00,  6.795978452224083e-01,  6.573808732452788e+01
5179        ,  7.950000000000035e-02,  1.497912668564683e-01,  0.000000000000000e+00
5869        ,  4.138300000000000e+00,  3.931192245297761e+00,  4.691940000000000e+02
4250        ,  2.172900000000000e+00,  2.555992092349420e+00,  2.985599772552309e+02
4232        ,  0.000000000000000e+00,  6.043702648014450e-01,  5.640389357748369e+01
3579        ,  1.574400000000000e+00,  1.390482784210930e+00,  1.539442706849786e+02
3286        ,  0.000000000000000e+00,  1.497912668564683e-01,  0.000000000000000e+00
3472        ,  7.224000000000004e-01,  8.239985520318225e-01,  8.365524173819809e+01
5768        ,  1.701800000000000e+00,  1.983753978540498e+00,  2.275570100742322e+02
5291        ,  4.676600000000000e+00,  4.741125178646091e+00,  5.696900000000001e+02
4658        ,  2.303800000000000e+00,  2.297585178440311e+00,  2.664970000000000e+02
4386        ,  1.767900000000000e+00,  1.606783664876951e+00,  1.807827562044504e+02
4931        ,  7.595999999999998e-01,  9.840410759304538e-01,  1.035132235777879e+02
5559        ,  3.416700000000000e+00,  2.870774400563723e+00,  3.376179801389085e+02
3393        ,  8.523999999999998e-01,  2.655643750201450e-01,  1.436505888199645e+01
3139        ,  1.653300000000000e+00,  1.623258044866634e+00,  1.828268875433240e+02
4690        ,  1.719900000000000e+00,  1.772074761082145e+00,  2.012919777958795e+02
3825        ,  1.613500000000001e+00,  1.599441798752454e+00,  1.798717817920417e+02
4563        ,  0.000000000000000e+00,  1.497912668564683e-01,  0.000000000000000e+00
5631        ,  1.302400000000000e+00,  3.842880506363441e+00,  4.582363315925017e+02
4514        ,  3.202900000000000e+00,  3.185897013976094e+00,  3.767182078905684e+02
4055        ,  1.163999999999996e-01,  3.178048046462175e-01,  2.084702053528795e+01
4399        ,  4.730000000000034e-02,  1.497912668564683e-01,  0.000000000000000e+00
3466        ,  8.565000000000000e-01,  1.108914601415550e+00,  1.190074568660559e+02
5826        ,  4.010000000000025e-02,  1.775933320991950e-01,  3.449663834612145e+00
5715        ,  3.863600000000000e+00,  4.250076741932387e+00,  5.087610000000000e+02
4439        ,  0.000000000000000e+00,  1.497912668564683e-01,  0.000000000000000e+00
3440        ,  2.282500000000000e+00,  2.589293386731938e+00,  3.026919821935042e+02
3574        ,  2.645500000000000e+00,  2.454824218466184e+00,  2.860071272164768e+02
3733        ,  0.000000000000000e+00,  1.497912668564683e-01,  0.000000000000000e+00
3089        ,  0.000000000000000e+00,  1.497912668564683e-01,  0.000000000000000e+00
3658        ,  2.646900000000000e+00,  2.317243688389508e+00,  2.689362163036108e+02
4695        ,  2.482000000000000e+00,  2.417627964777191e+00,  2.813918380279318e+02
5697        ,  1.888100000000000e+00,  1.428699095791688e+00,  1.586861280542580e+02
3968        ,  3.180000000000000e+00,  2.993309858725746e+00,  3.528221074146599e+02
5590        ,  2.527500000000000e+00,  1.784034058042873e+00,  2.027758802992594e+02
4965        ,  2.943700000000000e+00,  2.762654577634208e+00,  3.242025363685148e+02
5202        ,  3.249999999999975e-02,  2.008380543395839e-01,  6.333855241193064e+00
4744        ,  1.614900000000000e+00,  1.597565029192250e+00,  1.796389133334860e+02
4337        ,  0.000000000000000e+00,  1.497912668564683e-01,  0.000000000000000e+00
3545        ,  5.858400000000000e+00,  5.592049224440750e+00,  6.752721530218017e+02
4175        ,  6.012000000000000e-01,  4.891516702313434e-01,  4.210763841466625e+01
5607        ,  9.406000000000001e-01,  5.900219418316733e-01,  5.462356213792976e+01
5492        ,  0.000000000000000e+00,  1.497912668564683e-01,  0.000000000000000e+00
5359        ,  1.056300000000000e+00,  1.236915507184719e+00,  1.348897336528502e+02
4075        ,  2.952200000000000e+00,  2.518509905533479e+00,  2.939092096531745e+02
4948        ,  0.000000000000000e+00,  1.497912668564683e-01,  0.000000000000000e+00
4041        ,  2.202900000000001e+00,  2.244535435873396e+00,  2.599146192750125e+02
3649        ,  1.546300000000000e+00,  1.107410094224085e+00,  1.188207785023445e+02
5199        ,  0.000000000000000e+00,  1.525887354373196e-01,  3.471082492460259e-01
3958        ,  3.969900000000000e+00,  3.799692694849881e+00,  4.528776134478721e+02
3156        ,  1.755100000000000e+00,  1.002750395638379e+00,  1.058346649168809e+02
3519        ,  1.893400000000000e+00,  1.334374006488773e+00,  1.469823266846834e+02
5109        ,  0.000000000000000e+00,  1.497912668564683e-01,  0.000000000000000e+00
3131        ,  6.086400000000000e+00,  5.553793035200628e+00,  6.705253476561013e+02
3204        ,  3.863100000000000e+00,  3.557604389867215e+00,  4.228394395499911e+02
3007        ,  1.782999999999997e-01,  1.897760580213410e+00,  2.168870000000000e+02
3982        ,  9.999999999976694e-05,  1.497912668564683e-01,  0.000000000000000e+00
3276        ,  1.351600000000000e+00,  8.002509441213395e-01,  8.070865257469075e+01
5510        ,  3.329200000000000e+00,  3.524924788209999e+00,  4.187845738778834e+02
5602        ,  1.740300000000000e+00,  1.520248914510703e+00,  1.700455754889375e+02
3430        ,  0.000000000000000e+00,  1.497912668564683e-01,  0.000000000000000e+00
5228        ,  8.589000000000000e-01,  1.025186710908560e+00,  1.086185496640670e+02
5274        ,  2.598400000000000e+00,  4.863466186529267e+00,  5.848700000000000e+02
3788        ,  7.426000000000001e-01,  7.040135309588651e-01,  6.876757119009592e+01
3544        ,  0.000000000000000e+00,  1.497912668564683e-01,  0.000000000000000e+00
3583        ,  1.527200000000000e+00,  1.607272397480069e+00,  1.808433978571856e+02
3222        ,  0.000000000000000e+00,  1.497912668564683e-01,  0.000000000000000e+00
3484        ,  1.768600000000000e+00,  2.104102042067987e+00,  2.424897267156692e+02
5246        ,  1.909999999999989e-02,  1.497912668564683e-01,  0.000000000000000e+00
4920        ,  3.948700000000000e+00,  3.694312979891950e+00,  4.398021606562054e+02
3226        ,  0.000000000000000e+00,  1.497912668564683e-01,  0.000000000000000e+00
4215        ,  2.252700000000000e+00,  1.934467425108525e+00,  2.214415636344596e+02
4801        ,  3.595800000000000e+00,  3.303263724401722e+00,  3.912810000000000e+02
3224        ,  0.000000000000000e+00,  1.497912668564683e-01,  0.000000000000000e+00
5120        ,  8.623000000000001e-01,  2.057482639082614e+00,  2.367052187280145e+02
3365        ,  8.793000000000000e-01,  1.208870297948521e+00,  1.314099006551361e+02
4647        ,  3.913400000000000e+00,  3.519044893378279e+00,  4.180550000000000e+02
3663        ,  0.000000000000000e+00,  1.497912668564683e-01,  0.000000000000000e+00
3492        ,  0.000000000000000e+00,  1.497912668564683e-01,  0.000000000000000e+00
5277        ,  4.523999999999999e-01,  9.017685245335064e-01,  9.330489399300765e+01
4531        ,  8.411000000000000e-01,  9.192526635914647e-01,  9.547431564067993e+01
5843        ,  9.450000000000003e-02,  9.981262887262522e-01,  1.052609084623557e+02
3809        ,  4.851000000000000e+00,  4.461704744086096e+00,  5.350196775136016e+02
4679        ,  0.000000000000000e+00,  9.937983481782859e-01,  1.047239001553712e+02
2989        ,  0.000000000000000e+00,  1.497912668564683e-01,  0.000000000000000e+00
4157        ,  1.256900000000000e+00,  1.783679629438641e+00,  2.027319030073821e+02
3754        ,  7.879000000000000e-01,  8.985445398107776e-01,  9.290486387279026e+01
3524        ,  1.959900000000000e+00,  1.703085522544809e+00,  1.927318338252104e+02
2992        ,  0.000000000000000e+00,  1.497912668564683e-01,  0.000000000000000e+00
4161        ,  5.473999999999997e-01,  6.591326960945770e-01,  6.319878370805669e+01
3051        ,  3.296900000000000e+00,  3.560923688363653e+00,  4.232512961469553e+02
3400        ,  6.249000000000002e-01,  2.453274735145100e-01,  1.185407609567772e+01
3218        ,  0.000000000000000e+00,  1.497912668564683e-01,  0.000000000000000e+00
5134        ,  2.371200000000000e+00,  2.231778468645763e+00,  2.583317423160424e+02
4246        ,  3.542900000000000e+00,  3.478462254259286e+00,  4.130195301073980e+02
4771        ,  2.747500000000000e+00,  2.397555715133914e+00,  2.789012851474464e+02
4881        ,  3.677999999999999e-01,  1.497912668564683e-01,  0.000000000000000e+00
5571        ,  2.085500000000000e+00,  1.730282320367835e+00,  1.961063964358745e+02
4741        ,  0.000000000000000e+00,  1.497912668564683e-01,  0.000000000000000e+00
5535        ,  1.533700000000000e+00,  1.439087270715729e+00,  1.599750866632759e+02
3514        ,  0.000000000000000e+00,  1.497912668564683e-01,  0.000000000000000e+00
3719        ,  0.000000000000000e+00,  1.497912668564683e-01,  0.000000000000000e+00
4251        ,  0.000000000000000e+00,  1.497912668564683e-01,  0.000000000000000e+00
4237        ,  0.000000000000000e+00,  1.497912668564683e-01,  0.000000000000000e+00
3686        ,  1.206600000000000e+00,  1.103153587111053e+00,  1.182926336137759e+02
4534        ,  1.043000000000000e+00,  1.155831539879600e+00,  1.248288828801718e+02
5157        ,  4.291200000000000e+00,  4.442450290005056e+00,  5.326305962234646e+02
5253        ,  4.834600000000000e+00,  4.824029007426149e+00,  5.799766581096260e+02
5551        ,  0.000000000000000e+00,  1.497912668564683e-01,  0.000000000000000e+00
4533        ,  1.544200000000000e+00,  1.456174307217042e+00,  1.620952360602599e+02
5696        ,  0.000000000000000e+00,  1.497912668564683e-01,  0.000000000000000e+00
5280        ,  9.822000000000002e-01,  2.514065513834313e-01,  1.260836448717392e+01
4042        ,  1.349900000000000e+00,  1.583627632515211e+00,  1.779095693856293e+02
3097        ,  9.430000000000005e-02,  1.497912668564683e-01,  0.000000000000000e+00
5025        ,  2.353300000000000e+00,  2.233345663636874e+00,  2.585261989449086e+02
4693        ,  4.030700000000000e+00,  3.674187475838829e+00,  4.373050000000000e+02
3343        ,  0.000000000000000e+00,  1.497912668564683e-01,  0.000000000000000e+00
4225        ,  6.553999999999998e-01,  3.696696460448239e-01,  2.728237942314876e+01
3867        ,  1.943600000000000e+00,  1.845278060889612e+00,  2.103750000000000e+02
5016        ,  3.666500000000000e+00,  2.984452624659284e+00,  3.517231070430324e+02
3988        ,  1.247000000000000e+00,  1.303429105818755e+00,  1.431427016865026e+02
3134        ,  0.000000000000000e+00,  1.497912668564683e-01,  0.000000000000000e+00
4939        ,  0.000000000000000e+00,  1.497912668564683e-01,  0.000000000000000e+00
4466        ,  0.000000000000000e+00,  1.497912668564683e-01,  0.000000000000000e+00
4730        ,  1.903900000000000e+00,  2.077901354075860e+00,  2.392387608244917e+02
5654        ,  5.839999999999979e-02,  1.497912668564683e-01,  0.000000000000000e+00
4643        ,  0.000000000000000e+00,  1.497912668564683e-01,  0.000000000000000e+00
3593        ,  0.000000000000000e+00,  1.497912668564683e-01,  0.000000000000000e+00
2993        ,  0.000000000000000e+00,  1.497912668564683e-01,  0.000000000000000e+00
3510        ,  2.562800000000000e+00,  1.343617723284125e+00,  1.481292816050437e+02
3990        ,  0.000000000000000e+00,  1.497912668564683e-01,  0.000000000000000e+00
5435        ,  2.611900000000000e+00,  2.794527840976757e+00,  3.281573520587853e+02
5846        ,  0.000000000000000e+00,  1.497912668564683e-01,  0.000000000000000e+00
3349        ,  2.150700000000000e+00,  1.107033967426218e+00,  1.187741089114165e+02
3029        ,  0.000000000000000e+00,  1.497912668564683e-01,  0.000000000000000e+00
5735        ,  0.000000000000000e+00,  1.497912668564683e-01,  0.000000000000000e+00
4374        ,  4.502000000000002e-01,  1.497912668564683e-01,  0.000000000000000e+00
4023        ,  0.000000000000000e+00,  2.340138572486632e+00,  2.717770000000000e+02
4167        ,  1.737100000000000e+00,  1.649467659720528e+00,  1.860789610742371e+02
4336        ,  0.000000000000000e+00,  1.497912668564683e-01,  0.000000000000000e+00
3421        ,  8.106000000000000e-01,  1.497912668564683e-01,  0.000000000000000e+00
3025        ,  0.000000000000000e+00,  1.497912668564683e-01,  0.000000000000000e+00
3960        ,  2.898200000000000e+00,  2.408056561245773e+00,  2.802042239309018e+02
3067        ,  0.000000000000000e+00,  8.843643444036653e-01,  9.114539360191009e+01
3170        ,  1.528999999999998e-01,  1.497912668564683e-01,  0.000000000000000e+00
3575        ,  2.196800000000000e+00,  1.549709621657863e+00,  1.737010426314098e+02
3082        ,  3.936999999999999e-01,  1.497912668564683e-01,  0.000000000000000e+00
4655        ,  5.565700000000001e+00,  5.325563912678030e+00,  6.422068129322307e+02
3346        ,  2.480700000000000e+00,  1.142801834823314e+00,  1.232121647725093e+02
3194        ,  0.000000000000000e+00,  1.497912668564683e-01,  0.000000000000000e+00
5052        ,  0.000000000000000e+00,  1.497912668564683e-01,  0.000000000000000e+00
4127        ,  2.794999999999999e-01,  3.290546781815774e-01,  2.224289819905410e+01
3110        ,  0.000000000000000e+00,  1.497912668564683e-01,  0.000000000000000e+00
4220        ,  1.188700000000000e+00,  1.230502627271383e+00,  1.340940273008363e+02
3063        ,  4.020500000000000e+00,  4.045313484186507e+00,  4.833540959180049e+02
5337        ,  8.550000000000000e-01,  1.017134022456281e+00,  1.076193768370594e+02
3836        ,  2.259999999999995e-02,  2.252307180250895e-01,  9.360482544276568e+00
4382        ,  1.551700000000000e+00,  1.600441322698644e+00,  1.799958021329371e+02
4369        ,  2.673600000000000e+00,  3.311774403210986e+00,  3.923370000000000e+02
4238        ,  5.243000000000000e+00,  4.907703985756588e+00,  5.903589999999999e+02
3861        ,  4.192900000000000e+00,  4.645320163411360e+00,  5.578025702948928e+02
4024        ,  4.102000000000000e+00,  4.190672418790486e+00,  5.013901466704676e+02
3752        ,  3.178199999999999e+00,  3.182563046509293e+00,  3.763045311764255e+02
4294        ,  1.687000000000000e+00,  1.545304822601778e+00,  1.731544977661327e+02
5374        ,  2.020000000000000e+00,  1.922975808911826e+00,  2.200156906840548e+02
5165        ,  7.931000000000000e-01,  5.915538187447902e-01,  5.481363652053840e+01
3090        ,  0.000000000000000e+00,  1.497912668564683e-01,  0.000000000000000e+00
3143        ,  0.000000000000000e+00,  6.012158623721778e-01,  5.601249718714171e+01
3315        ,  3.259000000000000e+00,  3.803891253670334e+00,  4.533985681465234e+02
3460        ,  0.000000000000000e+00,  1.497912668564683e-01,  0.000000000000000e+00
3830        ,  6.069000000000000e-01,  6.293635652908105e-01,  5.950504754043664e+01
5491        ,  9.824000000000006e-01,  1.129279658443714e+00,  1.215343411139177e+02
3179        ,  0.000000000000000e+00,  1.497912668564683e-01,  0.000000000000000e+00
5103        ,  3.941999999999997e-01,  1.535832390635288e-01,  4.705056718034029e-01
3330        ,  0.000000000000000e+00,  1.497912668564683e-01,  0.000000000000000e+00
4278        ,  7.349000000000001e-01,  1.497912668564683e-01,  0.000000000000000e+00
3077        ,  2.134800000000000e+00,  1.836149368375804e+00,  2.092423172245570e+02
3897        ,  3.892500000000000e+00,  3.421083434167476e+00,  4.059000000000000e+02
4657        ,  7.240000000000002e-01,  5.546504647791618e-01,  5.023469015667348e+01
4739        ,  2.321700000000000e+00,  1.965757033811994e+00,  2.253239598018365e+02
4171        ,  4.364300000000000e+00,  4.115805275215192e+00,  4.921006757143496e+02
3292        ,  0.000000000000000e+00,  1.497912668564683e-01,  0.000000000000000e+00
3126        ,  0.000000000000000e+00,  1.497912668564683e-01,  0.000000000000000e+00
5240        ,  1.568900000000000e+00,  1.144950491139697e+00,  1.234787687791873e+02
3168        ,  1.440000000000019e-02,  1.497912668564683e-01,  0.000000000000000e+00
3883        ,  6.357800000000000e+00,  6.140156660823191e+00,  7.432809999999999e+02
4390        ,  2.926900000000000e+00,  3.605930858450467e+00,  4.288357592287882e+02
3774        ,  7.475999999999998e-01,  8.369670822661481e-01,  8.526436931008345e+01
3268        ,  0.000000000000000e+00,  1.497912668564683e-01,  0.000000000000000e+00
3407        ,  2.927999999999997e-01,  1.497912668564683e-01,  0.000000000000000e+00
3504        ,  0.000000000000000e+00,  1.497912668564683e-01,  0.000000000000000e+00
3723        ,  6.068800000000000e+00,  5.634543663121807e+00,  6.805448378749004e+02
4715        ,  0.000000000000000e+00,  1.497912668564683e-01,  0.000000000000000e+00
3151        ,  1.532600000000000e+00,  1.253923176388385e+00,  1.370000352024188e+02
5399        ,  1.045000000000000e+00,  6.400991541171337e-01,  6.083711306125696e+01
4516        ,  0.000000000000000e+00,  1.497912668564683e-01,  0.000000000000000e+00
4747        ,  3.408700000000000e+00,  2.841605383586335e+00,  3.339987057404209e+02
4393        ,  0.000000000000000e+00,  1.497912668564683e-01,  0.000000000000000e+00
5554        ,  1.662000000000000e+00,  1.181389005628553e+00,  1.280000381353220e+02
3498        ,  3.940200000000000e+00,  3.722995846586381e+00,  4.433611138147181e+02
5265        ,  0.000000000000000e+00,  1.497912668564683e-01,  0.000000000000000e+00
3630        ,  3.936000000000000e+00,  3.744843840536576e+00,  4.460720000000000e+02
3392        ,  3.340500000000000e+00,  3.177235862882370e+00,  3.756435373783859e+02
5299        ,  3.388300000000000e+00,  2.680300719701385e+00,  3.139841183167851e+02
4838        ,  3.014200000000000e+00,  2.947683375327433e+00,  3.471608003029205e+02
3502        ,  0.000000000000000e+00,  1.497912668564683e-01,  0.000000000000000e+00
3188        ,  8.198000000000000e-01,  6.942339928127191e-01,  6.755413187300076e+01
5297        ,  1.494600000000000e+00,  1.632452399817051e+00,  1.839677176751194e+02
4176        ,  4.014700000000000e+00,  3.817273263319586e+00,  4.550590000000000e+02
3410        ,  2.838900000000000e+00,  2.622157145859794e+00,  3.067696980158000e+02
4955        ,  4.844999999999997e-01,  1.497912668564683e-01,  0.000000000000000e+00
4925        ,  4.453400000000000e+00,  4.981551855007810e+00,  5.995219999999999e+02
3146        ,  0.000000000000000e+00,  1.497912668564683e-01,  0.000000000000000e+00
4330        ,  2.371100000000000e+00,  2.326060919310918e+00,  2.700302531086272e+02
3726        ,  5.565000000000002e-01,  1.497912668564683e-01,  0.000000000000000e+00
4407        ,  3.911400000000000e+00,  3.270639455632874e+00,  3.872329999999999e+02
5091        ,  3.107900000000000e+00,  3.373210865865364e+00,  3.999600000000000e+02
4733        ,  4.222000000000001e-01,  5.210803341013976e-01,  4.606932816966848e+01
3117        ,  0.000000000000000e+00,  1.497912668564683e-01,  0.000000000000000e+00
3133        ,  0.000000000000000e+00,  1.497912668564683e-01,  0.000000000000000e+00
5543        ,  4.231000000000000e-01,  7.601217396511945e-01,  7.572944458550619e+01
3130        ,  0.000000000000000e+00,  1.497912668564683e-01,  0.000000000000000e+00
3738        ,  1.802400000000000e+00,  1.724647526212408e+00,  1.954072345051419e+02
4181        ,  1.362600000000000e+00,  1.371796037560647e+00,  1.516256301975455e+02
5279        ,  2.576100000000000e+00,  2.659785177760623e+00,  3.114385619898489e+02
5335        ,  4.263500000000000e+00,  4.629865783795811e+00,  5.558850000000000e+02
3708        ,  3.914400000000000e+00,  3.160310156978386e+00,  3.735434057866320e+02
4104        ,  3.053999999999999e+00,  3.078408330264632e+00,  3.633810755015816e+02
5918        ,  0.000000000000000e+00,  1.497912668564683e-01,  0.000000000000000e+00
3657        ,  7.258000000000000e-01,  7.434007999058651e-01,  7.365472025777727e+01
5456        ,  0.000000000000000e+00,  1.497912668564683e-01,  0.000000000000000e+00
5503        ,  8.586999999999998e-01,  7.580610983958325e-01,  7.547376143561530e+01
4630        ,  2.287500000000000e+00,  1.688359682357043e+00,  1.909046602722204e+02
3167        ,  0.000000000000000e+00,  1.497912668564683e-01,  0.000000000000000e+00
4037        ,  1.423100000000000e+00,  1.228072594453876e+00,  1.337925102640877e+02
4293        ,  1.136700000000000e+00,  1.731185538402364e+00,  1.962184671961322e+02
4496        ,  1.123700000000000e+00,  5.161541200924494e-01,  4.545808644500293e+01
3461        ,  1.653900000000000e+00,  1.678182509986205e+00,  1.896418827353797e+02
4673        ,  1.365500000000000e+00,  1.252476209881048e+00,  1.368204964528088e+02
3363        ,  3.151200000000000e+00,  2.730276968789308e+00,  3.201851417861937e+02
3231        ,  1.677200000000000e+00,  1.678177347262262e+00,  1.896412421476421e+02
5651        ,  5.059999999999998e-01,  5.072089548860508e-01,  4.434817562946677e+01
3608        ,  1.196200000000000e+00,  8.266212740831224e-01,  8.398066754126774e+01
3191        ,  0.000000000000000e+00,  1.497912668564683e-01,  0.000000000000000e+00
5053        ,  0.000000000000000e+00,  1.497912668564683e-01,  0.000000000000000e+00
3411        ,  0.000000000000000e+00,  1.497912668564683e-01,  0.000000000000000e+00
3000        ,  0.000000000000000e+00,  1.497912668564683e-01,  0.000000000000000e+00
4241        ,  2.871100000000000e+00,  2.534059038530986e+00,  2.958385368917367e+02
3998        ,  5.336600000000000e+00,  4.892673743514154e+00,  5.884940564198553e+02
5095        ,  9.836999999999998e-01,  6.884228865058943e-01,  6.683309323465771e+01
5209        ,  1.572700000000000e+00,  1.234051503020957e+00,  1.345343697077745e+02
4307        ,  0.000000000000000e+00,  1.497912668564683e-01,  0.000000000000000e+00
3745        ,  2.101100000000000e+00,  1.187266252617063e+00,  1.287292834703840e+02
4270        ,  7.806999999999999e-01,  9.693434138644527e-01,  1.016895463495036e+02
5623        ,  3.708000000000000e+00,  4.233356413634062e+00,  5.066863515402542e+02
4963        ,  4.657000000000000e+00,  4.838554720431316e+00,  5.817790000000000e+02
4299        ,  3.159100000000000e+00,  2.584237423789191e+00,  3.020646412977663e+02
5627        ,  1.765000000000000e+00,  1.523779674776386e+00,  1.704836701373341e+02
4285        ,  0.000000000000000e+00,  1.497912668564683e-01,  0.000000000000000e+00
3873        ,  3.645000000000000e+00,  3.433672146572846e+00,  4.074620000000000e+02
4228        ,  0.000000000000000e+00,  1.497912668564683e-01,  0.000000000000000e+00
5070        ,  2.822200000000000e+00,  2.540872818549475e+00,  2.966839866920149e+02
4947        ,  8.538999999999999e-01,  1.064970453864837e+00,  1.135548929926504e+02
4434        ,  1.092800000000000e+00,  6.416710867661307e-01,  6.103215753591554e+01
5901        ,  2.864800000000001e+00,  4.151585936040787e+00,  4.965403189764943e+02
2996        ,  0.000000000000000e+00,  1.497912668564683e-01,  0.000000000000000e+00
5415        ,  1.726200000000000e+00,  1.716077284871235e+00,  1.943438440213621e+02
4165        ,  0.000000000000000e+00,  1.497912668564683e-01,  0.000000000000000e+00
5130        ,  3.741200000000000e+00,  3.098681653213707e+00,  3.658965774390908e+02
3586        ,  2.156900000000000e+00,  2.190675741564645e+00,  2.532317402162790e+02
3538        ,  1.800000000000246e-03,  1.497912668564683e-01,  0.000000000000000e+00
5102        ,  3.760100000000000e+00,  3.751205356426353e+00,  4.468613331343080e+02
3426        ,  3.814500000000001e+00,  3.852895202192344e+00,  4.594789491359824e+02
5160        ,  4.105000000000000e+00,  4.154521388209849e+00,  4.969045481478684e+02
3607        ,  1.498500000000000e+00,  1.384353245067284e+00,  1.531837210883185e+02
5248        ,  3.171000000000000e+00,  3.002521127244921e+00,  3.539650361720770e+02
5521        ,  0.000000000000000e+00,  1.497912668564683e-01,  0.000000000000000e+00
3841        ,  1.915000000000000e+00,  1.685540010715896e+00,  1.905547970803666e+02
5075        ,  0.000000000000000e+00,  1.497912668564683e-01,  0.000000000000000e+00
4794        ,  8.492000000000002e-01,  1.935473273137749e+00,  2.215663686638428e+02
5729        ,  3.487600000000000e+00,  3.256777725231145e+00,  3.855130446788930e+02
3717        ,  1.106800000000000e+00,  1.339718643830084e+00,  1.476454861292956e+02
3858        ,  3.167000000000000e-01,  3.288890310976246e-01,  2.222234480671321e+01
4893        ,  2.208000000000006e-01,  2.855244258579093e-01,  1.684169020096180e+01
3367        ,  2.085999999999997e-01,  4.236115757031393e-01,  3.397546219548575e+01
4738        ,  4.309900000000000e+00,  3.870396612378777e+00,  4.616505137750749e+02
3369        ,  0.000000000000000e+00,  1.497912668564683e-01,  0.000000000000000e+00
5429        ,  3.010400000000000e+00,  2.831396227644250e+00,  3.327319597009504e+02
3345        ,  1.220300000000000e+00,  1.497912668564683e-01,  0.000000000000000e+00
3120        ,  0.000000000000000e+00,  1.497912668564683e-01,  0.000000000000000e+00
3238        ,  0.000000000000000e+00,  1.497912668564683e-01,  0.000000000000000e+00
4457        ,  5.621100000000000e+00,  4.959122670229229e+00,  5.967390000000001e+02
4172        ,  2.572000000000000e+00,  1.902350243485973e+00,  2.174564827080716e+02
5121        ,  2.568900000000000e+00,  2.735474938788392e+00,  3.208301028336084e+02
4808        ,  8.830000000000001e-01,  6.747507157183139e-01,  6.513665835851499e+01
4444        ,  9.563000000000001e-01,  3.339418710235511e-01,  2.284929820036848e+01
3211        ,  1.219999999999999e-02,  1.497912668564683e-01,  0.000000000000000e+00
4993        ,  7.869999999999999e-01,  7.393330802065550e-01,  7.315000000000001e+01
3814        ,  2.086700000000000e+00,  1.961089991095613e+00,  2.247448758980785e+02
5174        ,  1.404900000000000e+00,  1.371875848152394e+00,  1.516355330486311e+02
4712        ,  1.100500000000000e+00,  1.072280647500686e+00,  1.144619375013744e+02
3573        ,  2.447999999999999e-01,  6.526146966655216e-01,  6.239003418861884e+01
3627        ,  2.072800000000000e+00,  1.713701099608845e+00,  1.940490083574486e+02
2981        ,  2.159200000000000e+00,  1.509224177501815e+00,  1.686776326324039e+02
3590        ,  1.610000000000000e+00,  1.614507167012386e+00,  1.817410837876910e+02
5874        ,  4.438800000000000e+00,  4.811604237535311e+00,  5.784349999999999e+02
3765        ,  2.134000000000000e+00,  2.047127992426214e+00,  2.354204202866428e+02
5382        ,  5.297999999999998e-01,  8.326379542970990e-01,  8.472721366859227e+01
3086        ,  1.589400000000000e+00,  1.478439990176448e+00,  1.648579488511054e+02
4089        ,  4.025900000000000e+00,  4.108055655902012e+00,  4.911391075271200e+02
5467        ,  0.000000000000000e+00,  1.244455677060894e+00,  1.358253134776432e+02
5145        ,  8.130000000000002e-01,  8.930268826189592e-01,  9.222023622731767e+01
4547        ,  3.463000000000000e+00,  2.367359385848068e+00,  2.751545424444857e+02
3729        ,  9.948000000000000e-01,  6.826658763672208e-01,  6.611876681690811e+01
4602        ,  3.186700000000000e+00,  3.142726868849561e+00,  3.713616817808069e+02
3857        ,  2.970300000000000e+00,  2.921732312273206e+00,  3.439408077266018e+02
4247        ,  1.700000000000035e-03,  8.843679304145273e-01,  9.114583855201984e+01
5779        ,  0.000000000000000e+00,  1.497912668564683e-01,  0.000000000000000e+00
3289        ,  0.000000000000000e+00,  1.497912668564683e-01,  0.000000000000000e+00
4669        ,  0.000000000000000e+00,  1.497912668564683e-01,  0.000000000000000e+00
4404        ,  2.805900000000000e+00,  2.286324530393478e+00,  2.650997854412140e+02
3672        ,  0.000000000000000e+00,  1.497912668564683e-01,  0.000000000000000e+00
3412        ,  4.977500000000000e+00,  5.015567138115815e+00,  6.037425962376293e+02
4441        ,  4.190000000000000e+00,  4.221494346729924e+00,  5.052145132848693e+02
3495        ,  1.237600000000000e+00,  4.555835220736773e-01,  3.794252241758409e+01
4701        ,  2.185200000000000e+00,  2.047229376801116e+00,  2.354330000000000e+02
3533        ,  0.000000000000000e+00,  1.497912668564683e-01,  0.000000000000000e+00
5819        ,  0.000000000000000e+00,  1.497912668564683e-01,  0.000000000000000e+00
5012        ,  0.000000000000000e+00,  1.497912668564683e-01,  0.000000000000000e+00
3799        ,  3.415900000000000e+00,  2.995848714611343e+00,  3.531371271534229e+02
4895        ,  2.159000000000000e-01,  8.025117658256100e-01,  8.098917399644982e+01
4502        ,  7.188000000000000e+00,  6.548648415557007e+00,  7.939664156603043e+02
3595        ,  1.518500000000000e+00,  1.662655675182823e+00,  1.877153222435747e+02
3794        ,  0.000000000000000e+00,  1.640680030621927e-01,  1.771448996152178e+00
5645        ,  2.352200000000000e+00,  2.172176443955303e+00,  2.509363582951330e+02
3558        ,  0.000000000000000e+00,  1.497912668564683e-01,  0.000000000000000e+00
3681        ,  1.421999999999999e-01,  1.497912668564683e-01,  0.000000000000000e+00
3267        ,  2.079300000000000e+00,  8.982427854020100e-01,  9.286742236397527e+01
3032        ,  1.967300000000000e+00,  1.497912668564683e-01,  0.000000000000000e+00
3827        ,  1.014500000000000e+00,  1.054203720309903e+00,  1.122189630522991e+02
3313        ,  3.882800000000000e+00,  3.571524851517075e+00,  4.245666822096777e+02
4700        ,  7.430000000000003e-02,  1.497912668564683e-01,  0.000000000000000e+00
5556        ,  1.465900000000000e+00,  1.514224118498758e+00,  1.692980223581944e+02
5555        ,  0.000000000000000e+00,  1.497912668564683e-01,  0.000000000000000e+00
3273        ,  3.100000000000014e-02,  1.497912668564683e-01,  0.000000000000000e+00
4814        ,  2.224100000000000e+00,  2.138541868192181e+00,  2.467629999999999e+02
3278        ,  1.245800000000000e+00,  9.222099087205742e-01,  9.584124886966516e+01
3829        ,  0.000000000000000e+00,  1.497912668564683e-01,  0.000000000000000e+00
4792        ,  3.406700000000000e+00,  2.757112464408504e+00,  3.235148742328022e+02
3789        ,  4.554000000000000e+00,  4.056547451925885e+00,  4.847480000000000e+02
3112        ,  0.000000000000000e+00,  1.497912668564683e-01,  0.000000000000000e+00
3985        ,  2.974100000000000e+00,  2.548827509122137e+00,  2.976710000000000e+02
4326        ,  3.563700000000000e+00,  4.265316269206883e+00,  5.106519115433131e+02
4136        ,  0.000000000000000e+00,  1.497912668564683e-01,  0.000000000000000e+00
4528        ,  4.040300000000000e+00,  3.984155778590586e+00,  4.757656839291761e+02
3390        ,  0.000000000000000e+00,  1.497912668564683e-01,  0.000000000000000e+00
4287        ,  1.774800000000000e+00,  1.835760448149439e+00,  2.091940602325772e+02
3348        ,  0.000000000000000e+00,  1.497912668564683e-01,  0.000000000000000e+00
3265        ,  0.000000000000000e+00,  1.497912668564683e-01,  0.000000000000000e+00
3210        ,  7.141999999999999e-01,  7.368281174208018e-01,  7.283918569704736e+01
4984        ,  0.000000000000000e+00,  1.497912668564683e-01,  0.000000000000000e+00
4950        ,  1.466200000000001e+00,  1.027000837423088e+00,  1.088436454105139e+02
5269        ,  0.000000000000000e+00,  1.497912668564683e-01,  0.000000000000000e+00
3054        ,  2.297200000000000e+00,  1.443339939746992e+00,  1.605027553249254e+02
4218        ,  2.750400000000000e+00,  2.872816231752140e+00,  3.378713293468026e+02
3173        ,  0.000000000000000e+00,  1.497912668564683e-01,  0.000000000000000e+00
3046        ,  0.000000000000000e+00,  1.497912668564683e-01,  0.000000000000000e+00
3952        ,  2.400100000000000e+00,  2.612336910144074e+00,  3.055512089683093e+02
5760        ,  2.773000000000000e+00,  3.023522819468639e+00,  3.565709137389879e+02
3755        ,  1.748400000000000e+00,  1.433783338107318e+00,  1.593169778378805e+02
4671        ,  1.044100000000000e+00,  8.352278366171697e-01,  8.504856473720710e+01
4846        ,  0.000000000000000e+00,  1.497912668564683e-01,  0.000000000000000e+00
3101        ,  0.000000000000000e+00,  1.497912668564683e-01,  0.000000000000000e+00
5348        ,  7.317000000000000e-01,  4.122202205327478e-01,  3.256202957400804e+01
3597        ,  2.477700000000000e+00,  2.172451068822912e+00,  2.509704335865045e+02
3812        ,  9.600000000000053e-03,  1.497912668564683e-01,  0.000000000000000e+00
4549        ,  4.942399999999999e+00,  4.764884156988621e+00,  5.726380000000000e+02
5480        ,  2.703000000000000e+00,  2.175676725992589e+00,  2.513706712229514e+02
3623        ,  2.059900000000000e+00,  2.064855570635542e+00,  2.376200477204347e+02
4290        ,  4.068000000000001e-01,  5.277889562388299e-01,  4.690173004217444e+01
4253        ,  0.000000000000000e+00,  1.497912668564683e-01,  0.000000000000000e+00
5507        ,  2.815200000000000e+00,  3.095495220040248e+00,  3.655012066929278e+02
3734        ,  1.765000000000000e+00,  1.907384966921670e+00,  2.180811882183193e+02
3114        ,  0.000000000000000e+00,  1.497912668564683e-01,  0.000000000000000e+00
3721        ,  1.803700000000000e+00,  1.675131862951556e+00,  1.892633602531210e+02
3643        ,  1.559600000000000e+00,  1.267389012127201e+00,  1.386708681475783e+02
5734        ,  1.483100000000000e+00,  1.661279100371300e+00,  1.875445176540058e+02
3284        ,  0.000000000000000e+00,  1.497912668564683e-01,  0.000000000000000e+00
3017        ,  0.000000000000000e+00,  1.497912668564683e-01,  0.000000000000000e+00
4804        ,  4.575000000000000e-01,  4.761889523396405e-01,  4.049923203482058e+01
3561        ,  0.000000000000000e+00,  1.497912668564683e-01,  0.000000000000000e+00
4742        ,  2.144300000000000e+00,  1.652835564970425e+00,  1.864968487684619e+02
4617        ,  2.861800000000000e+00,  2.849286558057047e+00,  3.349517813320227e+02
4006        ,  0.000000000000000e+00,  3.768685440745471e-01,  2.817561443879903e+01
5334        ,  2.209999999999979e-02,  1.497912668564683e-01,  0.000000000000000e+00
3448        ,  1.538000000000000e+00,  9.827616529134402e-01,  1.033544735255012e+02
5233        ,  6.469999999999976e-02,  1.497912668564683e-01,  0.000000000000000e+00
4598        ,  2.164400000000000e+00,  2.261468178163054e+00,  2.620156239373450e+02
5683        ,  0.000000000000000e+00,  1.497912668564683e-01,  0.000000000000000e+00
3457        ,  2.942700000000000e+00,  2.883608768033773e+00,  3.392104608742430e+02
5907        ,  7.605000000000004e-01,  8.436249506919149e-01,  8.609047369202257e+01
4222        ,  2.760500000000000e+00,  2.525502153879527e+00,  2.947768036981277e+02
3600        ,  1.261000000000001e-01,  2.924680157795820e-01,  1.770324673735754e+01
5621        ,  2.851700000000000e+00,  3.261022275188083e+00,  3.860397059305957e+02
4291        ,  4.773200000000000e+00,  4.252470370347493e+00,  5.090580000000000e+02
5502        ,  4.470800000000000e+00,  4.565681081109275e+00,  5.479209999999999e+02
4152        ,  0.000000000000000e+00,  1.497912668564683e-01,  0.000000000000000e+00
4856        ,  4.825800000000000e+00,  3.798640830614404e+00,  4.527470987547957e+02
3906        ,  1.246300000000000e+00,  1.341898740034471e+00,  1.479159911787080e+02
5195        ,  2.369000000000003e-01,  2.976509271523893e-01,  1.834633931931782e+01
4210        ,  3.155900000000000e+00,  3.014372959406259e+00,  3.554356045066203e+02
4295        ,  1.103200000000000e+00,  9.874749633096152e-01,  1.039392982956409e+02
3305        ,  0.000000000000000e+00,  1.497912668564683e-01,  0.000000000000000e+00
4705        ,  2.014900000000000e+00,  1.981175650881587e+00,  2.272370927011495e+02
3736        ,  4.481999999999999e-01,  6.870981632475900e-01,  6.666872235518726e+01
4589        ,  1.158500000000000e+00,  1.333875566858904e+00,  1.469204805898021e+02
4178        ,  2.596900000000000e+00,  2.085704737251332e+00,  2.402070000000000e+02
4347        ,  3.522500000000000e+00,  3.949706274000297e+00,  4.714912097464888e+02
5841        ,  3.369700000000000e+00,  3.357702523972904e+00,  3.980357340976598e+02
4279        ,  3.202400000000000e+00,  3.244429508044050e+00,  3.839808851835332e+02
3678        ,  5.503999999999998e-01,  3.597117505555068e-01,  2.604680963225593e+01
3612        ,  2.530999999999999e-01,  4.291532826214156e-01,  3.466307391681277e+01
3667        ,  2.740100000000000e+00,  2.715789690357207e+00,  3.183875688349450e+02
3113        ,  1.532700000000000e+00,  1.007068675821873e+00,  1.063704745715475e+02
5665        ,  1.656300000000000e+00,  1.438672897030610e+00,  1.599236714211675e+02
5148        ,  0.000000000000000e+00,  1.497912668564683e-01,  0.000000000000000e+00
3316        ,  0.000000000000000e+00,  1.497912668564683e-01,  0.000000000000000e+00
5123        ,  5.819999999999992e-02,  9.525398852026330e-01,  9.960457443779600e+01
4048        ,  5.700300000000000e+00,  4.825788702217419e+00,  5.801949999999999e+02
3184        ,  0.000000000000000e+00,  1.497912668564683e-01,  0.000000000000000e+00
3675        ,  1.858500000000000e+00,  1.878827177615661e+00,  2.145377545882876e+02
4019        ,  1.387000000000000e-01,  1.497912668564683e-01,  0.000000000000000e+00
4708        ,  4.946400000000000e+00,  4.488293622016426e+00,  5.383188097830351e+02
4026        ,  2.560600000000000e+00,  2.456007918358597e+00,  2.861540000000000e+02
5747        ,  9.680999999999997e-01,  1.497912668564683e-01,  0.000000000000000e+00
3140        ,  0.000000000000000e+00,  1.497912668564683e-01,  0.000000000000000e+00
5820        ,  0.000000000000000e+00,  1.497912668564683e-01,  0.000000000000000e+00
5746        ,  1.736800000000000e+00,  2.394240559266793e+00,  2.784899425654812e+02
4331        ,  3.055899999999999e+00,  1.497912668564683e-01,  0.000000000000000e+00
3798        ,  1.146800000000000e+00,  1.292535212857799e+00,  1.417909938821561e+02
5168        ,  0.000000000000000e+00,  1.497912668564683e-01,  0.000000000000000e+00
5757        ,  5.346700000000000e+00,  5.435454724835245e+00,  6.558420000000000e+02
5186        ,  0.000000000000000e+00,  1.497912668564683e-01,  0.000000000000000e+00
5181        ,  0.000000000000000e+00,  1.497912668564683e-01,  0.000000000000000e+00
3644        ,  5.740000000000003e-01,  7.055218090610611e-01,  6.895471744618365e+01
3059        ,  0.000000000000000e+00,  1.497912668564683e-01,  0.000000000000000e+00
4527        ,  2.819700000000000e+00,  2.513648402703914e+00,  2.933059972534265e+02
3271        ,  0.000000000000000e+00,  1.497912668564683e-01,  0.000000000000000e+00
3674        ,  4.303999999999999e-01,  3.469391842122622e-01,  2.446199714423395e+01
3966        ,  1.750200000000000e+00,  1.008979670611293e+00,  1.066075896763298e+02
4508        ,  4.478999999999997e-01,  1.497912668564683e-01,  0.000000000000000e+00
3441        ,  2.360700000000000e+00,  2.139031869071897e+00,  2.468237990197464e+02
5065        ,  7.812999999999999e-01,  7.949126923396783e-01,  8.004628544654842e+01
3690        ,  2.423100000000000e+00,  2.321521810879525e+00,  2.694670432153890e+02
4214        ,  7.783000000000002e-01,  9.847289517814499e-01,  1.035985748071001e+02
5671        ,  3.270300000000000e+00,  2.454038062284929e+00,  2.859095814218334e+02
4177        ,  2.914400000000000e+00,  2.906943981615682e+00,  3.421058803930329e+02
4213        ,  0.000000000000000e+00,  1.497912668564683e-01,  0.000000000000000e+00
5490        ,  2.288300000000000e+00,  2.462510510308295e+00,  2.869608377684993e+02
5822        ,  0.000000000000000e+00,  1.497912668564683e-01,  0.000000000000000e+00
3256        ,  1.546800000000000e+00,  5.761450650092754e-01,  5.290172745789221e+01
4661        ,  5.475600000000000e+00,  5.129619687345058e+00,  6.178941691832532e+02
4855        ,  1.489400000000000e+00,  1.694874424547380e+00,  1.917130056354018e+02
3424        ,  0.000000000000000e+00,  1.497912668564683e-01,  0.000000000000000e+00
5684        ,  4.439300000000000e+00,  5.273751827459223e+00,  6.357780000000001e+02
3012        ,  0.000000000000000e+00,  1.497912668564683e-01,  0.000000000000000e+00
3826        ,  3.180200000000001e+00,  3.410876308604171e+00,  4.046335058887293e+02
3531        ,  4.588000000000001e-01,  4.806642748675178e-01,  4.105452741082443e+01
4370        ,  8.121000000000000e-01,  1.016022001579528e+00,  1.074813979434636e+02
4032        ,  5.322200000000000e+00,  4.874696101653011e+00,  5.862634012358409e+02
5212        ,  0.000000000000000e+00,  1.497912668564683e-01,  0.000000000000000e+00
4684        ,  0.000000000000000e+00,  1.497912668564683e-01,  0.000000000000000e+00
3362        ,  0.000000000000000e+00,  1.497912668564683e-01,  0.000000000000000e+00
3287        ,  5.146999999999995e-01,  5.107092369233373e-01,  4.478248855728527e+01
5906        ,  0.000000000000000e+00,  3.422282471692269e+00,  4.060487758678900e+02
3155        ,  0.000000000000000e+00,  1.497912668564683e-01,  0.000000000000000e+00
4511        ,  3.130800000000000e+00,  2.825562424248773e+00,  3.320081048212529e+02
4340        ,  0.000000000000000e+00,  1.497912668564683e-01,  0.000000000000000e+00
4348        ,  2.519400000000000e+00,  2.030519287887468e+00,  2.333596220370573e+02
3584        ,  3.670800000000000e+00,  3.804507245105690e+00,  4.534750000000001e+02
4289        ,  4.016000000000002e-01,  3.206244762873650e-01,  2.119688372714176e+01
5286        ,  3.213700000000000e+00,  3.138588834401607e+00,  3.708482369105478e+02
5632        ,  2.338000000000005e-01,  1.497912668564683e-01,  0.000000000000000e+00
4039        ,  6.776000000000000e-01,  8.552925574828695e-01,  8.753818345141754e+01
5364        ,  0.000000000000000e+00,  1.497912668564683e-01,  0.000000000000000e+00
3560        ,  1.123000000000000e+00,  3.680902805967032e-01,  2.708641269116494e+01
3698        ,  4.599200000000000e+00,  4.419864771333180e+00,  5.298281984063201e+02
3762        ,  3.050900000000000e+00,  3.182563046509293e+00,  3.763045311764255e+02
4694        ,  2.325100000000000e+00,  2.923120070921245e+00,  3.441130000000001e+02
5479        ,  1.344900000000000e+00,  1.076479056180495e+00,  1.149828735706632e+02
4903        ,  1.562900000000000e+00,  1.967037343099257e+00,  2.254828198220123e+02
5805        ,  3.861999999999999e-01,  5.767207692917242e-01,  5.297316050523082e+01
3144        ,  2.984600000000000e+00,  2.524538169042139e+00,  2.946571930288619e+02
4896        ,  0.000000000000000e+00,  1.497912668564683e-01,  0.000000000000000e+00
4227        ,  4.606999999999999e-01,  1.071567164971118e+00,  1.143734090105090e+02
4874        ,  2.149500000000000e+00,  1.384904675735627e+00,  1.532521422799555e+02
3245        ,  0.000000000000000e+00,  1.497912668564683e-01,  0.000000000000000e+00
5437        ,  3.014500000000000e+00,  3.053085393271522e+00,  3.602390204359369e+02
5916        ,  9.017999999999997e-01,  1.084561030925132e+00,  1.159856802235293e+02
4408        ,  7.400000000000002e-01,  1.497912668564683e-01,  0.000000000000000e+00
3972        ,  9.501000000000001e-01,  6.031741058220467e-01,  5.625547487780611e+01
4236        ,  1.189800000000000e+00,  1.433490844042019e+00,  1.592806853470137e+02
5331        ,  1.814300000000000e+00,  1.238962360792100e+00,  1.351437060395230e+02
3784        ,  2.679300000000000e+00,  2.646853580233981e+00,  3.098340170065194e+02
3934        ,  1.132800000000000e+00,  1.024764546121488e+00,  1.085661677066299e+02
4437        ,  0.000000000000000e+00,  1.497912668564683e-01,  0.000000000000000e+00
4080        ,  2.228600000000000e+00,  2.609710485461251e+00,  3.052253237449072e+02
5511        ,  1.303200000000000e+00,  1.395812204390300e+00,  1.546055419931248e+02
4409        ,  2.585300000000000e+00,  2.282824248356191e+00,  2.646654725133955e+02
3187        ,  0.000000000000000e+00,  1.497912668564683e-01,  0.000000000000000e+00
4300        ,  4.141800000000000e+00,  3.921150701919430e+00,  4.679480512284431e+02
4498        ,  0.000000000000000e+00,  1.497912668564683e-01,  0.000000000000000e+00
3192        ,  1.573799999999999e+00,  1.720422964489668e+00,  1.948830533817329e+02
4131        ,  8.060000000000000e-01,  5.473211986388398e-01,  4.932527914285929e+01
4086        ,  1.453300000000000e+00,  7.418334168576856e-01,  7.346024029490100e+01
3601        ,  2.851500000000000e+00,  2.815495445145755e+00,  3.307590000000000e+02
4482        ,  1.776600000000000e+00,  2.797853517197384e+00,  3.285700000000000e+02
4586        ,  1.556100000000000e+00,  1.886359949088586e+00,  2.154724164235750e+02
3064        ,  0.000000000000000e+00,  2.090357157777590e-01,  7.351016230665423e+00
5408        ,  2.319000000000000e+00,  1.599296950519421e+00,  1.798538091088386e+02
4610        ,  1.037200000000000e+00,  1.010495425463403e+00,  1.067956636431309e+02
4383        ,  5.411300000000000e+00,  4.869937848540478e+00,  5.856730000000000e+02
2990        ,  0.000000000000000e+00,  1.497912668564683e-01,  0.000000000000000e+00
4891        ,  2.943400000000000e+00,  1.497912668564683e-01,  0.000000000000000e+00
3434        ,  0.000000000000000e+00,  1.497912668564683e-01,  0.000000000000000e+00
5178        ,  1.411000000000000e+00,  8.006368018566287e-01,  8.075652957458668e+01
5588        ,  0.000000000000000e+00,  1.497912668564683e-01,  0.000000000000000e+00
3720        ,  2.619999999999978e-02,  1.497912668564683e-01,  0.000000000000000e+00
4890        ,  2.595300000000000e+00,  2.724803524084531e+00,  3.195060000000000e+02
4512        ,  7.999000000000001e-01,  5.167860964080400e-01,  4.553650169297788e+01
5514        ,  0.000000000000000e+00,  1.497912668564683e-01,  0.000000000000000e+00
3501        ,  1.934100000000000e+00,  1.952922666341944e+00,  2.237314790665020e+02
5517        ,  1.991000000000000e+00,  1.771685840855779e+00,  2.012437208038997e+02
3513        ,  2.600500000000000e+00,  2.458421730560061e+00,  2.864535043922903e+02
3239        ,  9.895999999999999e-01,  1.283590956767502e+00,  1.406811958692088e+02
3963        ,  0.000000000000000e+00,  1.497912668564683e-01,  0.000000000000000e+00
3071        ,  0.000000000000000e+00,  1.497912668564683e-01,  0.000000000000000e+00
5146        ,  3.059299999999999e+00,  3.217107862141898e+00,  3.805908314969500e+02
4277        ,  2.930600000000000e+00,  2.680592409871159e+00,  3.140203110607700e+02
4506        ,  1.594500000000000e+00,  1.779466243805114e+00,  2.022091086065217e+02
4810        ,  2.130700000000000e+00,  2.359739971864411e+00,  2.742091300576403e+02
4125        ,  1.822700000000000e+00,  1.602235821055854e+00,  1.802184624292170e+02
3651        ,  2.001500000000000e+00,  2.014734097840596e+00,  2.314010049792321e+02
3018        ,  0.000000000000000e+00,  1.956579369890807e-01,  5.691109339870049e+00
4198        ,  4.097700000000001e+00,  3.941648333060293e+00,  4.704913851939065e+02
4495        ,  0.000000000000000e+00,  1.497912668564683e-01,  0.000000000000000e+00
5520        ,  0.000000000000000e+00,  1.497912668564683e-01,  0.000000000000000e+00
3661        ,  4.347600000000000e+00,  3.994756377654455e+00,  4.770810000000000e+02
3870        ,  1.333400000000000e+00,  6.120229558914616e-01,  5.735343496803183e+01
4345        ,  1.651000000000000e+00,  1.368010139147573e+00,  1.511558781585127e+02
5042        ,  3.263400000000000e+00,  3.174132177128548e+00,  3.752584338831784e+02
3404        ,  2.820000000000000e-02,  1.497912668564683e-01,  0.000000000000000e+00
4400        ,  2.935200000000000e+00,  2.065314569270802e+00,  2.376770000000000e+02
3249        ,  0.000000000000000e+00,  1.497912668564683e-01,  0.000000000000000e+00
4553        ,  3.322600000000000e+00,  3.327755666542787e+00,  3.943199457152126e+02
4068        ,  6.594600000000000e+00,  5.540153804770051e+00,  6.688330000000001e+02
4203        ,  1.323500000000000e+00,  1.513250909121830e+00,  1.691772671135109e+02
3957        ,  2.369100000000000e+00,  1.815244906208677e+00,  2.066485039056410e+02
5733        ,  3.228000000000000e-01,  4.655701295120344e-01,  3.918165477015569e+01
3015        ,  0.000000000000000e+00,  1.497912668564683e-01,  0.000000000000000e+00
3202        ,  0.000000000000000e+00,  1.497912668564683e-01,  0.000000000000000e+00
4717        ,  0.000000000000000e+00,  1.497912668564683e-01,  0.000000000000000e+00
4841        ,  4.640900000000000e+00,  3.826227206650167e+00,  4.561700000000000e+02
5828        ,  3.484800000000000e+00,  2.922974147524747e+00,  3.440948939111491e+02
4866        ,  4.522399999999999e+00,  3.919224103222233e+00,  4.677090000000000e+02
5817        ,  3.843800000000000e+00,  3.942704483944818e+00,  4.706224317718651e+02
4031        ,  3.750400000000000e+00,  3.624453196547190e+00,  4.311340000000000e+02
3288        ,  0.000000000000000e+00,  1.497912668564683e-01,  0.000000000000000e+00
3496        ,  4.153700000000000e+00,  3.843869134598538e+00,  4.583590000000000e+02
3796        ,  3.416900000000000e+00,  2.874626932289290e+00,  3.380960000000000e+02
5409        ,  5.116999999999998e-01,  1.497912668564683e-01,  0.000000000000000e+00
5282        ,  3.805300000000000e+00,  3.755436782902349e+00,  4.473863660322464e+02
3828        ,  3.228500000000000e+00,  3.333978390164628e+00,  3.950920575868898e+02
5063        ,  0.000000000000000e+00,  1.497912668564683e-01,  0.000000000000000e+00
3252        ,  4.925999999999999e-01,  2.968995284357249e-01,  1.825310621035196e+01
3014        ,  1.998000000000002e-01,  1.497912668564683e-01,  0.000000000000000e+00
5068        ,  2.732000000000000e+00,  2.519578156813133e+00,  2.940417576410138e+02
3899        ,  3.063600000000000e+00,  2.466005674974182e+00,  2.873945157358970e+02
4141        ,  3.190800000000000e+00,  3.529021883686757e+00,  4.192929390647763e+02
4921        ,  3.986700000000000e+00,  3.562013577099601e+00,  4.233865288975918e+02
5838        ,  1.495700000000000e+00,  1.828752797237088e+00,  2.083245550462943e+02
4786        ,  1.332600000000000e+00,  1.118035676263808e+00,  1.201391944460566e+02
5692        ,  2.643300000000000e+00,  2.395849916113552e+00,  2.786896306124942e+02
3463        ,  1.951400000000000e+00,  1.979127077606069e+00,  2.269829069390699e+02
4422        ,  4.267999999999996e-01,  6.864039491837988e-01,  6.658258468417498e+01
3366        ,  0.000000000000000e+00,  1.497912668564683e-01,  0.000000000000000e+00
3028        ,  0.000000000000000e+00,  1.497912668564683e-01,  0.000000000000000e+00
3709        ,  2.167100000000000e+00,  1.779969119399599e+00,  2.022715051132726e+02
5803        ,  2.048100000000000e+00,  2.142898781892494e+00,  2.473036032786152e+02
3373        ,  0.000000000000000e+00,  1.497912668564683e-01,  0.000000000000000e+00
4983        ,  0.000000000000000e+00,  3.514903695666846e+00,  4.175411626338768e+02
5375        ,  2.877700000000000e+00,  2.632693156555097e+00,  3.080770000000000e+02
5835        ,  0.000000000000000e+00,  1.497912668564683e-01,  0.000000000000000e+00
4094        ,  1.604600000000000e+00,  1.344165282023877e+00,  1.481972223700680e+02
5417        ,  2.387700000000000e+00,  2.473686849444894e+00,  2.883475913274987e+02
5313        ,  3.138300000000000e+00,  3.176465698486739e+00,  3.755479758350574e+02
4436        ,  1.310000000000011e-02,  1.497912668564683e-01,  0.000000000000000e+00
3260        ,  0.000000000000000e+00,  1.497912668564683e-01,  0.000000000000000e+00
4778        ,  3.289100000000000e+00,  3.092264469478681e+00,  3.651003370714235e+02
4478        ,  0.000000000000000e+00,  1.497912668564683e-01,  0.000000000000000e+00
5362        ,  1.485500000000000e+00,  1.147566107596287e+00,  1.238033129242622e+02
4615        ,  0.000000000000000e+00,  1.497912668564683e-01,  0.000000000000000e+00
4697        ,  9.560000000000013e-02,  1.497912668564683e-01,  0.000000000000000e+00
3244        ,  0.000000000000000e+00,  1.497912668564683e-01,  0.000000000000000e+00
5599        ,  1.938499999999999e+00,  2.092986839296377e+00,  2.411105589207287e+02
3817        ,  2.727700000000000e+00,  2.820895381532391e+00,  3.314290209174949e+02
3165        ,  1.235000000000000e+00,  1.507134868540992e+00,  1.684183924105514e+02
3983        ,  0.000000000000000e+00,  1.497912668564683e-01,  0.000000000000000e+00
5238        ,  2.869999999999995e-02,  1.497912668564683e-01,  0.000000000000000e+00
3079        ,  3.068500000000000e+00,  2.386860408908872e+00,  2.775742178680009e+02
3241        ,  3.769000000000000e-01,  8.095944308849634e-01,  8.186798689378718e+01
3656        ,  2.389100000000000e+00,  2.099934511907974e+00,  2.419726220348789e+02
5796        ,  1.643200000000000e+00,  1.468522524404136e+00,  1.636273955556196e+02
3337        ,  0.000000000000000e+00,  1.497912668564683e-01,  0.000000000000000e+00
5704        ,  2.854299999999999e+00,  3.004361618443955e+00,  3.541934032330057e+02
5189        ,  6.053000000000002e-01,  5.261795993920707e-01,  4.670204199516134e+01
2997        ,  0.000000000000000e+00,  1.497912668564683e-01,  0.000000000000000e+00
4912        ,  0.000000000000000e+00,  1.497912668564683e-01,  0.000000000000000e+00
3732        ,  0.000000000000000e+00,  1.497912668564683e-01,  0.000000000000000e+00
3415        ,  1.425400000000000e+00,  1.579907437313778e-01,  1.017386247790131e+00
5472        ,  0.000000000000000e+00,  1.497912668564683e-01,  0.000000000000000e+00
4618        ,  9.976000000000003e-01,  1.107972488014998e+00,  1.188905599917549e+02
5698        ,  2.943900000000000e+00,  2.982200045417341e+00,  3.514436083411307e+02
4062        ,  5.457999999999998e-01,  3.255365131595001e-01,  2.180636636104495e+01
5396        ,  3.100000000000103e-03,  1.497912668564683e-01,  0.000000000000000e+00
3240        ,  1.162500000000000e+00,  1.262916707865917e+00,  1.381159472763107e+02
4096        ,  3.949999999999998e-02,  1.410573410675728e+00,  1.564371037506245e+02
5882        ,  0.000000000000000e+00,  1.497912668564683e-01,  0.000000000000000e+00
5695        ,  2.888000000000000e+00,  2.034206993652262e+00,  2.338171903902871e+02
3911        ,  1.346200000000000e+00,  1.577491959536944e+00,  1.771482587063923e+02
4721        ,  2.367300000000000e+00,  3.362413991751700e+00,  3.986203302369234e+02
3785        ,  1.859500000000000e+00,  1.931365739321375e+00,  2.210567082939356e+02
5548        ,  0.000000000000000e+00,  1.497912668564683e-01,  0.000000000000000e+00
5293        ,  2.833800000000000e+00,  2.816027362571334e+00,  3.308250000000000e+02
3232        ,  9.213999999999998e-01,  9.259566926294335e-01,  9.630614760411727e+01
3655        ,  2.189700000000000e+00,  1.844413923186063e+00,  2.102677783041284e+02
4773        ,  2.457200000000000e+00,  2.057158502078591e+00,  2.366650000000000e+02
5682        ,  3.568200000000000e+00,  3.202908636775812e+00,  3.788290000000000e+02
4144        ,  7.689000000000000e-01,  4.195195319278298e-01,  3.346772382072498e+01
3749        ,  2.032700000000000e+00,  2.055269773418321e+00,  2.364306476633716e+02
3296        ,  6.007300000000000e+00,  6.020736543951749e+00,  7.284634224315730e+02
5247        ,  0.000000000000000e+00,  1.497912668564683e-01,  0.000000000000000e+00
3229        ,  5.016000000000003e-01,  6.401421811031444e-01,  6.084245182426818e+01
4845        ,  0.000000000000000e+00,  1.497912668564683e-01,  0.000000000000000e+00
3319        ,  9.309000000000001e-01,  3.598034780238071e-01,  2.605819112234573e+01
3459        ,  2.935700000000000e+00,  2.778697536971771e+00,  3.261931372876830e+02
3485        ,  1.129800000000000e+00,  1.311884903235568e+00,  1.441918920357418e+02
5562        ,  3.304500000000000e+00,  3.104769871756482e+00,  3.666520000000000e+02
3652        ,  1.815100000000000e+00,  1.682380113361785e+00,  1.901627188829954e+02
3196        ,  0.000000000000000e+00,  1.497912668564683e-01,  0.000000000000000e+00
5376        ,  2.012700000000000e+00,  2.108685217001191e+00,  2.430584043544252e+02
3326        ,  1.114300000000000e+00,  7.995690937351406e-01,  8.062404898149180e+01
3405        ,  2.360100000000000e+00,  2.186705940701451e+00,  2.527391696698533e+02
5728        ,  3.545400000000000e+00,  3.868248683270910e+00,  4.613840000000000e+02
5262        ,  2.010999999999994e-01,  2.298448394061116e-01,  9.933000000000000e+00
3624        ,  1.820700000000000e+00,  1.707598402117062e+00,  1.932917892570982e+02
4558        ,  0.000000000000000e+00,  1.497912668564683e-01,  0.000000000000000e+00
3358        ,  0.000000000000000e+00,  1.497912668564683e-01,  0.000000000000000e+00
4098        ,  2.567200000000000e+00,  3.492803633716381e+00,  4.147990000000000e+02
2987        ,  0.000000000000000e+00,  1.497912668564683e-01,  0.000000000000000e+00
4229        ,  6.249999999999996e-01,  3.960750002022063e-01,  3.055874017122942e+01
5741        ,  1.094500000000000e+00,  1.169034046288242e+00,  1.264670420775732e+02
5485        ,  6.596000000000002e-01,  6.640786645353284e-01,  6.381247655095282e+01
5538        ,  0.000000000000000e+00,  1.497912668564683e-01,  0.000000000000000e+00
5220        ,  2.462000000000000e-01,  9.137328450520593e-01,  9.478941981647529e+01
5595        ,  1.449800000000000e+00,  1.411403903141289e+00,  1.565401507652385e+02
3518        ,  1.070500000000000e+00,  1.154298165374788e+00,  1.246386226772701e+02
4115        ,  3.576900000000000e+00,  2.462408162880303e+00,  2.869481385600835e+02
4070        ,  7.039999999999997e-01,  1.497912668564683e-01,  0.000000000000000e+00
4076        ,  3.507100000000000e+00,  3.197358646568217e+00,  3.781403604930267e+02
5496        ,  2.170000000000000e+00,  2.264344965537243e+00,  2.623725740156203e+02
5813        ,  4.605999999999999e-01,  1.497912668564683e-01,  0.000000000000000e+00
5626        ,  2.421200000000000e+00,  2.465909938547012e+00,  2.873826368165585e+02
4109        ,  3.027700000000000e+00,  2.912291634728204e+00,  3.427694140327557e+02
4907        ,  3.617400000000000e+00,  3.686729035477829e+00,  4.388611493125986e+02
4193        ,  4.166600000000000e+00,  3.875784180133280e+00,  4.623190000000001e+02
3967        ,  2.306200000000000e+00,  2.199682315227840e+00,  2.543492705568646e+02
5159        ,  2.832700000000000e+00,  2.617737197338051e+00,  3.062212734137719e+02
5320        ,  0.000000000000000e+00,  1.497912668564683e-01,  0.000000000000000e+00
3838        ,  1.593100000000000e+00,  1.045096597668707e+00,  1.110889566539100e+02
5030        ,  2.814400000000000e+00,  2.566380784166245e+00,  2.998490000000000e+02
5355        ,  1.801200000000000e+00,  1.241490342263474e+00,  1.354573764873920e+02
4324        ,  0.000000000000000e+00,  1.833036528092161e-01,  4.158197055630678e+00
3781        ,  1.123700000000000e+00,  1.244455677060894e+00,  1.358253134776432e+02
3148        ,  4.490000000000016e-02,  1.497912668564683e-01,  0.000000000000000e+00
3941        ,  1.333200000000000e+00,  1.109068532327351e+00,  1.190265565226761e+02
5524        ,  0.000000000000000e+00,  1.497912668564683e-01,  0.000000000000000e+00
4304        ,  3.197500000000000e+00,  3.722704156416607e+00,  4.433249210707333e+02
4579        ,  0.000000000000000e+00,  1.497912668564683e-01,  0.000000000000000e+00
4960        ,  0.000000000000000e+00,  1.497912668564683e-01,  0.000000000000000e+00
3333        ,  0.000000000000000e+00,  1.497912668564683e-01,  0.000000000000000e+00
3638        ,  3.944000000000000e+00,  3.592715456820975e+00,  4.271960000000000e+02
4596        ,  1.153000000000000e-01,  7.548618894701387e-01,  7.507680548166071e+01
3645        ,  0.000000000000000e+00,  1.497912668564683e-01,  0.000000000000000e+00
4365        ,  4.376200000000001e+00,  4.763465710520410e+00,  5.724620000000000e+02
5703        ,  3.516900000000001e+00,  3.252499602741127e+00,  3.849822177671148e+02
5482        ,  9.074999999999998e-01,  9.707448701529334e-01,  1.018634382180376e+02
4940        ,  4.171100000000000e+00,  4.640681438115918e+00,  5.572270000000001e+02
4100        ,  0.000000000000000e+00,  1.497912668564683e-01,  0.000000000000000e+00
4789        ,  3.575900000000000e+00,  3.608750530091615e+00,  4.291856224206421e+02
4275        ,  3.135000000000000e+00,  2.308068241470130e+00,  2.677977322691391e+02
4197        ,  1.164100000000000e+00,  9.740104565808353e-01,  1.022686302532617e+02
3154        ,  0.000000000000000e+00,  1.497912668564683e-01,  0.000000000000000e+00
3659        ,  1.149999999999984e-02,  1.497912668564683e-01,  0.000000000000000e+00
5067        ,  2.608600000000000e+00,  3.581456537979552e+00,  4.257990000000000e+02
5018        ,  1.576900000000000e+00,  1.319760537819463e+00,  1.451690961233335e+02
4723        ,  8.354000000000004e-01,  1.054614173495014e+00,  1.122698918410821e+02
4392        ,  4.559800000000000e+00,  5.078360826463193e+00,  6.115340000000000e+02
3324        ,  2.361700000000000e+00,  2.307435874344766e+00,  2.677192685297184e+02
4996        ,  0.000000000000000e+00,  1.497912668564683e-01,  0.000000000000000e+00
3052        ,  4.224600000000000e+00,  4.228105990578133e+00,  5.060348821485265e+02
3380        ,  3.602999999999998e-01,  7.390924930778974e-01,  7.312014809117390e+01
3617        ,  2.533399999999999e+00,  2.537574181828159e+00,  2.962746937959043e+02
3997        ,  2.932200000000000e+00,  2.713633258147372e+00,  3.181200000000001e+02
5278        ,  1.021200000000000e+00,  1.497912668564683e-01,  0.000000000000000e+00
5105        ,  1.147400000000000e+00,  1.436433885180486e+00,  1.596458561532293e+02
4114        ,  2.924900000000000e+00,  3.565191464738716e+00,  4.237808393189007e+02
3833        ,  2.096400000000000e+00,  1.961089991095613e+00,  2.247448758980785e+02
3095        ,  0.000000000000000e+00,  1.497912668564683e-01,  0.000000000000000e+00
3011        ,  0.000000000000000e+00,  1.497912668564683e-01,  0.000000000000000e+00
5315        ,  1.127500000000000e+00,  1.250993689250850e+00,  1.366365461686335e+02
5049        ,  3.301000000000000e+00,  3.258916786476153e+00,  3.857784581347821e+02
3790        ,  0.000000000000000e+00,  1.497912668564683e-01,  0.000000000000000e+00
3618        ,  3.023200000000000e+00,  7.620489332118220e-01,  7.596856962425248e+01
3301        ,  1.573000000000000e+00,  1.497912668564683e-01,  0.000000000000000e+00
4357        ,  2.144500000000000e+00,  1.497912668564683e-01,  0.000000000000000e+00
3352        ,  2.475100000000000e+00,  2.178885317860102e+00,  2.517687914067851e+02
4411        ,  0.000000000000000e+00,  1.497912668564683e-01,  0.000000000000000e+00
4616        ,  3.628800000000000e+00,  3.218515778948197e+00,  3.807655249827191e+02
4259        ,  0.000000000000000e+00,  1.497912668564683e-01,  0.000000000000000e+00
3487        ,  0.000000000000000e+00,  1.497912668564683e-01,  0.000000000000000e+00
4917        ,  2.182400000000000e+00,  2.047439609011970e+00,  2.354590854885535e+02
5549        ,  2.207500000000000e+00,  3.124716775215695e+00,  3.691270000000000e+02
3735        ,  4.644100000000000e+00,  4.075607826342467e+00,  4.871130000000000e+02
5911        ,  1.002100000000000e+00,  1.739184824256998e+00,  1.972110138603652e+02
4467        ,  1.254100000000000e+00,  1.014980773810143e+00,  1.073522030168176e+02
3445        ,  0.000000000000000e+00,  1.497912668564683e-01,  0.000000000000000e+00
4870        ,  2.521100000000000e+00,  2.517287403708402e+00,  2.937575223487640e+02
3325        ,  6.866999999999999e-01,  2.136881933412664e+00,  2.465570362729631e+02
4281        ,  2.025100000000000e+00,  1.677280807310903e+00,  1.895300000000000e+02
3654        ,  0.000000000000000e+00,  1.497912668564683e-01,  0.000000000000000e+00
5206        ,  2.109000000000000e+00,  2.218419237160821e+00,  2.566741367637399e+02
3947        ,  5.163000000000002e-01,  5.262941915206411e-01,  4.671626051879292e+01
4924        ,  3.480100000000000e+00,  3.542271954295230e+00,  4.209370000000000e+02
5144        ,  1.861700000000000e+00,  1.132813602846921e+00,  1.219728308482177e+02
3039        ,  1.061300000000000e+00,  1.282936485117700e+00,  1.405999894134514e+02
4388        ,  0.000000000000000e+00,  1.497912668564683e-01,  0.000000000000000e+00
3816        ,  3.645000000000000e+00,  3.181813351599259e+00,  3.762115094747801e+02
3142        ,  0.000000000000000e+00,  1.497912668564683e-01,  0.000000000000000e+00
4664        ,  1.383200000000000e+00,  2.002479567237505e+00,  2.298804700598814e+02
3944        ,  1.181500000000000e+00,  2.027080882399320e+00,  2.329329867149099e+02
4389        ,  1.188300000000000e+00,  1.304398188878039e+00,  1.432629449401300e+02
3399        ,  0.000000000000000e+00,  1.497912668564683e-01,  0.000000000000000e+00
3008        ,  0.000000000000000e+00,  1.497912668564683e-01,  0.000000000000000e+00
3515        ,  0.000000000000000e+00,  1.497912668564683e-01,  0.000000000000000e+00
5619        ,  0.000000000000000e+00,  1.497912668564683e-01,  0.000000000000000e+00
3269        ,  0.000000000000000e+00,  1.497912668564683e-01,  0.000000000000000e+00
4525        ,  1.162800000000000e+00,  1.619195536437491e+00,  1.823228138968711e+02
3019        ,  3.700100000000000e+00,  2.631782921462331e+00,  3.079640585673009e+02
4112        ,  5.923999999999998e-01,  1.497912668564683e-01,  0.000000000000000e+00
5264        ,  0.000000000000000e+00,  1.497912668564683e-01,  0.000000000000000e+00
4500        ,  0.000000000000000e+00,  1.497912668564683e-01,  0.000000000000000e+00
5530        ,  0.000000000000000e+00,  1.785585204922732e-01,  3.569423840357063e+00
3940        ,  2.413200000000000e+00,  2.086711224211559e+00,  2.403318843075646e+02
5810        ,  1.667300000000000e+00,  1.807831158229229e+00,  2.057286104351255e+02
4207        ,  1.619500000000000e+00,  2.984241876605759e+00,  3.516969575490249e+02
4780        ,  3.433200000000000e+00,  3.531549865158131e+00,  4.196066095126452e+02
3303        ,  0.000000000000000e+00,  1.497912668564683e-01,  0.000000000000000e+00
4836        ,  2.266100000000000e+00,  2.324725285375639e+00,  2.698645284388019e+02
4231        ,  3.127200000000000e+00,  3.273112374738482e+00,  3.875398383420460e+02
3819        ,  0.000000000000000e+00,  1.497912668564683e-01,  0.000000000000000e+00
5097        ,  1.196899999999999e+00,  1.300217296444613e+00,  1.427441822763468e+02
3763        ,  0.000000000000000e+00,  1.497912668564683e-01,  0.000000000000000e+00
4562        ,  2.138600000000000e+00,  2.172977312579331e+00,  2.510357296009862e+02
4323        ,  0.000000000000000e+00,  1.497912668564683e-01,  0.000000000000000e+00
3413        ,  1.719700000000000e+00,  1.394025279006496e+00,  1.543838213469124e+02
5719        ,  2.343600000000000e+00,  1.966923794491089e+00,  2.254687307777759e+02
4777        ,  1.779300000000000e+00,  1.840320049573163e+00,  2.097598128842001e+02
5400        ,  3.421000000000000e+00,  3.247735329968154e+00,  3.843910696153618e+02
3626        ,  3.394699999999999e+00,  3.352416918988602e+00,  3.973798993530390e+02
4443        ,  2.707600000000000e+00,  2.859301253885950e+00,  3.361943988755034e+02
3567        ,  3.290600000000000e+00,  3.338594259167015e+00,  3.956647918864400e+02
4372        ,  0.000000000000000e+00,  1.497912668564683e-01,  0.000000000000000e+00
3207        ,  0.000000000000000e+00,  1.497912668564683e-01,  0.000000000000000e+00
4597        ,  2.728600000000000e+00,  1.890452354982040e+00,  2.159801997297412e+02
5191        ,  2.255300000000000e+00,  2.183045626132293e+00,  2.522850000000000e+02
5883        ,  5.354999999999999e-01,  6.229493147556514e-01,  5.870917112247634e+01
3138        ,  0.000000000000000e+00,  1.497912668564683e-01,  0.000000000000000e+00
3539        ,  2.172700000000000e+00,  2.213473268720069e+00,  2.560604439208437e+02
5478        ,  5.165000000000000e+00,  4.957260959239701e+00,  5.965079999999999e+02
3753        ,  0.000000000000000e+00,  1.497912668564683e-01,  0.000000000000000e+00
3195        ,  8.440000000000003e-02,  1.497912668564683e-01,  0.000000000000000e+00
4979        ,  1.930300000000000e+00,  1.936776625945932e+00,  2.217280879104842e+02
5128        ,  4.194100000000000e+00,  4.073657462448677e+00,  4.868710000000000e+02
5207        ,  0.000000000000000e+00,  1.497912668564683e-01,  0.000000000000000e+00
5603        ,  1.377800000000001e+00,  1.637580203193862e+00,  1.846039724894848e+02
4572        ,  2.515200000000000e+00,  2.358663692497397e+00,  2.740755859494630e+02
