# c0 + a0 * ((min:vdw_radius * mp_bandgap) / cbrt(min:period))
# Property Label: $bandgap$; Unit of the Property: eV
# RMSE: 0.462496789192846; Max AE: 4.33512043386213
# Coefficients
# Task   a0                      c0
# all ,  8.049158561188227e-03,  1.334724130425893e-01, 
# Feature Rung, Units, and Expressions
# 0;  2; eV * pm;                                          20|0|mult|11|cbrt|div; ((min:vdw_radius * mp_bandgap) / cbrt(min:period)); $\left(\frac{ \left(min:vdw_{radius} mp_{bandgap}\right) }{ \left(\sqrt[3]{ min:period }\right) } \right)$; ((min:vdw_radius .* mp_bandgap) ./ nthroot(min:period, 3)); min:vdw_radius,mp_bandgap,min:period
# Number of Samples Per Task
# Task, n_samples               
# all , 1016                  

# Sample ID , Property Value        ,  Property Value (EST) ,  Feature 0 Value      
3033        ,  0.000000000000000e+00,  1.251077394326427e+00,  1.388474301739753e+02
5293        ,  2.833800000000000e+00,  2.796335294047685e+00,  3.308250000000000e+02
3707        ,  1.609999999999999e+00,  1.800733295733238e+00,  2.071348042179114e+02
4870        ,  2.521100000000000e+00,  2.497973288969585e+00,  2.937575223487640e+02
5075        ,  0.000000000000000e+00,  1.334724130425893e-01,  0.000000000000000e+00
5016        ,  3.666500000000000e+00,  2.964547471265736e+00,  3.517231070430324e+02
5647        ,  3.195000000000000e+00,  2.974036567603037e+00,  3.529020000000000e+02
4329        ,  2.076200000000000e+00,  1.671577916290218e+00,  1.910889804884862e+02
3574        ,  2.645500000000000e+00,  2.435589129637944e+00,  2.860071272164768e+02
3908        ,  1.994499999999999e+00,  1.716414354124163e+00,  1.966593065658155e+02
4303        ,  0.000000000000000e+00,  1.334724130425893e-01,  0.000000000000000e+00
4983        ,  0.000000000000000e+00,  3.494327436905544e+00,  4.175411626338768e+02
4042        ,  1.349900000000000e+00,  1.565494746580238e+00,  1.779095693856293e+02
3447        ,  1.737800000000000e+00,  1.658738883676697e+00,  1.894939028768426e+02
3615        ,  3.120000000000012e-02,  1.481279104968994e-01,  1.820749006607543e+00
4735        ,  0.000000000000000e+00,  1.334724130425893e-01,  0.000000000000000e+00
4750        ,  9.359000000000002e-01,  2.797176271015508e-01,  1.816900648027148e+01
4141        ,  3.190800000000000e+00,  3.508427763161607e+00,  4.192929390647763e+02
4420        ,  0.000000000000000e+00,  1.334724130425893e-01,  0.000000000000000e+00
4136        ,  0.000000000000000e+00,  1.334724130425893e-01,  0.000000000000000e+00
3925        ,  4.481500000000000e+00,  4.419818379205105e+00,  5.325210000000000e+02
4443        ,  2.707600000000000e+00,  2.839554436974877e+00,  3.361943988755034e+02
4617        ,  2.861800000000000e+00,  2.829552411336487e+00,  3.349517813320227e+02
4712        ,  1.100500000000000e+00,  1.054794697211969e+00,  1.144619375013744e+02
4913        ,  1.940700000000000e+00,  1.757968616286306e+00,  2.018218663347969e+02
4046        ,  0.000000000000000e+00,  6.626087014269522e-01,  6.573808732452788e+01
4558        ,  0.000000000000000e+00,  1.334724130425893e-01,  0.000000000000000e+00
4191        ,  1.821500000000000e+00,  2.330014605823012e+00,  2.728909085443791e+02
4636        ,  3.054200000000000e+00,  2.381787529829368e+00,  2.793230000000000e+02
5195        ,  2.369000000000003e-01,  2.811450072411406e-01,  1.834633931931782e+01
4525        ,  1.162800000000000e+00,  1.601017651420517e+00,  1.823228138968711e+02
3086        ,  1.589400000000000e+00,  1.460440183417395e+00,  1.648579488511054e+02
5751        ,  5.041900000000000e+00,  4.811699712915115e+00,  5.812070000000000e+02
5102        ,  3.760100000000000e+00,  3.730330138304589e+00,  4.468613331343080e+02
5500        ,  1.070000000000002e-01,  2.424265175695219e-01,  1.353608625034324e+01
3022        ,  0.000000000000000e+00,  1.334724130425893e-01,  0.000000000000000e+00
3170        ,  1.528999999999998e-01,  1.334724130425893e-01,  0.000000000000000e+00
4533        ,  1.544200000000000e+00,  1.438202670104857e+00,  1.620952360602599e+02
5493        ,  0.000000000000000e+00,  9.038813415519004e-01,  9.571297703391028e+01
5258        ,  3.733000000000000e-01,  8.737440774297470e-01,  9.196882615241684e+01
3559        ,  4.266400000000000e+00,  5.177815690070761e+00,  6.266920000000000e+02
3426        ,  3.814500000000001e+00,  3.831891330166252e+00,  4.594789491359824e+02
4705        ,  2.014900000000000e+00,  1.962539803177570e+00,  2.272370927011495e+02
5105        ,  1.147400000000000e+00,  1.418487222856579e+00,  1.596458561532293e+02
4062        ,  5.457999999999998e-01,  3.089953135260012e-01,  2.180636636104495e+01
3907        ,  1.832000000000000e+00,  1.141037863026396e+00,  1.251764942042673e+02
3583        ,  1.527200000000000e+00,  1.589109597139123e+00,  1.808433978571856e+02
5228        ,  8.589000000000000e-01,  1.007760341974963e+00,  1.086185496640670e+02
3315        ,  3.259000000000000e+00,  3.782949379469662e+00,  4.533985681465234e+02
3746        ,  0.000000000000000e+00,  1.334724130425893e-01,  0.000000000000000e+00
3201        ,  0.000000000000000e+00,  5.574032616942117e-01,  5.266772239967418e+01
5331        ,  1.814300000000000e+00,  1.221265531501321e+00,  1.351437060395230e+02
3126        ,  0.000000000000000e+00,  1.334724130425893e-01,  0.000000000000000e+00
5676        ,  4.641999999999999e-01,  1.334724130425893e-01,  0.000000000000000e+00
5120        ,  8.623000000000001e-01,  2.038750250845119e+00,  2.367052187280145e+02
4244        ,  6.532000000000000e-01,  1.334724130425893e-01,  0.000000000000000e+00
3178        ,  0.000000000000000e+00,  1.334724130425893e-01,  0.000000000000000e+00
5371        ,  4.331500000000000e+00,  3.670013886096380e+00,  4.393678477283869e+02
4218        ,  2.750400000000000e+00,  2.853052316234452e+00,  3.378713293468026e+02
5277        ,  4.523999999999999e-01,  8.844982993271668e-01,  9.330489399300765e+01
3755        ,  1.748400000000000e+00,  1.415840029149000e+00,  1.593169778378805e+02
3400        ,  6.249000000000002e-01,  3.219552708650653e-01,  2.341646724805629e+01
5825        ,  2.044100000000000e+00,  2.177683038448246e+00,  2.539657542916992e+02
3969        ,  2.773000000000000e+00,  1.878777333419200e+00,  2.168307292133858e+02
3278        ,  1.245800000000000e+00,  9.040448641146375e-01,  9.573329251924878e+01
4278        ,  7.349000000000001e-01,  1.334724130425893e-01,  0.000000000000000e+00
3966        ,  1.750200000000000e+00,  9.915738061734608e-01,  1.066075896763298e+02
4647        ,  3.913400000000000e+00,  3.498463395340134e+00,  4.180550000000000e+02
4890        ,  2.595300000000000e+00,  2.705226868293595e+00,  3.195060000000000e+02
3933        ,  3.733600000000000e+00,  3.590508171332071e+00,  4.294903289591987e+02
3444        ,  2.131800000000000e+00,  2.214942669507536e+00,  2.585947637435630e+02
4994        ,  3.688700000000000e+00,  4.255278046509769e+00,  5.120790703940007e+02
4339        ,  0.000000000000000e+00,  1.334724130425893e-01,  0.000000000000000e+00
4325        ,  2.300000000000000e-01,  4.565120433862131e+00,  5.505728315737560e+02
5893        ,  4.026400000000000e+00,  3.771082049897770e+00,  4.519242116058144e+02
5161        ,  4.347900000000000e+00,  4.243938882415762e+00,  5.106703313304316e+02
3743        ,  0.000000000000000e+00,  1.334724130425893e-01,  0.000000000000000e+00
4950        ,  1.466200000000001e+00,  1.009572173329563e+00,  1.088436454105139e+02
4189        ,  1.018400000000000e+00,  1.085606989590337e+00,  1.182899515905663e+02
4450        ,  5.732999999999999e-01,  3.626160779180280e-01,  2.846802720228836e+01
4947        ,  8.538999999999999e-01,  1.047493752139194e+00,  1.135548929926504e+02
4749        ,  2.372800000000001e+00,  2.278063614454678e+00,  2.664366946071816e+02
5135        ,  1.470899999999999e+00,  1.334724130425893e-01,  0.000000000000000e+00
3721        ,  1.803700000000000e+00,  1.656883209543250e+00,  1.892633602531210e+02
4840        ,  3.246200000000000e+00,  3.330430549616270e+00,  3.971791724900176e+02
4848        ,  7.781000000000002e-01,  7.212327780471395e-01,  7.302134260823709e+01
5490        ,  2.288300000000000e+00,  2.443265697092651e+00,  2.869608377684993e+02
5388        ,  1.719900000000000e+00,  1.648974968198604e+00,  1.882808673273662e+02
3448        ,  1.538000000000000e+00,  9.653889584574792e-01,  1.033544735255012e+02
4846        ,  0.000000000000000e+00,  1.334724130425893e-01,  0.000000000000000e+00
4953        ,  2.663900000000000e+00,  2.546044120643520e+00,  2.997296784826641e+02
3082        ,  3.936999999999999e-01,  1.334724130425893e-01,  0.000000000000000e+00
4747        ,  3.408700000000000e+00,  2.821880954778886e+00,  3.339987057404209e+02
5625        ,  8.441999999999998e-01,  1.046181529306973e+00,  1.133918669046132e+02
5067        ,  2.608600000000000e+00,  3.560796079237975e+00,  4.257990000000000e+02
4444        ,  9.563000000000001e-01,  3.173900372692280e-01,  2.284929820036848e+01
3134        ,  0.000000000000000e+00,  1.334724130425893e-01,  0.000000000000000e+00
5724        ,  0.000000000000000e+00,  1.334724130425893e-01,  0.000000000000000e+00
5875        ,  4.952999999999994e-01,  3.492442671057300e-01,  2.680675904479737e+01
4937        ,  0.000000000000000e+00,  1.334724130425893e-01,  0.000000000000000e+00
4070        ,  7.039999999999997e-01,  1.334724130425893e-01,  0.000000000000000e+00
3180        ,  1.234700000000000e+00,  1.481009949491136e+00,  1.674134664145095e+02
5476        ,  0.000000000000000e+00,  1.334724130425893e-01,  0.000000000000000e+00
3830        ,  6.069000000000000e-01,  6.124379758866073e-01,  5.950504754043664e+01
3277        ,  1.579500000000000e+00,  1.679112232320756e+00,  1.920250182088596e+02
4700        ,  7.430000000000003e-02,  1.334724130425893e-01,  0.000000000000000e+00
5159        ,  2.832700000000000e+00,  2.598295997559013e+00,  3.062212734137719e+02
4672        ,  6.372000000000000e-01,  6.259993454495425e-01,  6.118986583042858e+01
5042        ,  3.263400000000000e+00,  3.153987048791461e+00,  3.752584338831784e+02
5909        ,  1.706400000000000e+00,  1.479503086285028e+00,  1.672262588704348e+02
3339        ,  0.000000000000000e+00,  1.770709884726378e-01,  5.416538275227172e+00
5517        ,  1.991000000000000e+00,  1.753315031236672e+00,  2.012437208038997e+02
5696        ,  0.000000000000000e+00,  1.334724130425893e-01,  0.000000000000000e+00
4993        ,  7.869999999999999e-01,  7.222683617935082e-01,  7.315000000000001e+01
4049        ,  4.949900000000000e+00,  5.850282642065233e+00,  7.102370000000001e+02
3296        ,  6.007300000000000e+00,  5.996990006220161e+00,  7.284634224315730e+02
3504        ,  0.000000000000000e+00,  1.334724130425893e-01,  0.000000000000000e+00
5474        ,  0.000000000000000e+00,  1.334724130425893e-01,  0.000000000000000e+00
4069        ,  2.483500000000000e+00,  2.452097327293540e+00,  2.880580493756197e+02
3708        ,  3.914400000000000e+00,  3.140182515705466e+00,  3.735434057866320e+02
3778        ,  4.467100000000000e+00,  4.004296666800886e+00,  4.808980000000000e+02
3067        ,  0.000000000000000e+00,  8.671161382662745e-01,  9.114539360191009e+01
3503        ,  7.069999999999999e-01,  3.943019360010033e-01,  3.240457011445803e+01
4651        ,  3.520400000000000e+00,  3.430729726047735e+00,  4.096400000000000e+02
3793        ,  0.000000000000000e+00,  1.334724130425893e-01,  0.000000000000000e+00
3873        ,  3.645000000000000e+00,  3.413198658701467e+00,  4.074620000000000e+02
4895        ,  2.159000000000000e-01,  7.853671162796763e-01,  8.098917399644982e+01
5431        ,  0.000000000000000e+00,  1.334724130425893e-01,  0.000000000000000e+00
5297        ,  1.494600000000000e+00,  1.614257742749535e+00,  1.839677176751194e+02
3520        ,  8.754999999999997e-01,  9.588376758763315e-01,  1.025405645272691e+02
5591        ,  4.297800000000001e+00,  4.203617098552257e+00,  5.056608904606829e+02
5160        ,  4.105000000000000e+00,  4.133135910860371e+00,  4.969045481478684e+02
3573        ,  2.447999999999999e-01,  6.356596908647368e-01,  6.239003418861884e+01
4237        ,  0.000000000000000e+00,  1.334724130425893e-01,  0.000000000000000e+00
3838        ,  1.593100000000000e+00,  1.027645039546877e+00,  1.110889566539100e+02
5749        ,  1.189500000000000e+00,  1.024204828707170e+00,  1.106615565954375e+02
4112        ,  5.923999999999998e-01,  1.334724130425893e-01,  0.000000000000000e+00
5658        ,  1.245900000000000e+00,  1.433713978231286e+00,  1.615375762950250e+02
5582        ,  0.000000000000000e+00,  6.095432670190040e-01,  5.914541878600246e+01
5068        ,  2.732000000000000e+00,  2.500261143905589e+00,  2.940417576410138e+02
4409        ,  2.585300000000000e+00,  2.263806766974714e+00,  2.646654725133955e+02
4907        ,  3.617400000000000e+00,  3.665935390204997e+00,  4.388611493125986e+02
5719        ,  2.343600000000000e+00,  1.948305977662768e+00,  2.254687307777759e+02
3741        ,  4.134000000000000e+00,  3.777986524694517e+00,  4.527820000000000e+02
3665        ,  1.944300000000001e+00,  1.992683897242811e+00,  2.309820921114719e+02
5189        ,  6.053000000000002e-01,  5.093845541929143e-01,  4.670204199516134e+01
3079        ,  3.068500000000000e+00,  2.367711305159935e+00,  2.775742178680009e+02
4684        ,  0.000000000000000e+00,  1.334724130425893e-01,  0.000000000000000e+00
3508        ,  5.225600000000000e+00,  4.849378948021153e+00,  5.858881396271557e+02
4472        ,  1.962400000000000e+00,  1.637466326512402e+00,  1.868510729459144e+02
3772        ,  6.627000000000001e-01,  3.265212185680274e-01,  2.398372501397711e+01
3998        ,  5.336600000000000e+00,  4.870354385482854e+00,  5.884940564198553e+02
4086        ,  1.453300000000000e+00,  7.247655351192360e-01,  7.346024029490100e+01
4023        ,  0.000000000000000e+00,  2.321048579326642e+00,  2.717770000000000e+02
3485        ,  1.129800000000000e+00,  1.294095815276009e+00,  1.441918920357418e+02
3689        ,  1.522999999999999e-01,  7.184634105827409e-01,  7.267728584213583e+01
4165        ,  0.000000000000000e+00,  1.334724130425893e-01,  0.000000000000000e+00
3463        ,  1.951400000000000e+00,  1.960493821674595e+00,  2.269829069390699e+02
5755        ,  1.744400000000000e+00,  1.611538745488613e+00,  1.836299187312605e+02
4114        ,  2.924900000000000e+00,  3.544551583913852e+00,  4.237808393189007e+02
3199        ,  2.250400000000000e+00,  1.698701454000156e+00,  1.944587162818302e+02
3686        ,  1.206600000000000e+00,  1.085628577620416e+00,  1.182926336137759e+02
4562        ,  2.138600000000000e+00,  2.154098805124500e+00,  2.510357296009862e+02
3600        ,  1.261000000000001e-01,  2.759686530794183e-01,  1.770324673735754e+01
3272        ,  0.000000000000000e+00,  1.334724130425893e-01,  0.000000000000000e+00
3567        ,  3.290600000000000e+00,  3.318241060016085e+00,  3.956647918864400e+02
4052        ,  2.301500000000000e+00,  2.090787260229370e+00,  2.431701192500598e+02
3337        ,  0.000000000000000e+00,  1.334724130425893e-01,  0.000000000000000e+00
3662        ,  2.304500000000000e+00,  2.420828858792940e+00,  2.841733615212431e+02
3222        ,  0.000000000000000e+00,  1.334724130425893e-01,  0.000000000000000e+00
4931        ,  7.595999999999998e-01,  9.666667627999319e-01,  1.035132235777879e+02
4792        ,  3.406700000000000e+00,  2.737494932645281e+00,  3.235148742328022e+02
4038        ,  0.000000000000000e+00,  3.629174505592497e-01,  2.850546871110332e+01
3618        ,  3.023200000000000e+00,  7.449554756148651e-01,  7.596856962425248e+01
4741        ,  0.000000000000000e+00,  1.334724130425893e-01,  0.000000000000000e+00
3319        ,  9.309000000000001e-01,  3.432189252040975e-01,  2.605819112234573e+01
4531        ,  8.411000000000000e-01,  9.019603181553553e-01,  9.547431564067993e+01
4586        ,  1.556100000000000e+00,  1.867844058398323e+00,  2.154724164235750e+02
5773        ,  3.998000000000000e+00,  3.787880784158451e+00,  4.540112290416097e+02
3637        ,  3.929200000000000e+00,  3.441885859813541e+00,  4.110260000000000e+02
3000        ,  0.000000000000000e+00,  1.335728705896634e-01,  1.248050293833776e-02
3231        ,  1.677200000000000e+00,  1.659924840829652e+00,  1.896412421476421e+02
3487        ,  0.000000000000000e+00,  1.334724130425893e-01,  0.000000000000000e+00
3897        ,  3.892500000000000e+00,  3.400625873028890e+00,  4.059000000000000e+02
3474        ,  3.947700000000000e+00,  3.644114872346105e+00,  4.361502426143374e+02
3858        ,  3.167000000000000e-01,  3.123435899932217e-01,  2.222234480671321e+01
4762        ,  2.902400000000000e+00,  3.536494254624673e+00,  4.227798242155296e+02
5355        ,  1.801200000000000e+00,  1.223790314672177e+00,  1.354573764873920e+02
3779        ,  3.920900000000000e+00,  3.604855058879293e+00,  4.312727373237699e+02
4547        ,  3.463000000000000e+00,  2.348234954009451e+00,  2.751545424444857e+02
3537        ,  2.426400000000000e+00,  2.612226844552819e+00,  3.079519943193060e+02
3521        ,  0.000000000000000e+00,  1.334724130425893e-01,  0.000000000000000e+00
4845        ,  0.000000000000000e+00,  1.334724130425893e-01,  0.000000000000000e+00
3788        ,  7.426000000000001e-01,  6.867925823253231e-01,  6.874261018421930e+01
3211        ,  1.219999999999999e-02,  1.334724130425893e-01,  0.000000000000000e+00
3763        ,  0.000000000000000e+00,  1.334724130425893e-01,  0.000000000000000e+00
5299        ,  3.388300000000000e+00,  2.660780367069277e+00,  3.139841183167851e+02
4560        ,  4.276800000000000e+00,  3.763139542282947e+00,  4.509374615555520e+02
3975        ,  1.985400000000000e+00,  1.827893241821952e+00,  2.105090632640277e+02
4984        ,  0.000000000000000e+00,  1.334724130425893e-01,  0.000000000000000e+00
4289        ,  4.016000000000002e-01,  3.040894911654238e-01,  2.119688372714176e+01
5409        ,  5.116999999999998e-01,  1.334724130425893e-01,  0.000000000000000e+00
3675        ,  1.858500000000000e+00,  1.860320817085004e+00,  2.145377545882876e+02
4096        ,  3.949999999999998e-02,  1.392659465984419e+00,  1.564371037506245e+02
4039        ,  6.776000000000000e-01,  8.380811318014323e-01,  8.753818345141754e+01
3789        ,  4.554000000000000e+00,  4.035285927261461e+00,  4.847480000000000e+02
4751        ,  0.000000000000000e+00,  1.334724130425893e-01,  0.000000000000000e+00
5535        ,  1.533700000000000e+00,  1.421137251435125e+00,  1.599750866632759e+02
5543        ,  4.231000000000000e-01,  7.430307202620459e-01,  7.572944458550619e+01
3148        ,  4.490000000000016e-02,  1.334724130425893e-01,  0.000000000000000e+00
4233        ,  3.497600000000000e+00,  3.397143089553884e+00,  4.054673108625540e+02
3690        ,  2.423100000000000e+00,  2.302455370897815e+00,  2.694670432153890e+02
3950        ,  0.000000000000000e+00,  1.334724130425893e-01,  0.000000000000000e+00
3875        ,  2.401300000000000e+00,  2.475403018101439e+00,  2.909534688944097e+02
3249        ,  0.000000000000000e+00,  1.334724130425893e-01,  0.000000000000000e+00
3912        ,  4.126200000000000e+00,  3.963277162095788e+00,  4.758018766731610e+02
3678        ,  5.503999999999998e-01,  3.431273137857021e-01,  2.604680963225593e+01
3928        ,  1.122600000000000e+00,  1.214598835126959e+00,  1.343154584253553e+02
4408        ,  7.400000000000002e-01,  1.334724130425893e-01,  0.000000000000000e+00
5400        ,  3.421000000000000e+00,  3.227497081881379e+00,  3.843910696153618e+02
4007        ,  2.537700000000000e+00,  2.207193359720524e+00,  2.576320159323348e+02
4743        ,  0.000000000000000e+00,  1.334724130425893e-01,  0.000000000000000e+00
3502        ,  0.000000000000000e+00,  1.334724130425893e-01,  0.000000000000000e+00
3819        ,  0.000000000000000e+00,  1.334724130425893e-01,  0.000000000000000e+00
5413        ,  7.898000000000001e-01,  1.948451503236810e+00,  2.254868103786355e+02
5279        ,  2.576100000000000e+00,  2.640290780567332e+00,  3.114385619898489e+02
4369        ,  2.673600000000000e+00,  3.291455135463495e+00,  3.923370000000000e+02
4246        ,  3.542900000000000e+00,  3.457932099744490e+00,  4.130195301073980e+02
3575        ,  2.196800000000000e+00,  1.531619647426522e+00,  1.737010426314098e+02
3196        ,  0.000000000000000e+00,  1.334724130425893e-01,  0.000000000000000e+00
3284        ,  0.000000000000000e+00,  1.334724130425893e-01,  0.000000000000000e+00
3465        ,  1.376900000000000e+00,  1.366634777915598e+00,  1.532038852879757e+02
5768        ,  1.701800000000000e+00,  1.965114868839991e+00,  2.275570100742322e+02
5370        ,  3.720300000000000e+00,  3.867766839286011e+00,  4.639360000000000e+02
3481        ,  8.867999999999998e-01,  1.334724130425893e-01,  0.000000000000000e+00
4452        ,  1.246100000000000e+00,  8.794487329854548e-01,  9.267755309726978e+01
4214        ,  7.783000000000002e-01,  9.673537683780581e-01,  1.035985748071001e+02
4940        ,  4.171100000000000e+00,  4.618680890617822e+00,  5.572270000000001e+02
5898        ,  3.282200000000000e+00,  3.103650462046799e+00,  3.690047880688970e+02
5359        ,  1.056300000000000e+00,  1.219221267490828e+00,  1.348897336528502e+02
3390        ,  0.000000000000000e+00,  1.334724130425893e-01,  0.000000000000000e+00
3138        ,  0.000000000000000e+00,  1.334724130425893e-01,  0.000000000000000e+00
5907        ,  7.605000000000004e-01,  8.264282863974826e-01,  8.609047369202257e+01
4686        ,  5.896000000000001e-01,  2.012731746152994e+00,  2.334727684669919e+02
5631        ,  1.302400000000000e+00,  3.821889304527862e+00,  4.582363315925017e+02
4511        ,  3.130800000000000e+00,  2.805858292348455e+00,  3.320081048212529e+02
4050        ,  5.382100000000000e+00,  4.765481444456771e+00,  5.754649999999999e+02
5136        ,  1.867100000000000e+00,  1.532042383404649e+00,  1.737535619071716e+02
3472        ,  7.224000000000004e-01,  8.068267182678771e-01,  8.365524173819809e+01
3462        ,  9.331000000000000e-01,  7.639439784780359e-01,  7.832763644084253e+01
5529        ,  0.000000000000000e+00,  1.334724130425893e-01,  0.000000000000000e+00
5715        ,  3.863600000000000e+00,  4.228570371791273e+00,  5.087610000000000e+02
3854        ,  3.373500000000000e+00,  3.161658505349061e+00,  3.762115094747801e+02
3434        ,  0.000000000000000e+00,  1.334724130425893e-01,  0.000000000000000e+00
5601        ,  8.203000000000000e-01,  1.207321733950703e+00,  1.334113762009915e+02
3088        ,  1.459500000000000e+00,  9.849667464186337e-01,  1.057867511123232e+02
3655        ,  2.189700000000000e+00,  1.825951100921293e+00,  2.102677783041284e+02
3809        ,  4.851000000000000e+00,  4.439930630705359e+00,  5.350196775136016e+02
5892        ,  1.967200000000000e+00,  2.251318420453373e+00,  2.631139629454815e+02
5281        ,  1.805600000000000e+00,  2.159227590371370e+00,  2.516729123832463e+02
4791        ,  3.607100000000000e+00,  4.031921378982884e+00,  4.843300000000000e+02
4765        ,  2.740200000000000e+00,  2.803494489894433e+00,  3.317144340684590e+02
4742        ,  2.144300000000000e+00,  1.634615119941881e+00,  1.864968487684619e+02
3539        ,  2.172700000000000e+00,  2.194543527409706e+00,  2.560604439208437e+02
4181        ,  1.362600000000000e+00,  1.353931152442723e+00,  1.516256301975455e+02
5206        ,  2.109000000000000e+00,  2.199483238410044e+00,  2.566741367637399e+02
5491        ,  9.824000000000006e-01,  1.111721595298050e+00,  1.215343411139177e+02
5467        ,  0.000000000000000e+00,  1.226751897847236e+00,  1.358253134776432e+02
5497        ,  0.000000000000000e+00,  1.203203621125198e+00,  1.328997559124608e+02
4944        ,  2.979200000000000e+00,  3.115922511371150e+00,  3.705294256109533e+02
5633        ,  4.619200000000000e+00,  4.395694833627365e+00,  5.295239729947103e+02
4156        ,  3.097000000000000e+00,  3.095386141424788e+00,  3.679780570684841e+02
4869        ,  2.777500000000000e+00,  4.062733557955111e+00,  4.881579999999999e+02
3643        ,  1.559600000000000e+00,  1.249656218580073e+00,  1.386708681475783e+02
3735        ,  4.644100000000000e+00,  4.054322187258670e+00,  4.871130000000000e+02
4961        ,  2.021900000000000e+00,  1.585981004760974e+00,  1.804547122132930e+02
3952        ,  2.400100000000000e+00,  2.592902542591269e+00,  3.055512089683093e+02
3515        ,  0.000000000000000e+00,  1.334724130425893e-01,  0.000000000000000e+00
5107        ,  2.169700000000000e+00,  4.089561403439553e+00,  4.914910000000000e+02
3130        ,  0.000000000000000e+00,  1.334724130425893e-01,  0.000000000000000e+00
3202        ,  0.000000000000000e+00,  1.334724130425893e-01,  0.000000000000000e+00
4535        ,  1.017200000000000e+00,  8.332596859589875e-01,  8.693918346827729e+01
3006        ,  1.215300000000000e+00,  7.901633982643091e-01,  8.158504770774181e+01
5286        ,  3.213700000000000e+00,  3.118488674072684e+00,  3.708482369105478e+02
5787        ,  2.082800000000000e+00,  1.486890320395035e+00,  1.681440236347702e+02
5602        ,  1.740300000000000e+00,  1.502196212781549e+00,  1.700455754889375e+02
4272        ,  2.407300000000000e+00,  2.486570328280225e+00,  2.923408574138299e+02
5826        ,  4.010000000000025e-02,  1.612393042301791e-01,  3.449663834612145e+00
5269        ,  0.000000000000000e+00,  1.334724130425893e-01,  0.000000000000000e+00
4354        ,  2.761100000000000e+00,  2.690592229894383e+00,  3.176878424512374e+02
3784        ,  2.679300000000000e+00,  2.627375543577954e+00,  3.098340170065194e+02
3218        ,  0.000000000000000e+00,  1.334724130425893e-01,  0.000000000000000e+00
3475        ,  0.000000000000000e+00,  1.334724130425893e-01,  0.000000000000000e+00
5391        ,  2.591300000000000e+00,  2.462390674067028e+00,  2.893368596630852e+02
4841        ,  4.640900000000000e+00,  3.805257073899823e+00,  4.561700000000000e+02
3224        ,  0.000000000000000e+00,  1.334724130425893e-01,  0.000000000000000e+00
5396        ,  3.100000000000103e-03,  1.334724130425893e-01,  0.000000000000000e+00
4694        ,  2.325100000000000e+00,  2.903292513008754e+00,  3.441130000000001e+02
4889        ,  0.000000000000000e+00,  1.334724130425893e-01,  0.000000000000000e+00
3219        ,  0.000000000000000e+00,  1.334724130425893e-01,  0.000000000000000e+00
5472        ,  0.000000000000000e+00,  1.334724130425893e-01,  0.000000000000000e+00
3973        ,  2.406300000000000e+00,  2.042694025434763e+00,  2.371951798288754e+02
3659        ,  1.149999999999984e-02,  1.334724130425893e-01,  0.000000000000000e+00
3527        ,  1.341400000000000e+00,  1.338788055028132e+00,  1.497443034353162e+02
3488        ,  3.973200000000000e+00,  3.169912604176859e+00,  3.772369705543516e+02
4400        ,  2.935200000000000e+00,  2.046572272390124e+00,  2.376770000000000e+02
4388        ,  0.000000000000000e+00,  1.334724130425893e-01,  0.000000000000000e+00
4001        ,  2.571800000000000e+00,  2.316444460629642e+00,  2.712050000000000e+02
5635        ,  2.510199999999999e+00,  2.366254699484441e+00,  2.773932541480766e+02
4527        ,  2.819700000000000e+00,  2.494338891882858e+00,  2.933059972534265e+02
5763        ,  3.147600000000001e+00,  4.252170621068715e+00,  5.116930144581621e+02
3800        ,  1.905300000000000e+00,  2.122330930010557e+00,  2.470889971726896e+02
4177        ,  2.914400000000000e+00,  2.887136889041006e+00,  3.421058803930329e+02
2989        ,  0.000000000000000e+00,  1.334724130425893e-01,  0.000000000000000e+00
3751        ,  2.705800000000000e+00,  2.273735181674308e+00,  2.658989448849633e+02
3519        ,  1.893400000000000e+00,  1.316556466219973e+00,  1.469823266846834e+02
2992        ,  0.000000000000000e+00,  1.334724130425893e-01,  0.000000000000000e+00
5521        ,  0.000000000000000e+00,  1.334724130425893e-01,  0.000000000000000e+00
3046        ,  0.000000000000000e+00,  1.334724130425893e-01,  0.000000000000000e+00
3215        ,  2.198300000000000e+00,  1.917888659765609e+00,  2.216897869706771e+02
3866        ,  4.189600000000000e+00,  4.086728965128852e+00,  4.911391075271200e+02
4861        ,  0.000000000000000e+00,  1.334724130425893e-01,  0.000000000000000e+00
4879        ,  4.412000000000000e+00,  4.561837732858709e+00,  5.501650000000000e+02
5571        ,  2.085500000000000e+00,  1.711963892818181e+00,  1.961063964358745e+02
4738        ,  4.309900000000000e+00,  3.849370598272177e+00,  4.616505137750749e+02
5730        ,  0.000000000000000e+00,  1.334724130425893e-01,  0.000000000000000e+00
5734        ,  1.483100000000000e+00,  1.643047972921246e+00,  1.875445176540058e+02
3608        ,  1.196200000000000e+00,  8.094461221566868e-01,  8.398066754126774e+01
3712        ,  0.000000000000000e+00,  1.334724130425893e-01,  0.000000000000000e+00
3516        ,  1.097000000000001e-01,  2.176614184653083e-01,  1.045935482357933e+01
4247        ,  1.700000000000035e-03,  8.671197197402597e-01,  9.114583855201984e+01
4235        ,  2.754999999999999e-01,  3.669357524422034e-01,  2.900468882863577e+01
3681        ,  1.421999999999999e-01,  1.334724130425893e-01,  0.000000000000000e+00
4652        ,  3.696700000000000e+00,  3.491336923235813e+00,  4.171696314176635e+02
5247        ,  0.000000000000000e+00,  1.334724130425893e-01,  0.000000000000000e+00
5512        ,  0.000000000000000e+00,  1.334724130425893e-01,  0.000000000000000e+00
3366        ,  0.000000000000000e+00,  1.334724130425893e-01,  0.000000000000000e+00
4075        ,  2.952200000000000e+00,  2.499194244134504e+00,  2.939092096531745e+02
4253        ,  0.000000000000000e+00,  1.334724130425893e-01,  0.000000000000000e+00
4040        ,  3.755400000000000e+00,  4.548379539744403e+00,  5.484929999999999e+02
3096        ,  1.272100000000000e+00,  1.497006271439455e+00,  1.694007948820403e+02
4733        ,  4.222000000000001e-01,  5.042917402876663e-01,  4.606932816966848e+01
4616        ,  3.628800000000000e+00,  3.198314498262572e+00,  3.807655249827191e+02
3341        ,  1.408900000000000e+00,  1.744811468107051e+00,  2.001872671305153e+02
4701        ,  2.185200000000000e+00,  2.028509960578817e+00,  2.354330000000000e+02
4948        ,  0.000000000000000e+00,  1.334724130425893e-01,  0.000000000000000e+00
3861        ,  4.192900000000000e+00,  4.623313747184524e+00,  5.578025702948928e+02
4080        ,  2.228600000000000e+00,  2.590279440755357e+00,  3.052253237449072e+02
3985        ,  2.974100000000000e+00,  2.529473491110050e+00,  2.976710000000000e+02
3133        ,  0.000000000000000e+00,  1.334724130425893e-01,  0.000000000000000e+00
5530        ,  0.000000000000000e+00,  1.622032715057087e-01,  3.569423840357063e+00
4690        ,  1.719900000000000e+00,  1.753703459416804e+00,  2.012919777958795e+02
3983        ,  0.000000000000000e+00,  1.334724130425893e-01,  0.000000000000000e+00
5532        ,  0.000000000000000e+00,  1.172359717081587e+00,  1.290678144978220e+02
5654        ,  5.839999999999979e-02,  1.334724130425893e-01,  0.000000000000000e+00
4639        ,  4.481400000000000e+00,  4.514468434726118e+00,  5.442800000000001e+02
5584        ,  3.728300000000000e+00,  3.894240521793759e+00,  4.672250000000001e+02
3588        ,  0.000000000000000e+00,  1.334724130425893e-01,  0.000000000000000e+00
2988        ,  1.057200000000000e+00,  1.128303501714868e+00,  1.235944205980980e+02
2993        ,  0.000000000000000e+00,  1.334724130425893e-01,  0.000000000000000e+00
3506        ,  1.599000000000000e+00,  1.067978392808706e+00,  1.160998348662377e+02
3987        ,  6.479999999999997e-02,  1.334724130425893e-01,  0.000000000000000e+00
5846        ,  0.000000000000000e+00,  1.334724130425893e-01,  0.000000000000000e+00
3346        ,  2.480700000000000e+00,  1.125226663963767e+00,  1.232121647725093e+02
4032        ,  5.322200000000000e+00,  4.852399488211386e+00,  5.862634012358409e+02
3028        ,  0.000000000000000e+00,  1.334724130425893e-01,  0.000000000000000e+00
4930        ,  7.380000000000009e-02,  7.209683127461211e-01,  7.298848634145988e+01
4370        ,  8.121000000000000e-01,  9.986072274676983e-01,  1.074813979434636e+02
4048        ,  5.700300000000000e+00,  4.803553964451192e+00,  5.801949999999999e+02
5577        ,  2.700600000000000e+00,  2.952809361417346e+00,  3.502648043199391e+02
4330        ,  2.371100000000000e+00,  2.306988736631720e+00,  2.700302531086272e+02
3418        ,  0.000000000000000e+00,  1.334724130425893e-01,  0.000000000000000e+00
3024        ,  0.000000000000000e+00,  1.334724130425893e-01,  0.000000000000000e+00
3545        ,  5.858400000000000e+00,  5.568845044670031e+00,  6.752721530218017e+02
3957        ,  2.369100000000000e+00,  1.796818987411419e+00,  2.066485039056410e+02
3064        ,  0.000000000000000e+00,  1.926419082690835e-01,  7.351016230665423e+00
4251        ,  0.000000000000000e+00,  1.334724130425893e-01,  0.000000000000000e+00
3191        ,  0.000000000000000e+00,  1.334724130425893e-01,  0.000000000000000e+00
4377        ,  4.062600000000000e+00,  4.495786337705599e+00,  5.419589999999999e+02
3109        ,  0.000000000000000e+00,  1.334724130425893e-01,  0.000000000000000e+00
4724        ,  7.427999999999999e-01,  6.700293227313968e-01,  6.666000000000004e+01
5357        ,  3.189999999999982e-02,  1.334724130425893e-01,  0.000000000000000e+00
3062        ,  1.324800000000000e+00,  1.023772447342415e+00,  1.106078390097460e+02
3833        ,  2.096400000000000e+00,  1.951704724238920e+00,  2.258909794575995e+02
5048        ,  3.346100000000000e+00,  3.030855315689722e+00,  3.599609674255712e+02
4236        ,  1.189800000000000e+00,  1.415547905135433e+00,  1.592806853470137e+02
3857        ,  2.970300000000000e+00,  2.901906510097160e+00,  3.439408077266018e+02
3748        ,  5.403900000000000e+00,  4.832489988531085e+00,  5.837899129166641e+02
4264        ,  0.000000000000000e+00,  1.334724130425893e-01,  0.000000000000000e+00
5423        ,  0.000000000000000e+00,  1.334724130425893e-01,  0.000000000000000e+00
4210        ,  3.155900000000000e+00,  2.994429952008165e+00,  3.554356045066203e+02
3089        ,  0.000000000000000e+00,  1.334724130425893e-01,  0.000000000000000e+00
3142        ,  0.000000000000000e+00,  1.334724130425893e-01,  0.000000000000000e+00
5291        ,  4.676600000000000e+00,  4.718997553765910e+00,  5.696900000000001e+02
3310        ,  0.000000000000000e+00,  6.759238661149519e-01,  6.739231796078387e+01
3456        ,  1.118800000000000e+00,  9.782924790594323e-01,  1.049575629048274e+02
3584        ,  3.670800000000000e+00,  3.783564591577421e+00,  4.534750000000001e+02
3827        ,  1.014500000000000e+00,  1.036740640222668e+00,  1.122189630522991e+02
4259        ,  0.000000000000000e+00,  1.334724130425893e-01,  0.000000000000000e+00
5399        ,  1.045000000000000e+00,  6.231599824775819e-01,  6.083711306125696e+01
3288        ,  0.000000000000000e+00,  1.334724130425893e-01,  0.000000000000000e+00
4457        ,  5.621100000000000e+00,  4.936719243687492e+00,  5.967390000000001e+02
3326        ,  1.114300000000000e+00,  7.824281671396229e-01,  8.062404898149180e+01
4850        ,  2.079800000000000e+00,  2.189603816409369e+00,  2.554467510779477e+02
3073        ,  0.000000000000000e+00,  1.334724130425893e-01,  0.000000000000000e+00
4630        ,  2.287500000000000e+00,  1.670094293643462e+00,  1.909046602722204e+02
4413        ,  6.556000000000002e-01,  6.680763401424413e-01,  6.641736810573317e+01
4892        ,  0.000000000000000e+00,  1.334724130425893e-01,  0.000000000000000e+00
3289        ,  0.000000000000000e+00,  1.334724130425893e-01,  0.000000000000000e+00
3217        ,  3.489100000000000e+00,  3.050624311312743e+00,  3.624170000000000e+02
4695        ,  2.482000000000000e+00,  2.398439935153608e+00,  2.813918380279318e+02
5237        ,  1.472900000000000e+00,  1.322688855302757e+00,  1.477441937837306e+02
3167        ,  0.000000000000000e+00,  1.334724130425893e-01,  0.000000000000000e+00
3871        ,  2.856000000000001e-01,  2.966633576689590e-01,  2.027428623573782e+01
4441        ,  4.190000000000000e+00,  4.200024137886038e+00,  5.052145132848693e+02
3768        ,  4.322000000000000e+00,  4.083398576801506e+00,  4.907253514429245e+02
3266        ,  1.678000000000000e+00,  5.720078284112409e-01,  5.448214394523177e+01
3501        ,  1.934100000000000e+00,  1.934322563178028e+00,  2.237314790665020e+02
3720        ,  2.619999999999978e-02,  1.334724130425893e-01,  0.000000000000000e+00
3543        ,  2.136700000000000e+00,  2.135998563020075e+00,  2.487870172707680e+02
3150        ,  0.000000000000000e+00,  1.334724130425893e-01,  0.000000000000000e+00
3159        ,  9.429000000000001e-01,  8.281363510582226e-01,  8.630267781842356e+01
3698        ,  4.599200000000000e+00,  4.398143592203756e+00,  5.298281984063201e+02
4744        ,  1.614900000000000e+00,  1.579414510223368e+00,  1.796389133334860e+02
5516        ,  0.000000000000000e+00,  1.334724130425893e-01,  0.000000000000000e+00
4391        ,  2.476800000000000e+00,  2.396792072140494e+00,  2.811871131488545e+02
3492        ,  0.000000000000000e+00,  1.334724130425893e-01,  0.000000000000000e+00
5335        ,  4.263500000000000e+00,  4.607878919828707e+00,  5.558850000000000e+02
5262        ,  2.010999999999994e-01,  2.134247050308720e-01,  9.933000000000000e+00
3626        ,  3.394699999999999e+00,  3.332046231964219e+00,  3.973798993530390e+02
4836        ,  2.266100000000000e+00,  2.305654792486795e+00,  2.698645284388019e+02
3498        ,  3.940200000000000e+00,  3.702156318002276e+00,  4.433611138147181e+02
3186        ,  0.000000000000000e+00,  1.334724130425893e-01,  0.000000000000000e+00
4171        ,  4.364300000000000e+00,  4.094468779935258e+00,  4.921006757143496e+02
3406        ,  0.000000000000000e+00,  1.334724130425893e-01,  0.000000000000000e+00
4923        ,  2.503000000000000e+00,  3.680857328336659e+00,  4.407150000000001e+02
3108        ,  0.000000000000000e+00,  1.334724130425893e-01,  0.000000000000000e+00
3144        ,  2.984600000000000e+00,  2.505214880926545e+00,  2.946571930288619e+02
4447        ,  2.571900000000000e+00,  2.650487020295788e+00,  3.127053080293195e+02
3036        ,  0.000000000000000e+00,  1.553760053694028e+00,  1.764516911742603e+02
4963        ,  4.657000000000000e+00,  4.816303831612115e+00,  5.817790000000000e+02
3722        ,  0.000000000000000e+00,  1.334724130425893e-01,  0.000000000000000e+00
3719        ,  0.000000000000000e+00,  1.334724130425893e-01,  0.000000000000000e+00
4956        ,  3.796700000000000e+00,  4.029088075169345e+00,  4.839780000000000e+02
5085        ,  0.000000000000000e+00,  1.334724130425893e-01,  0.000000000000000e+00
4434        ,  1.092800000000000e+00,  6.247299263805924e-01,  6.103215753591554e+01
4730        ,  1.903900000000000e+00,  2.059143132901109e+00,  2.392387608244917e+02
3116        ,  0.000000000000000e+00,  1.334724130425893e-01,  0.000000000000000e+00
3131        ,  6.086400000000000e+00,  5.530637255622409e+00,  6.705253476561013e+02
3128        ,  0.000000000000000e+00,  1.334724130425893e-01,  0.000000000000000e+00
3734        ,  1.765000000000000e+00,  1.888842476224175e+00,  2.180811882183193e+02
4176        ,  4.014700000000000e+00,  3.796314458738342e+00,  4.550590000000000e+02
5220        ,  2.462000000000000e-01,  8.964474830684364e-01,  9.478941981647529e+01
5628        ,  0.000000000000000e+00,  1.334724130425893e-01,  0.000000000000000e+00
3700        ,  6.755000000000000e-01,  7.848140338826269e-01,  8.092046092627672e+01
4098        ,  2.567200000000000e+00,  3.472255335064905e+00,  4.147990000000000e+02
5849        ,  0.000000000000000e+00,  1.334724130425893e-01,  0.000000000000000e+00
5193        ,  3.476700000000000e+00,  3.236422503255760e+00,  3.854999335179091e+02
3654        ,  0.000000000000000e+00,  1.334724130425893e-01,  0.000000000000000e+00
5450        ,  1.609300000000000e+00,  1.634810454061191e+00,  1.865211164130643e+02
5797        ,  0.000000000000000e+00,  1.334724130425893e-01,  0.000000000000000e+00
5034        ,  2.416000000000000e-01,  1.334724130425893e-01,  0.000000000000000e+00
3165        ,  1.235000000000000e+00,  1.489098758175537e+00,  1.684183924105514e+02
4031        ,  3.750400000000000e+00,  3.603738340161914e+00,  4.311340000000000e+02
4290        ,  4.068000000000001e-01,  5.109918749460968e-01,  4.690173004217444e+01
4717        ,  0.000000000000000e+00,  1.334724130425893e-01,  0.000000000000000e+00
4492        ,  1.135700000000000e+00,  1.056432517857255e+00,  1.146654147509324e+02
3091        ,  0.000000000000000e+00,  1.334724130425893e-01,  0.000000000000000e+00
3457        ,  2.942700000000000e+00,  2.863831198233106e+00,  3.392104608742430e+02
4753        ,  7.596999999999996e-01,  1.394549487309581e+00,  1.566719135522694e+02
3393        ,  8.523999999999998e-01,  2.490990497245840e-01,  1.436505888199645e+01
3361        ,  0.000000000000000e+00,  1.334724130425893e-01,  0.000000000000000e+00
3229        ,  5.016000000000003e-01,  6.232029550275798e-01,  6.084245182426818e+01
5651        ,  5.059999999999998e-01,  4.904379105835908e-01,  4.434817562946677e+01
3187        ,  0.000000000000000e+00,  1.334724130425893e-01,  0.000000000000000e+00
5049        ,  3.301000000000000e+00,  3.238664392060164e+00,  3.857784581347821e+02
5766        ,  2.967000000000000e+00,  2.652332054151413e+00,  3.129345287412237e+02
2999        ,  1.144500000000000e+00,  1.104931291551887e+00,  1.206907369415630e+02
3723        ,  6.068800000000000e+00,  5.611285721095798e+00,  6.805448378749004e+02
4238        ,  5.243000000000000e+00,  4.885365612067109e+00,  5.903589999999999e+02
3990        ,  0.000000000000000e+00,  1.334724130425893e-01,  0.000000000000000e+00
3627        ,  2.072800000000000e+00,  1.695403649953032e+00,  1.940490083574486e+02
5456        ,  0.000000000000000e+00,  1.334724130425893e-01,  0.000000000000000e+00
4304        ,  3.197500000000000e+00,  3.701864996867177e+00,  4.433249210707333e+02
3738        ,  1.802400000000000e+00,  1.706336227577768e+00,  1.954072345051419e+02
4262        ,  2.272100000000000e+00,  1.587311432364407e+00,  1.806200000000000e+02
5623        ,  3.708000000000000e+00,  4.211871197380054e+00,  5.066863515402542e+02
3227        ,  0.000000000000000e+00,  2.778299081877034e-01,  1.793448272235351e+01
3798        ,  1.146800000000000e+00,  1.274770605348533e+00,  1.417909938821561e+02
4960        ,  0.000000000000000e+00,  1.334724130425893e-01,  0.000000000000000e+00
4293        ,  1.136700000000000e+00,  1.712865968137568e+00,  1.962184671961322e+02
5627        ,  1.765000000000000e+00,  1.505722506071302e+00,  1.704836701373341e+02
4279        ,  3.202400000000000e+00,  3.224195442350259e+00,  3.839808851835332e+02
3867        ,  1.943600000000000e+00,  1.826814145352563e+00,  2.103750000000000e+02
3283        ,  0.000000000000000e+00,  1.334724130425893e-01,  0.000000000000000e+00
5770        ,  1.462100000000000e+00,  1.036585761236449e+00,  1.121997214154197e+02
4222        ,  2.760500000000000e+00,  2.506177646169075e+00,  2.947768036981277e+02
4509        ,  2.598600000000000e+00,  1.353719540926219e+00,  1.515993403046462e+02
4777        ,  1.779300000000000e+00,  1.821862406712689e+00,  2.097598128842001e+02
4390        ,  2.926900000000000e+00,  3.585239435782643e+00,  4.288357592287882e+02
5266        ,  2.960300000000000e+00,  3.082613370692267e+00,  3.663912116068840e+02
5901        ,  2.864800000000001e+00,  4.130204172507372e+00,  4.965403189764943e+02
2996        ,  0.000000000000000e+00,  1.334724130425893e-01,  0.000000000000000e+00
4358        ,  3.600000000000003e-02,  1.334724130425893e-01,  0.000000000000000e+00
4157        ,  1.256900000000000e+00,  1.765293645760440e+00,  2.027319030073821e+02
3581        ,  3.809500000000000e+00,  3.461276282787443e+00,  4.134349999999999e+02
4706        ,  3.862500000000000e+00,  4.047323223759020e+00,  4.862434726517131e+02
4798        ,  1.230200000000000e+00,  1.181645857127891e+00,  1.302214928575801e+02
5097        ,  1.196899999999999e+00,  1.282442969872059e+00,  1.427441822763468e+02
5017        ,  3.460900000000000e+00,  3.568245702901883e+00,  4.267245158296706e+02
3421        ,  8.106000000000000e-01,  1.334724130425893e-01,  0.000000000000000e+00
5157        ,  4.291200000000000e+00,  4.420700536585479e+00,  5.326305962234646e+02
3601        ,  2.851500000000000e+00,  2.795804049582646e+00,  3.307590000000000e+02
4977        ,  0.000000000000000e+00,  1.334724130425893e-01,  0.000000000000000e+00
3225        ,  2.281000000000004e-01,  1.334724130425893e-01,  0.000000000000000e+00
3835        ,  1.736000000000000e+00,  1.820339974759950e+00,  2.095706711321567e+02
5439        ,  3.011300000000000e+00,  2.943361868115065e+00,  3.490910799821139e+02
4661        ,  5.475600000000000e+00,  5.107000554832259e+00,  6.178941691832532e+02
5134        ,  2.371200000000000e+00,  2.212825568332433e+00,  2.583317423160424e+02
4891        ,  2.943400000000000e+00,  1.334724130425893e-01,  0.000000000000000e+00
4734        ,  1.172500000000000e+00,  1.385230138177263e+00,  1.555141094089576e+02
5375        ,  2.877700000000000e+00,  2.613233035097775e+00,  3.080770000000000e+02
5429        ,  3.010400000000000e+00,  2.811684715050430e+00,  3.327319597009504e+02
3342        ,  0.000000000000000e+00,  1.334724130425893e-01,  0.000000000000000e+00
3119        ,  7.066900000000000e+00,  6.638090717527477e+00,  8.081115876942878e+02
3232        ,  9.213999999999998e-01,  9.086558655253268e-01,  9.630614760411727e+01
4167        ,  1.737100000000000e+00,  1.631251475630296e+00,  1.860789610742371e+02
5109        ,  0.000000000000000e+00,  1.334724130425893e-01,  0.000000000000000e+00
5642        ,  5.254999999999996e-01,  8.294912029870964e-01,  8.647100000000000e+01
4442        ,  8.890999999999998e-01,  6.569969651890296e-01,  6.504090435872305e+01
3209        ,  2.847000000000008e-01,  1.334724130425893e-01,  0.000000000000000e+00
4987        ,  2.826900000000000e+00,  2.697290060553100e+00,  3.185199580826791e+02
3658        ,  2.646900000000000e+00,  2.298182660916367e+00,  2.689362163036108e+02
5128        ,  4.194100000000000e+00,  4.052374290886863e+00,  4.868710000000000e+02
3810        ,  2.148500000000000e+00,  2.237656194051330e+00,  2.614166145458711e+02
5165        ,  7.931000000000000e-01,  5.746760647117406e-01,  5.481363652053840e+01
3801        ,  0.000000000000000e+00,  1.334724130425893e-01,  0.000000000000000e+00
3568        ,  3.916600000000000e+00,  4.599813842286556e+00,  5.548830222801128e+02
3623        ,  2.059900000000000e+00,  2.046113854461481e+00,  2.376200477204347e+02
3586        ,  2.156900000000000e+00,  2.171774842769044e+00,  2.532317402162790e+02
3761        ,  3.577100000000000e+00,  2.957428334677794e+00,  3.508386498002257e+02
3084        ,  8.620000000000028e-02,  9.797693279622279e-01,  1.051410415742521e+02
4082        ,  2.931300000000000e+00,  2.294881021385248e+00,  2.685260318717822e+02
5459        ,  6.888000000000001e-01,  6.910058291764593e-01,  6.926604959954550e+01
4786        ,  1.332600000000000e+00,  1.100491838552323e+00,  1.201391944460566e+02
4641        ,  4.323000000000001e-01,  4.108418458162414e-01,  3.445943208412911e+01
3275        ,  0.000000000000000e+00,  1.335728705896634e-01,  1.248050293833776e-02
3725        ,  0.000000000000000e+00,  1.334724130425893e-01,  0.000000000000000e+00
4597        ,  2.728600000000000e+00,  1.871931286744379e+00,  2.159801997297412e+02
3846        ,  4.541999999999993e-01,  6.522463575425184e-01,  6.445070507138165e+01
4243        ,  2.519600000000000e+00,  2.276236468738928e+00,  2.662096962567502e+02
3140        ,  0.000000000000000e+00,  1.334724130425893e-01,  0.000000000000000e+00
5779        ,  0.000000000000000e+00,  1.334724130425893e-01,  0.000000000000000e+00
3287        ,  5.146999999999995e-01,  4.939337642047759e-01,  4.478248855728527e+01
3666        ,  4.611900000000000e+00,  5.515155925370160e+00,  6.686020000000000e+02
3410        ,  2.838900000000000e+00,  2.602710354139593e+00,  3.067696980158000e+02
3101        ,  0.000000000000000e+00,  1.334724130425893e-01,  0.000000000000000e+00
4436        ,  1.310000000000011e-02,  1.334724130425893e-01,  0.000000000000000e+00
3204        ,  3.863100000000000e+00,  3.536974107904432e+00,  4.228394395499911e+02
3489        ,  2.194900000000000e+00,  2.319749543422592e+00,  2.716156122109318e+02
4697        ,  9.560000000000013e-02,  1.334724130425893e-01,  0.000000000000000e+00
3529        ,  3.656900000000000e+00,  3.683261504148331e+00,  4.410136866010151e+02
5819        ,  0.000000000000000e+00,  1.334724130425893e-01,  0.000000000000000e+00
4497        ,  1.327300000000000e+00,  1.512700957008031e+00,  1.713506490747821e+02
3591        ,  1.393800000000000e+00,  1.365885600544510e+00,  1.531108100472046e+02
3790        ,  0.000000000000000e+00,  1.334724130425893e-01,  0.000000000000000e+00
5645        ,  2.352200000000000e+00,  2.153298949727255e+00,  2.509363582951330e+02
3550        ,  2.619400000000000e+00,  1.856442713061629e+00,  2.140559521745454e+02
3677        ,  0.000000000000000e+00,  1.334724130425893e-01,  0.000000000000000e+00
3265        ,  0.000000000000000e+00,  1.334724130425893e-01,  0.000000000000000e+00
3029        ,  0.000000000000000e+00,  1.334724130425893e-01,  0.000000000000000e+00
3824        ,  2.338300000000000e+00,  2.292892622679606e+00,  2.682790000000001e+02
4582        ,  0.000000000000000e+00,  1.334724130425893e-01,  0.000000000000000e+00
5556        ,  1.465900000000000e+00,  1.496179039099286e+00,  1.692980223581944e+02
3276        ,  1.351600000000000e+00,  7.831091548761275e-01,  8.070865257469075e+01
3826        ,  3.180200000000001e+00,  3.390431661110461e+00,  4.046335058887293e+02
5238        ,  2.869999999999995e-02,  1.334724130425893e-01,  0.000000000000000e+00
4790        ,  1.588000000000000e+00,  6.268417968375689e-01,  6.129452911686060e+01
3785        ,  1.859500000000000e+00,  1.912792909114809e+00,  2.210567082939356e+02
3110        ,  0.000000000000000e+00,  1.334724130425893e-01,  0.000000000000000e+00
3979        ,  1.458900000000000e+00,  1.632513867215723e+00,  1.862357962981715e+02
4323        ,  0.000000000000000e+00,  1.334724130425893e-01,  0.000000000000000e+00
4127        ,  2.794999999999999e-01,  3.125090275071438e-01,  2.224289819905410e+01
4516        ,  0.000000000000000e+00,  1.334724130425893e-01,  0.000000000000000e+00
3384        ,  0.000000000000000e+00,  1.334724130425893e-01,  0.000000000000000e+00
4281        ,  2.025100000000000e+00,  1.659029435144594e+00,  1.895300000000000e+02
3345        ,  1.220300000000000e+00,  1.334724130425893e-01,  0.000000000000000e+00
3260        ,  0.000000000000000e+00,  1.334724130425893e-01,  0.000000000000000e+00
3207        ,  0.000000000000000e+00,  1.334724130425893e-01,  0.000000000000000e+00
4894        ,  4.453700000000000e+00,  4.766189770410157e+00,  5.755530000000000e+02
5265        ,  0.000000000000000e+00,  1.334724130425893e-01,  0.000000000000000e+00
3292        ,  0.000000000000000e+00,  1.334724130425893e-01,  0.000000000000000e+00
3052        ,  4.224600000000000e+00,  4.206627416948277e+00,  5.060348821485265e+02
4213        ,  0.000000000000000e+00,  1.334724130425893e-01,  0.000000000000000e+00
3172        ,  0.000000000000000e+00,  1.334724130425893e-01,  0.000000000000000e+00
4634        ,  1.984300000000000e+00,  1.753994780551902e+00,  2.013281705398643e+02
5350        ,  5.800999999999998e-01,  6.104807319053417e-01,  5.926188622532687e+01
5760        ,  2.773000000000000e+00,  3.003568236035473e+00,  3.565709137389879e+02
3774        ,  7.475999999999998e-01,  8.197788412391622e-01,  8.526436931008345e+01
3752        ,  3.178199999999999e+00,  3.162407251775237e+00,  3.763045311764255e+02
3023        ,  2.116900000000000e+00,  1.977438091172643e+00,  2.290880051762635e+02
4664        ,  1.383200000000000e+00,  1.983816766675058e+00,  2.298804700598814e+02
5619        ,  0.000000000000000e+00,  1.334724130425893e-01,  0.000000000000000e+00
4624        ,  1.861999999999995e-01,  1.685280562994722e-01,  4.355193526179951e+00
5526        ,  0.000000000000000e+00,  1.334724130425893e-01,  0.000000000000000e+00
3594        ,  6.517999999999999e-01,  8.208905840650852e-01,  8.540248844607409e+01
4541        ,  9.722000000000000e-01,  8.065379784373455e-01,  8.361936968668654e+01
5479        ,  1.344900000000000e+00,  1.058987794233917e+00,  1.149828735706632e+02
4285        ,  0.000000000000000e+00,  1.334724130425893e-01,  0.000000000000000e+00
4250        ,  2.172900000000000e+00,  2.536629009994693e+00,  2.985599772552309e+02
3730        ,  5.054000000000003e-01,  5.814011475721218e-01,  5.564913787254412e+01
3113        ,  1.532700000000000e+00,  9.896652290978152e-01,  1.063704745715475e+02
3380        ,  3.602999999999998e-01,  7.220280790460127e-01,  7.312014809117390e+01
3638        ,  3.944000000000000e+00,  3.572040753747955e+00,  4.271960000000000e+02
4921        ,  3.986700000000000e+00,  3.541377716810407e+00,  4.233865288975918e+02
3279        ,  0.000000000000000e+00,  1.334724130425893e-01,  0.000000000000000e+00
3015        ,  0.000000000000000e+00,  1.334724130425893e-01,  0.000000000000000e+00
5896        ,  0.000000000000000e+00,  1.334724130425893e-01,  0.000000000000000e+00
4801        ,  3.595800000000000e+00,  3.282955224022880e+00,  3.912810000000000e+02
3558        ,  0.000000000000000e+00,  1.334724130425893e-01,  0.000000000000000e+00
4739        ,  2.321700000000000e+00,  1.947140693122373e+00,  2.253239598018365e+02
4610        ,  1.037200000000000e+00,  9.930876433534744e-01,  1.067956636431309e+02
3997        ,  2.932200000000000e+00,  2.694070734527788e+00,  3.181200000000001e+02
3090        ,  0.000000000000000e+00,  1.334724130425893e-01,  0.000000000000000e+00
5333        ,  4.202400000000000e+00,  3.493416572922269e+00,  4.174280000000000e+02
3445        ,  0.000000000000000e+00,  1.334724130425893e-01,  0.000000000000000e+00
4590        ,  0.000000000000000e+00,  1.334724130425893e-01,  0.000000000000000e+00
5025        ,  2.353300000000000e+00,  2.214390780571451e+00,  2.585261989449086e+02
5683        ,  0.000000000000000e+00,  1.334724130425893e-01,  0.000000000000000e+00
3453        ,  2.586800000000000e+00,  2.401452176857793e+00,  2.817660686610207e+02
5123        ,  5.819999999999992e-02,  9.352054261120850e-01,  9.960457443779600e+01
4215        ,  2.252700000000000e+00,  1.915890670773808e+00,  2.214415636344596e+02
3596        ,  0.000000000000000e+00,  1.334724130425893e-01,  0.000000000000000e+00
5621        ,  2.851700000000000e+00,  3.240767216992429e+00,  3.860397059305957e+02
3040        ,  0.000000000000000e+00,  1.334724130425893e-01,  0.000000000000000e+00
4287        ,  1.774800000000000e+00,  1.817308573913364e+00,  2.091940602325772e+02
5502        ,  4.470800000000000e+00,  4.543775421047403e+00,  5.479209999999999e+02
4144        ,  7.689000000000000e-01,  4.028594287576610e-01,  3.346772382072498e+01
4851        ,  0.000000000000000e+00,  1.334724130425893e-01,  0.000000000000000e+00
5533        ,  0.000000000000000e+00,  1.334724130425893e-01,  0.000000000000000e+00
3896        ,  5.040999999999999e+00,  4.332428664706284e+00,  5.216640000000000e+02
5918        ,  0.000000000000000e+00,  1.334724130425893e-01,  0.000000000000000e+00
4203        ,  1.323500000000000e+00,  1.495207060987733e+00,  1.691772671135109e+02
4291        ,  4.773200000000000e+00,  4.230960971883945e+00,  5.090580000000000e+02
3733        ,  0.000000000000000e+00,  1.334724130425893e-01,  0.000000000000000e+00
4584        ,  0.000000000000000e+00,  1.334724130425893e-01,  0.000000000000000e+00
3633        ,  4.639500000000000e+00,  4.180735612204238e+00,  5.028181726568182e+02
4175        ,  6.012000000000000e-01,  4.724034712794185e-01,  4.210763841466625e+01
4340        ,  0.000000000000000e+00,  1.334724130425893e-01,  0.000000000000000e+00
5841        ,  3.369700000000000e+00,  3.337325149813608e+00,  3.980357340976598e+02
4275        ,  3.135000000000000e+00,  2.289018822403524e+00,  2.677977322691391e+02
3674        ,  4.303999999999999e-01,  3.303709067798620e-01,  2.446199714423395e+01
3607        ,  1.498500000000000e+00,  1.366472473075297e+00,  1.531837210883185e+02
3663        ,  0.000000000000000e+00,  1.334724130425893e-01,  0.000000000000000e+00
3112        ,  0.000000000000000e+00,  1.334724130425893e-01,  0.000000000000000e+00
5665        ,  1.656300000000000e+00,  1.413051945441332e+00,  1.589705958295658e+02
5145        ,  8.130000000000002e-01,  8.757677169865040e-01,  9.222023622731767e+01
3797        ,  5.508700000000000e+00,  5.147446214819399e+00,  6.229190000000001e+02
4482        ,  1.776600000000000e+00,  2.778184441492205e+00,  3.285700000000000e+02
3313        ,  3.882800000000000e+00,  3.550876957945897e+00,  4.245666822096777e+02
5121        ,  2.568900000000000e+00,  2.715884781952627e+00,  3.208301028336084e+02
4041        ,  2.202900000000001e+00,  2.225566395958035e+00,  2.599146192750125e+02
3672        ,  0.000000000000000e+00,  1.334724130425893e-01,  0.000000000000000e+00
4012        ,  0.000000000000000e+00,  1.334724130425893e-01,  0.000000000000000e+00
4704        ,  7.975000000000003e-01,  9.042115402364654e-01,  9.575399979201039e+01
4019        ,  1.387000000000000e-01,  1.334724130425893e-01,  0.000000000000000e+00
5747        ,  9.680999999999997e-01,  1.334724130425893e-01,  0.000000000000000e+00
4534        ,  1.043000000000000e+00,  1.138239884361087e+00,  1.248288828801718e+02
5091        ,  3.107900000000000e+00,  3.352813871175433e+00,  3.999600000000000e+02
5746        ,  1.736800000000000e+00,  2.375082118448350e+00,  2.784899425654812e+02
4326        ,  3.563700000000000e+00,  4.243790618628581e+00,  5.106519115433131e+02
3794        ,  0.000000000000000e+00,  1.860981764082580e-01,  6.538045308166975e+00
5757        ,  5.346700000000000e+00,  5.412448662129398e+00,  6.558420000000000e+02
5312        ,  4.080400000000000e+00,  3.958227595754077e+00,  4.751745357774232e+02
3001        ,  0.000000000000000e+00,  1.334724130425893e-01,  0.000000000000000e+00
3639        ,  3.916900000000000e+00,  3.910000774256565e+00,  4.691830000000000e+02
3461        ,  1.653900000000000e+00,  1.659929997021924e+00,  1.896418827353797e+02
3914        ,  1.235300000000000e+00,  2.075819085715368e+00,  2.413105243122514e+02
3054        ,  2.297200000000000e+00,  1.425384540160512e+00,  1.605027553249254e+02
3268        ,  0.000000000000000e+00,  1.334724130425893e-01,  0.000000000000000e+00
4500        ,  0.000000000000000e+00,  1.334724130425893e-01,  0.000000000000000e+00
3436        ,  6.292000000000000e-01,  2.063605024100129e-01,  9.055367565856939e+00
5607        ,  9.406000000000001e-01,  5.731461258677037e-01,  5.462356213792976e+01
3685        ,  3.286000000000000e+00,  2.891118697642522e+00,  3.426005667097762e+02
4208        ,  9.359000000000002e-01,  6.920321360719258e-01,  6.939355446700024e+01
5271        ,  0.000000000000000e+00,  1.334724130425893e-01,  0.000000000000000e+00
5364        ,  0.000000000000000e+00,  1.334724130425893e-01,  0.000000000000000e+00
3883        ,  6.357800000000000e+00,  6.116259037561135e+00,  7.432809999999999e+02
5671        ,  3.270300000000000e+00,  2.434803968069882e+00,  2.859095814218334e+02
4172        ,  2.572000000000000e+00,  1.883814122518143e+00,  2.174564827080716e+02
4207        ,  1.619500000000000e+00,  2.964336989842175e+00,  3.516969575490249e+02
4680        ,  2.538000000000000e+00,  2.596689717347552e+00,  3.060217146401126e+02
5485        ,  6.596000000000002e-01,  6.471091549833142e-01,  6.381247655095282e+01
4546        ,  3.642200000000000e+00,  4.852251373746380e+00,  5.862449999999999e+02
5822        ,  0.000000000000000e+00,  1.334724130425893e-01,  0.000000000000000e+00
3252        ,  4.925999999999999e-01,  2.803945591639218e-01,  1.825310621035196e+01
4849        ,  3.854400000000000e+00,  3.836827179047332e+00,  4.600921621623576e+02
5883        ,  5.354999999999999e-01,  6.060318404033344e-01,  5.870917112247634e+01
3419        ,  4.336800000000000e+00,  3.916840828705903e+00,  4.700327850299930e+02
5131        ,  2.770000000000028e-02,  1.688193774345710e-01,  4.391386270164827e+00
3544        ,  0.000000000000000e+00,  1.334724130425893e-01,  0.000000000000000e+00
5684        ,  4.439300000000000e+00,  5.250950344757719e+00,  6.357780000000001e+02
3823        ,  1.302100000000000e+00,  1.371611680727719e+00,  1.538221987146883e+02
4360        ,  1.576000000000000e-01,  3.303546806929733e-01,  2.445998127055407e+01
4026        ,  2.560600000000000e+00,  2.436771331960845e+00,  2.861540000000000e+02
5480        ,  2.703000000000000e+00,  2.156794803348440e+00,  2.513706712229514e+02
5334        ,  2.209999999999979e-02,  1.334724130425893e-01,  0.000000000000000e+00
4677        ,  0.000000000000000e+00,  1.710393717332122e+00,  1.959113231901281e+02
3360        ,  4.618000000000002e-01,  1.334724130425893e-01,  0.000000000000000e+00
5246        ,  1.909999999999989e-02,  1.334724130425893e-01,  0.000000000000000e+00
3154        ,  0.000000000000000e+00,  1.334724130425893e-01,  0.000000000000000e+00
3829        ,  0.000000000000000e+00,  1.334724130425893e-01,  0.000000000000000e+00
4345        ,  1.651000000000000e+00,  1.350150043796106e+00,  1.511558781585127e+02
3021        ,  0.000000000000000e+00,  1.334724130425893e-01,  0.000000000000000e+00
4284        ,  2.943400000000000e+00,  2.803644635038987e+00,  3.317330875889994e+02
5284        ,  5.591300000000000e+00,  5.398801266110105e+00,  6.541464940765487e+02
5632        ,  2.338000000000005e-01,  1.334724130425893e-01,  0.000000000000000e+00
3693        ,  2.168900000000000e+00,  1.981589906560102e+00,  2.296038125561153e+02
3349        ,  2.150700000000000e+00,  1.089504048634421e+00,  1.187741089114165e+02
4688        ,  2.151000000000000e+00,  2.264277444025899e+00,  2.647239478245237e+02
5215        ,  1.232400000000000e+00,  1.115538574673936e+00,  1.220085496099822e+02
4896        ,  0.000000000000000e+00,  1.334724130425893e-01,  0.000000000000000e+00
5805        ,  3.861999999999999e-01,  5.598617814364660e-01,  5.297316050523082e+01
3143        ,  0.000000000000000e+00,  5.843258843100025e-01,  5.601249718714171e+01
4893        ,  2.208000000000006e-01,  2.690338479085408e-01,  1.684169020096180e+01
4220        ,  1.188700000000000e+00,  1.212816500895323e+00,  1.340940273008363e+02
4868        ,  0.000000000000000e+00,  1.389864161819762e-01,  6.850409390584686e-01
3241        ,  3.769000000000000e-01,  7.924408206359619e-01,  8.186798689378718e+01
5435        ,  2.611900000000000e+00,  2.774862972783420e+00,  3.281573520587853e+02
5916        ,  9.017999999999997e-01,  1.067059543989050e+00,  1.159856802235293e+02
4404        ,  2.805900000000000e+00,  2.267302620595899e+00,  2.650997854412140e+02
3967        ,  2.306200000000000e+00,  2.180770021677357e+00,  2.543492705568646e+02
5330        ,  5.059900000000001e+00,  4.641471486881401e+00,  5.600584259298447e+02
3781        ,  1.123700000000000e+00,  1.226751897847236e+00,  1.358253134776432e+02
4426        ,  3.982600000000000e+00,  3.893554303762155e+00,  4.671397466127810e+02
3817        ,  2.727700000000000e+00,  2.801197154186875e+00,  3.314290209174949e+02
5511        ,  1.303200000000000e+00,  1.377916934983696e+00,  1.546055419931248e+02
4405        ,  3.958000000000000e+00,  3.848787956001979e+00,  4.615781282871051e+02
4495        ,  0.000000000000000e+00,  1.334724130425893e-01,  0.000000000000000e+00
3188        ,  8.198000000000000e-01,  6.772263319517918e-01,  6.755413187300076e+01
4125        ,  1.822700000000000e+00,  1.584079392788900e+00,  1.802184624292170e+02
4123        ,  0.000000000000000e+00,  1.334724130425893e-01,  0.000000000000000e+00
4731        ,  1.348900000000000e+00,  1.288852034844231e+00,  1.435404226440141e+02
4475        ,  4.044100000000000e+00,  3.934722293797717e+00,  4.722543172505204e+02
4579        ,  0.000000000000000e+00,  1.334724130425893e-01,  0.000000000000000e+00
5403        ,  1.062500000000000e+00,  5.637537295834429e-01,  5.345668286566031e+01
4856        ,  4.825800000000000e+00,  3.777705599037884e+00,  4.527470987547957e+02
2990        ,  0.000000000000000e+00,  1.334724130425893e-01,  0.000000000000000e+00
4881        ,  3.677999999999999e-01,  3.860037556856578e-01,  3.137363250125731e+01
3430        ,  0.000000000000000e+00,  1.334724130425893e-01,  0.000000000000000e+00
5168        ,  0.000000000000000e+00,  1.334724130425893e-01,  0.000000000000000e+00
5588        ,  0.000000000000000e+00,  1.334724130425893e-01,  0.000000000000000e+00
3717        ,  1.106800000000000e+00,  1.321894341741006e+00,  1.476454861292956e+02
4880        ,  0.000000000000000e+00,  1.334724130425893e-01,  0.000000000000000e+00
4508        ,  4.478999999999997e-01,  1.334724130425893e-01,  0.000000000000000e+00
3496        ,  4.153700000000000e+00,  3.822876681990264e+00,  4.583590000000000e+02
5148        ,  0.000000000000000e+00,  1.334724130425893e-01,  0.000000000000000e+00
5144        ,  1.861700000000000e+00,  1.115251068696884e+00,  1.219728308482177e+02
4498        ,  0.000000000000000e+00,  1.334724130425893e-01,  0.000000000000000e+00
3754        ,  7.879000000000000e-01,  8.812783934602858e-01,  9.290486387279026e+01
4119        ,  3.041100000000000e+00,  2.499104015858686e+00,  2.938980000000000e+02
3644        ,  5.740000000000003e-01,  6.884998673088536e-01,  6.895471744618365e+01
3816        ,  3.645000000000000e+00,  3.161658505349061e+00,  3.762115094747801e+02
3518        ,  1.070500000000000e+00,  1.136708449820047e+00,  1.246386226772701e+02
3017        ,  0.000000000000000e+00,  1.334724130425893e-01,  0.000000000000000e+00
4193        ,  4.166600000000000e+00,  3.854751349892570e+00,  4.623190000000001e+02
3039        ,  1.061300000000000e+00,  1.265184021532846e+00,  1.405999894134514e+02
4489        ,  1.591999999999998e-01,  3.969688521519955e-01,  3.273589867889353e+01
5520        ,  0.000000000000000e+00,  1.334724130425893e-01,  0.000000000000000e+00
3657        ,  7.258000000000000e-01,  7.263309351774011e-01,  7.365472025777727e+01
4703        ,  0.000000000000000e+00,  1.334724130425893e-01,  0.000000000000000e+00
3864        ,  2.564400000000000e+00,  2.384089589177868e+00,  2.796090000000000e+02
3401        ,  2.284600000000000e+00,  1.964140839564995e+00,  2.274360000000000e+02
4395        ,  9.707000000000000e-01,  5.078652260304127e-01,  4.651328584742839e+01
3244        ,  0.000000000000000e+00,  1.334724130425893e-01,  0.000000000000000e+00
4783        ,  0.000000000000000e+00,  1.334724130425893e-01,  0.000000000000000e+00
4549        ,  4.942399999999999e+00,  4.742726473204294e+00,  5.726380000000000e+02
4061        ,  1.667600000000000e+00,  1.743021684463183e+00,  1.999649105164341e+02
4195        ,  5.205000000000000e+00,  5.874188642991961e+00,  7.132070000000000e+02
3948        ,  2.504600000000000e+00,  3.161075863078864e+00,  3.761391239868104e+02
5733        ,  3.228000000000000e-01,  4.488517649773095e-01,  3.918165477015569e+01
3014        ,  1.998000000000002e-01,  1.334724130425893e-01,  0.000000000000000e+00
3200        ,  0.000000000000000e+00,  1.253893498632381e+00,  1.391972933658290e+02
4713        ,  3.813500000000000e+00,  4.814267394496134e+00,  5.815260000000000e+02
4838        ,  3.014200000000000e+00,  2.927824740909798e+00,  3.471608003029205e+02
5828        ,  3.484800000000000e+00,  2.903146774228670e+00,  3.440948939111491e+02
3302        ,  1.491900000000000e+00,  1.345772282260270e+00,  1.506120000000000e+02
5817        ,  3.843800000000000e+00,  3.921586988826319e+00,  4.706224317718651e+02
4024        ,  4.102000000000000e+00,  4.169241204610604e+00,  5.013901466704676e+02
3286        ,  0.000000000000000e+00,  1.334724130425893e-01,  0.000000000000000e+00
5408        ,  2.319000000000000e+00,  1.581144240393310e+00,  1.798538091088386e+02
5318        ,  2.948200000000000e+00,  2.859787137991661e+00,  3.387080406261259e+02
5280        ,  9.822000000000002e-01,  2.349591379971069e-01,  1.260836448717392e+01
3825        ,  1.613500000000001e+00,  1.581288905370182e+00,  1.798717817920417e+02
5053        ,  0.000000000000000e+00,  1.334724130425893e-01,  0.000000000000000e+00
3762        ,  3.050900000000000e+00,  3.162407251775237e+00,  3.763045311764255e+02
3012        ,  0.000000000000000e+00,  1.334724130425893e-01,  0.000000000000000e+00
4129        ,  2.116100000000000e+00,  2.045607236785751e+00,  2.375571072687242e+02
5264        ,  0.000000000000000e+00,  1.334724130425893e-01,  0.000000000000000e+00
4917        ,  2.182400000000000e+00,  2.028719926812330e+00,  2.354590854885535e+02
4778        ,  3.289100000000000e+00,  3.072222916873745e+00,  3.651003370714235e+02
5692        ,  2.643300000000000e+00,  2.376689439201531e+00,  2.786896306124942e+02
4414        ,  0.000000000000000e+00,  1.334724130425893e-01,  0.000000000000000e+00
3025        ,  0.000000000000000e+00,  1.334724130425893e-01,  0.000000000000000e+00
3368        ,  0.000000000000000e+00,  1.334724130425893e-01,  0.000000000000000e+00
4312        ,  5.035999999999996e-01,  4.581012645876296e-01,  4.033078104714566e+01
4974        ,  1.457600000000000e+00,  1.289453033950860e+00,  1.436150887227178e+02
3753        ,  0.000000000000000e+00,  1.334724130425893e-01,  0.000000000000000e+00
5835        ,  0.000000000000000e+00,  1.334724130425893e-01,  0.000000000000000e+00
4198        ,  4.097700000000001e+00,  3.920532174141430e+00,  4.704913851939065e+02
5614        ,  1.138500000000000e+00,  1.183102462803385e+00,  1.304024565775044e+02
4087        ,  0.000000000000000e+00,  1.334724130425893e-01,  0.000000000000000e+00
5415        ,  1.726200000000000e+00,  1.697776828961365e+00,  1.943438440213621e+02
5656        ,  2.185500000000000e+00,  2.247182918098833e+00,  2.626001822411877e+02
5560        ,  3.030600000000000e+00,  2.525510253338425e+00,  2.971786208598082e+02
4422        ,  4.267999999999996e-01,  6.694061945792564e-01,  6.658258468417498e+01
4771        ,  2.747500000000000e+00,  2.378393080113556e+00,  2.789012851474464e+02
4474        ,  1.164100000000000e+00,  9.534069122593063e-01,  1.018658649824979e+02
5360        ,  2.079200000000000e+00,  1.253070123111066e+00,  1.390950000000000e+02
4604        ,  2.293100000000000e+00,  2.527174844718149e+00,  2.973854240140846e+02
4693        ,  4.030700000000000e+00,  3.653409697643007e+00,  4.373050000000000e+02
3240        ,  1.162500000000000e+00,  1.245189572498328e+00,  1.381159472763107e+02
5703        ,  3.516900000000001e+00,  3.232255327087992e+00,  3.849822177671148e+02
5209        ,  1.572700000000000e+00,  1.216360886749985e+00,  1.345343697077745e+02
5328        ,  0.000000000000000e+00,  1.334724130425893e-01,  0.000000000000000e+00
3161        ,  0.000000000000000e+00,  1.334724130425893e-01,  0.000000000000000e+00
3977        ,  3.184500000000000e+00,  3.201977094901873e+00,  3.812205534942658e+02
5496        ,  2.170000000000000e+00,  2.245350863401411e+00,  2.623725740156203e+02
5233        ,  6.469999999999976e-02,  1.334724130425893e-01,  0.000000000000000e+00
3077        ,  2.134800000000000e+00,  1.817697002093495e+00,  2.092423172245570e+02
3239        ,  9.895999999999999e-01,  1.265837665171429e+00,  1.406811958692088e+02
3652        ,  1.815100000000000e+00,  1.664122289758482e+00,  1.901627188829954e+02
5796        ,  1.643200000000000e+00,  1.450535264824037e+00,  1.636273955556196e+02
3332        ,  0.000000000000000e+00,  1.334724130425893e-01,  0.000000000000000e+00
5833        ,  5.220599999999999e+00,  5.605419263229830e+00,  6.798160091630082e+02
5181        ,  0.000000000000000e+00,  1.334724130425893e-01,  0.000000000000000e+00
4903        ,  1.562900000000000e+00,  1.948419382613802e+00,  2.254828198220123e+02
5019        ,  1.267900000000000e+00,  1.377360084810278e+00,  1.545363608272695e+02
3728        ,  0.000000000000000e+00,  1.334724130425893e-01,  0.000000000000000e+00
3412        ,  4.977500000000000e+00,  4.993092300302710e+00,  6.037425962376293e+02
4657        ,  7.240000000000002e-01,  5.378193993858156e-01,  5.023469015667348e+01
5471        ,  2.481200000000000e+00,  2.033760177291735e+00,  2.360852690133393e+02
4615        ,  0.000000000000000e+00,  1.334724130425893e-01,  0.000000000000000e+00
3563        ,  0.000000000000000e+00,  7.953620763253807e-01,  8.223091373479943e+01
5843        ,  9.450000000000003e-02,  9.807341555508103e-01,  1.052609084623557e+02
3429        ,  4.021700000000000e+00,  3.561238782958840e+00,  4.258539999999999e+02
3238        ,  0.000000000000000e+00,  1.334724130425893e-01,  0.000000000000000e+00
3757        ,  1.403600000000000e+00,  1.344052584582615e+00,  1.503983506272634e+02
4089        ,  4.025900000000000e+00,  4.086728965128852e+00,  4.911391075271200e+02
5882        ,  0.000000000000000e+00,  1.334724130425893e-01,  0.000000000000000e+00
3906        ,  1.246300000000000e+00,  1.324071679775329e+00,  1.479159911787080e+02
3782        ,  1.082200000000000e+00,  6.867925823253231e-01,  6.874261018421930e+01
5285        ,  3.423700000000000e+00,  2.907091109070993e+00,  3.445849246158917e+02
3230        ,  0.000000000000000e+00,  1.334724130425893e-01,  0.000000000000000e+00
3651        ,  2.001500000000000e+00,  1.996055793338735e+00,  2.314010049792321e+02
4769        ,  1.221900000000000e+00,  1.321382907190797e+00,  1.475819472455326e+02
5682        ,  3.568200000000000e+00,  3.182727101618964e+00,  3.788290000000000e+02
4131        ,  8.060000000000000e-01,  5.304994059383342e-01,  4.932527914285929e+01
3745        ,  2.101100000000000e+00,  1.169634827163856e+00,  1.287292834703840e+02
5240        ,  1.568900000000000e+00,  1.127372601886567e+00,  1.234787687791873e+02
4029        ,  2.932100000000001e+00,  2.722172173896409e+00,  3.216112269593149e+02
3226        ,  0.000000000000000e+00,  1.334724130425893e-01,  0.000000000000000e+00
4839        ,  2.247100000000000e+00,  1.956074541265401e+00,  2.264338706173726e+02
3316        ,  0.000000000000000e+00,  1.334724130425893e-01,  0.000000000000000e+00
4618        ,  9.976000000000003e-01,  1.090441381844685e+00,  1.188905599917549e+02
3455        ,  0.000000000000000e+00,  1.334724130425893e-01,  0.000000000000000e+00
3479        ,  2.809000000000000e+00,  2.592999649636302e+00,  3.055632732163043e+02
5562        ,  3.304500000000000e+00,  3.084712497819375e+00,  3.666520000000000e+02
3645        ,  0.000000000000000e+00,  1.334724130425893e-01,  0.000000000000000e+00
3194        ,  0.000000000000000e+00,  1.334724130425893e-01,  0.000000000000000e+00
5373        ,  3.522100000000000e+00,  3.155055226286823e+00,  3.753911406111230e+02
3324        ,  2.361700000000000e+00,  2.288387255323622e+00,  2.677192685297184e+02
4502        ,  7.188000000000000e+00,  6.524233984950658e+00,  7.939664156603043e+02
3402        ,  0.000000000000000e+00,  1.334724130425893e-01,  0.000000000000000e+00
5687        ,  3.023600000000000e+00,  2.925397064783975e+00,  3.468591941030465e+02
5254        ,  4.435099999999999e+00,  6.173433507044970e+00,  7.503841610384122e+02
3620        ,  9.683000000000000e-01,  1.272761454407057e+00,  1.415413838233899e+02
4550        ,  0.000000000000000e+00,  1.334724130425893e-01,  0.000000000000000e+00
3353        ,  1.561700000000000e+00,  1.436158085716425e+00,  1.618412238709249e+02
4091        ,  5.020000000000000e-01,  6.340269109377916e-01,  6.218718318071123e+01
2987        ,  0.000000000000000e+00,  1.334724130425893e-01,  0.000000000000000e+00
3179        ,  0.000000000000000e+00,  1.334724130425893e-01,  0.000000000000000e+00
4225        ,  6.553999999999998e-01,  3.530726109460127e-01,  2.728237942314876e+01
5741        ,  1.094500000000000e+00,  1.151425687489440e+00,  1.264670420775732e+02
4755        ,  2.301300000000000e+00,  2.333238304173250e+00,  2.732914098297908e+02
5482        ,  9.074999999999998e-01,  9.533873788473749e-01,  1.018634382180376e+02
5538        ,  0.000000000000000e+00,  1.334724130425893e-01,  0.000000000000000e+00
3710        ,  3.456000000000000e+00,  3.312077318105049e+00,  3.948990296189705e+02
5212        ,  0.000000000000000e+00,  1.334724130425893e-01,  0.000000000000000e+00
4147        ,  2.493800000000000e+00,  2.442504812285847e+00,  2.868663080358546e+02
3514        ,  0.000000000000000e+00,  1.334724130425893e-01,  0.000000000000000e+00
4109        ,  3.027700000000000e+00,  2.892477776517817e+00,  3.427694140327557e+02
4805        ,  8.720000000000001e-01,  6.822719927069999e-01,  6.818098755199526e+01
4072        ,  9.394999999999998e-01,  9.496571265442535e-01,  1.014000043976246e+02
5492        ,  0.000000000000000e+00,  1.334724130425893e-01,  0.000000000000000e+00
5813        ,  4.605999999999999e-01,  1.334724130425893e-01,  0.000000000000000e+00
5626        ,  2.421200000000000e+00,  2.446660824511438e+00,  2.873826368165585e+02
4412        ,  0.000000000000000e+00,  1.334724130425893e-01,  0.000000000000000e+00
4100        ,  0.000000000000000e+00,  1.334724130425893e-01,  0.000000000000000e+00
4190        ,  0.000000000000000e+00,  1.334724130425893e-01,  0.000000000000000e+00
3963        ,  0.000000000000000e+00,  1.334724130425893e-01,  0.000000000000000e+00
5146        ,  3.059299999999999e+00,  3.196908362696010e+00,  3.805908314969500e+02
5315        ,  1.127500000000000e+00,  1.233281638407036e+00,  1.366365461686335e+02
3834        ,  0.000000000000000e+00,  1.334724130425893e-01,  0.000000000000000e+00
5018        ,  1.576900000000000e+00,  1.301961485923676e+00,  1.451690961233335e+02
3870        ,  1.333400000000000e+00,  5.951193051290750e-01,  5.735343496803183e+01
5337        ,  8.550000000000000e-01,  9.997178414603479e-01,  1.076193768370594e+02
4310        ,  1.386300000000000e+00,  1.347897260120424e+00,  1.508760000000000e+02
5629        ,  8.353000000000002e-01,  8.653502043771900e-01,  9.092600000000000e+01
3775        ,  7.872000000000000e-01,  9.701861131080570e-01,  1.039504556538331e+02
3146        ,  0.000000000000000e+00,  1.334724130425893e-01,  0.000000000000000e+00
5518        ,  0.000000000000000e+00,  1.334724130425893e-01,  0.000000000000000e+00
4299        ,  3.159100000000000e+00,  2.564838606576756e+00,  3.020646412977663e+02
4572        ,  2.515200000000000e+00,  2.339550262100389e+00,  2.740755859494630e+02
4645        ,  3.145100000000000e+00,  2.557540775132152e+00,  3.011579836155841e+02
4955        ,  4.844999999999997e-01,  1.334724130425893e-01,  0.000000000000000e+00
3330        ,  0.000000000000000e+00,  1.334724130425893e-01,  0.000000000000000e+00
3631        ,  3.243400000000000e+00,  3.430062377820043e+00,  4.095570909328449e+02
4411        ,  0.000000000000000e+00,  1.334724130425893e-01,  0.000000000000000e+00
3642        ,  5.232000000000000e-01,  6.912492204797843e-01,  6.929628770474305e+01
4357        ,  2.144500000000000e+00,  1.334724130425893e-01,  0.000000000000000e+00
5777        ,  6.503000000000001e-01,  7.949853605238536e-01,  8.218411184878074e+01
5478        ,  5.165000000000000e+00,  4.934859888059855e+00,  5.965079999999999e+02
4935        ,  3.557399999999999e+00,  3.576407166719617e+00,  4.277384682516152e+02
4037        ,  1.423100000000000e+00,  1.210389542457635e+00,  1.337925102640877e+02
4780        ,  3.433200000000000e+00,  3.510952546332463e+00,  4.196066095126452e+02
4269        ,  0.000000000000000e+00,  1.334724130425893e-01,  0.000000000000000e+00
4192        ,  2.623400000000000e+00,  2.555960978301905e+00,  3.009617150468588e+02
3151        ,  1.532600000000000e+00,  1.236207419275227e+00,  1.370000352024188e+02
4437        ,  0.000000000000000e+00,  1.334724130425893e-01,  0.000000000000000e+00
3656        ,  2.389100000000000e+00,  2.081148415267798e+00,  2.419726220348789e+02
3799        ,  3.415900000000000e+00,  2.975929143342979e+00,  3.531371271534229e+02
5062        ,  4.345800000000000e+00,  4.306132063686882e+00,  5.183969999999999e+02
5012        ,  0.000000000000000e+00,  1.334724130425893e-01,  0.000000000000000e+00
4716        ,  3.336500000000000e+00,  3.270127074650830e+00,  3.896872744851486e+02
3320        ,  0.000000000000000e+00,  1.334724130425893e-01,  0.000000000000000e+00
3210        ,  7.141999999999999e-01,  7.197665681859571e-01,  7.283918569704736e+01
4990        ,  3.729400000000000e+00,  3.353444919289072e+00,  4.000383992648228e+02
3369        ,  0.000000000000000e+00,  1.334724130425893e-01,  0.000000000000000e+00
3612        ,  2.530999999999999e-01,  4.124809912172032e-01,  3.466307391681277e+01
3466        ,  8.565000000000000e-01,  1.091382303321242e+00,  1.190074568660559e+02
3673        ,  0.000000000000000e+00,  1.334724130425893e-01,  0.000000000000000e+00
3630        ,  3.936000000000000e+00,  3.723976670748944e+00,  4.460720000000000e+02
3988        ,  1.247000000000000e+00,  1.285650715794115e+00,  1.431427016865026e+02
5274        ,  2.598400000000000e+00,  4.841183780724748e+00,  5.848700000000000e+02
5098        ,  2.883100000000000e+00,  2.437767627822428e+00,  2.862777763989875e+02
5253        ,  4.834600000000000e+00,  4.801796495955022e+00,  5.799766581096260e+02
3828        ,  3.228500000000000e+00,  3.313631030825575e+00,  3.950920575868898e+02
3094        ,  0.000000000000000e+00,  1.334724130425893e-01,  0.000000000000000e+00
3008        ,  0.000000000000000e+00,  1.334724130425893e-01,  0.000000000000000e+00
5039        ,  8.927999999999998e-01,  1.334724130425893e-01,  0.000000000000000e+00
3787        ,  0.000000000000000e+00,  1.334724130425893e-01,  0.000000000000000e+00
3348        ,  0.000000000000000e+00,  1.334724130425893e-01,  0.000000000000000e+00
4605        ,  8.457000000000000e-01,  6.942655981076830e-01,  6.967103217088429e+01
3548        ,  0.000000000000000e+00,  1.334724130425893e-01,  0.000000000000000e+00
4252        ,  1.628000000000003e-01,  1.334724130425893e-01,  0.000000000000000e+00
4910        ,  0.000000000000000e+00,  1.334724130425893e-01,  0.000000000000000e+00
5911        ,  1.002100000000000e+00,  1.720855133617358e+00,  1.972110138603652e+02
4464        ,  2.394400000000000e+00,  2.009192094898407e+00,  2.330330142706148e+02
4866        ,  4.522399999999999e+00,  3.898136314537374e+00,  4.677090000000000e+02
3256        ,  1.546800000000000e+00,  5.592868055119287e-01,  5.290172745789221e+01
4277        ,  2.930600000000000e+00,  2.661071688204376e+00,  3.140203110607700e+02
3649        ,  1.546300000000000e+00,  1.089879699571785e+00,  1.188207785023445e+02
4231        ,  3.127200000000000e+00,  3.252842020634970e+00,  3.875398383420460e+02
5198        ,  3.256600000000000e+00,  3.187586086372850e+00,  3.794326636894340e+02
3940        ,  2.413200000000000e+00,  2.067941857143322e+00,  2.403318843075646e+02
4925        ,  4.453400000000000e+00,  4.959120051963277e+00,  5.995219999999999e+02
5137        ,  3.959000000000001e-01,  5.567614495879069e-01,  5.258798585312389e+01
3327        ,  1.875800000000000e+00,  1.339766638305311e+00,  1.498658792832436e+02
3038        ,  0.000000000000000e+00,  1.334724130425893e-01,  0.000000000000000e+00
5842        ,  5.800000000000005e-02,  1.334724130425893e-01,  0.000000000000000e+00
4658        ,  2.303800000000000e+00,  2.278549022123568e+00,  2.664970000000000e+02
3939        ,  0.000000000000000e+00,  1.334724130425893e-01,  0.000000000000000e+00
4383        ,  5.411300000000000e+00,  4.847647255049382e+00,  5.856730000000000e+02
3396        ,  2.201400000000000e+00,  2.362625382611193e+00,  2.769423602011306e+02
3007        ,  1.782999999999997e-01,  1.879230265903020e+00,  2.168870000000000e+02
3512        ,  2.296399999999999e+00,  2.254214946394003e+00,  2.634738174468695e+02
4011        ,  0.000000000000000e+00,  1.334724130425893e-01,  0.000000000000000e+00
3624        ,  1.820700000000000e+00,  1.689308673348752e+00,  1.932917892570982e+02
5603        ,  1.377800000000001e+00,  1.619379058635682e+00,  1.846039724894848e+02
3267        ,  2.079300000000000e+00,  8.809770208190638e-01,  9.286742236397527e+01
4512        ,  7.999000000000001e-01,  5.000029354911844e-01,  4.553650169297788e+01
3018        ,  0.000000000000000e+00,  1.792810545082626e-01,  5.691109339870049e+00
4102        ,  1.217700000000000e+00,  1.168304580764706e+00,  1.285640181958788e+02
5256        ,  1.496700000000000e+00,  1.514562770213800e+00,  1.715819543959055e+02
4496        ,  1.123700000000000e+00,  4.993717587266192e-01,  4.545808644500293e+01
3934        ,  1.132800000000000e+00,  1.007338711293806e+00,  1.085661677066299e+02
5810        ,  1.667300000000000e+00,  1.789414619007837e+00,  2.057286104351255e+02
4197        ,  1.164100000000000e+00,  9.566488337866241e-01,  1.022686302532617e+02
3301        ,  1.573000000000000e+00,  1.334724130425893e-01,  0.000000000000000e+00
4227        ,  4.606999999999999e-01,  1.054082117351810e+00,  1.143734090105090e+02
3814        ,  2.086700000000000e+00,  1.951704724238920e+00,  2.258909794575995e+02
5086        ,  4.665000000000000e+00,  4.125057499120627e+00,  4.959009138327616e+02
3760        ,  3.901500000000000e+00,  3.658555254782495e+00,  4.379442664649818e+02
4553        ,  3.322600000000000e+00,  3.307416179943470e+00,  3.943199457152126e+02
4307        ,  0.000000000000000e+00,  1.334724130425893e-01,  0.000000000000000e+00
3019        ,  3.700100000000000e+00,  2.612323951597852e+00,  3.079640585673009e+02
5704        ,  2.854299999999999e+00,  2.984431276991931e+00,  3.541934032330057e+02
3736        ,  4.481999999999999e-01,  6.700995303513257e-01,  6.666872235518726e+01
5317        ,  4.574800000000001e+00,  4.259283962874786e+00,  5.125767517770379e+02
3449        ,  5.802000000000000e-01,  6.831525912106594e-01,  6.829039010593495e+01
4770        ,  2.630999999999999e-01,  7.964364139815867e-01,  8.236438578011189e+01
5394        ,  6.362999999999999e-01,  1.379372212151490e+00,  1.547863406637848e+02
3560        ,  1.123000000000000e+00,  3.514952436475571e-01,  2.708641269116494e+01
5697        ,  1.888100000000000e+00,  1.410762219212332e+00,  1.586861280542580e+02
3203        ,  2.789999999999981e-02,  1.334724130425893e-01,  0.000000000000000e+00
4589        ,  1.158500000000000e+00,  1.316058657195883e+00,  1.469204805898021e+02
5184        ,  1.397900000000000e+00,  1.443267569137890e+00,  1.627244818372601e+02
5874        ,  4.438800000000000e+00,  4.789387445383501e+00,  5.784349999999999e+02
3136        ,  1.730999999999998e-01,  4.962078726017284e-01,  4.506501602641950e+01
3534        ,  0.000000000000000e+00,  5.755860777145779e-01,  5.492669343150860e+01
5473        ,  0.000000000000000e+00,  1.334724130425893e-01,  0.000000000000000e+00
3749        ,  2.032700000000000e+00,  2.036540184809494e+00,  2.364306476633716e+02
3192        ,  1.573799999999999e+00,  1.702117010600667e+00,  1.948830533817329e+02
5199        ,  0.000000000000000e+00,  1.362663423786670e-01,  3.471082492460259e-01
5191        ,  2.255300000000000e+00,  2.166367899256288e+00,  2.525600000000000e+02
