0             55|10|mult
1             55|24|mult
2             55|10|add
3             257|55|mult
4             25|11|mult
5             55|11|mult
6             257|11|mult
7             55|9|add
8             55|9|mult
9             256|24|add
10            55|54|mult
11            256|25|add
12            256|49|mult
13            257|24|add
14            256|24|mult
15            55|12|add
16            256|10|mult
17            242|55|add
18            54|11|mult
19            241|55|add
20            55|12|mult
21            55|53|mult
22            49|24|mult
23            55|54|add
24            55|53|add
25            11|10|mult
26            11|9|mult
27            55|11|add
28            243|55|add
29            49|10|mult
30            11|cb
31            46|17|div
32            27|199|div
33            46|8|mult
34            256|9|mult
35            256|12|mult
36            55|8|add
37            11|sq
38            241|229|mult
39            256|242|mult
40            256|241|mult
41            27|183|div
42            11|10|add
43            52|11|mult
44            256|54|mult
45            242|229|mult
46            27|175|div
47            27|182|div
48            11|9|add
49            49|11|mult
50            256|243|mult
51            55|52|add
52            241|25|mult
53            53|11|mult
54            284|25|mult
55            54|11|add
56            210|11|mult
57            46|12|mult
58            242|25|mult
59            241|55|mult
60            242|55|mult
61            104|77|div
62            284|55|mult
63            284|55|add
64            12|11|mult
65            285|55|add
66            11|1|mult
67            229|11|mult
68            11
69            234|55|add
70            234|25|mult
71            284|256|mult
72            257|229|mult
73            240|55|add
74            55|2|mult
75            244|55|add
76            24|cb
77            11|2|mult
78            256|52|mult
79            242|49|mult
80            285|55|mult
81            49|9|mult
82            243|229|mult
83            256|53|mult
84            55|2|add
85            243|25|mult
86            285|25|mult
87            234|55|mult
88            281|256|mult
89            286|25|mult
90            256|234|mult
91            263|11|mult
92            46|15|div
93            11|sqrt
94            11|210|div
95            242|9|mult
96            10|2|mult
97            48|10|mult
98            243|27|mult
99            241|9|mult
100           241|49|mult
101           12|11|add
102           11|cbrt
103           24|2|mult
104           242|54|add
105           25|10|mult
106           287|242|mult
107           285|256|mult
108           286|256|mult
109           49|12|mult
110           284|11|mult
111           241|10|mult
112           242|9|add
113           55|52|mult
114           259|27|add
115           243|55|mult
116           241|9|add
117           242|27|mult
118           241|54|add
119           286|55|add
120           281|229|mult
121           242|10|mult
122           55|49|mult
123           46|9|mult
124           243|49|mult
125           284|10|mult
126           241|11|mult
127           24|sq
128           256|8|mult
129           242|11|mult
130           229|10|mult
131           241|1|mult
132           259|11|mult
133           281|24|mult
134           242|1|mult
135           241|10|add
136           241|27|mult
137           233|11|mult
138           243|9|mult
139           259|243|mult
140           242|10|add
141           241|185|mult
142           55|210|div
143           256|240|mult
144           242|54|mult
145           241|54|mult
146           242|185|mult
147           234|10|mult
148           11|sp
149           263|241|mult
150           55|cb
151           289|37|div
152           234|11|mult
153           287|241|mult
154           256|244|mult
155           55|8|mult
156           55|1|add
157           220|49|mult
158           259|55|mult
159           242|233|mult
160           11|8|mult
161           285|49|mult
162           259|229|mult
163           243|9|add
164           285|11|mult
165           241|233|mult
166           259|46|mult
167           240|27|mult
168           243|3|mult
169           244|27|mult
170           286|55|mult
171           241|46|mult
172           241|12|mult
173           242|12|mult
174           243|10|mult
175           289|132|mult
176           27|226|div
177           234|229|mult
178           242|46|mult
179           10|cb
180           259|49|mult
181           241|11|add
182           229|12|mult
183           287|243|mult
184           243|54|add
185           55|sp
186           284|9|mult
187           242|11|add
188           263|242|mult
189           286|10|mult
190           220|20|div
191           286|11|mult
192           54|24|mult
193           54|10|mult
194           285|10|mult
195           24|12|mult
196           256|2|mult
197           287|10|mult
198           234|9|mult
199           242|52|mult
200           25|210|div
201           54|49|mult
202           243|10|add
203           243|46|mult
204           55|sq
205           241|52|mult
206           242|3|mult
207           259|242|mult
208           259|241|mult
209           259|220|mult
210           243|11|mult
211           284|10|add
212           259|3|add
213           285|9|mult
214           53|11|add
215           244|3|mult
216           259|10|mult
217           234|49|mult
218           24|9|mult
219           281|55|mult
220           287|12|mult
221           27|184|div
222           10|9|mult
223           242|12|add
224           10|sq
225           241|12|add
226           240|25|mult
227           281|49|add
228           32|30|div
229           243|12|mult
230           289|190|mult
231           243|185|mult
232           241|53|mult
233           229|9|mult
234           240|229|mult
235           259|24|mult
236           242|53|mult
237           241|3|mult
238           243|1|mult
239           259|240|mult
240           27|11|mult
241           12|10|mult
242           259|244|mult
243           239|37|div
244           243|54|mult
245           284|9|add
246           10|2|add
247           242|1|add
248           252|27|mult
249           281|10|mult
250           243|11|add
251           284|49|mult
252           244|25|mult
253           241|1|add
254           281|9|mult
255           257|1|mult
256           284|11|add
257           256|192|div
258           281|46|add
259           240|46|mult
260           240|3|mult
261           259|234|mult
262           263|243|mult
263           286|9|mult
264           281|46|mult
265           52|11|add
266           284|259|mult
267           244|229|mult
268           284|54|mult
269           243|52|mult
270           281|11|mult
271           244|46|mult
272           55
273           24|sp
274           243|233|mult
275           259|12|mult
276           243|12|add
277           25|192|div
278           281|27|mult
279           10|210|div
280           185|11|mult
281           239|136|mult
282           286|259|mult
283           27|186|div
284           24
285           256|27|mult
286           285|259|mult
287           53|49|mult
288           244|49|mult
289           242|8|mult
290           281|185|mult
291           287|259|mult
292           259|185|mult
293           284|12|mult
294           259|9|mult
295           241|220|mult
296           234|10|add
297           259|191|div
298           259|54|mult
299           256|191|div
300           240|10|mult
301           256|210|div
302           281|12|mult
303           240|49|mult
304           11|8|add
305           233|55|add
306           256|185|mult
307           11|inv
308           259|52|mult
309           237|34|div
310           240|9|mult
311           241|53|add
312           242|53|add
313           259|192|div
314           234|12|mult
315           54|10|add
316           243|53|mult
317           287|9|mult
318           241|8|mult
319           285|9|add
320           285|10|add
321           242|2|mult
322           23|20|sub
323           284|54|add
324           242|233|add
325           54|sp
326           244|9|mult
327           10|192|div
328           234|9|add
329           240|10|add
330           185|10|mult
331           242|52|add
332           55|sqrt
333           244|10|mult
334           243|38|mult
335           243|1|add
336           220|192|div
337           285|54|mult
338           256|30|div
339           234|54|mult
340           269|34|div
341           240|55|mult
342           259|53|mult
343           281|53|mult
344           17|46|div
345           281|220|mult
346           240|11|mult
347           244|10|add
348           241|233|add
349           244|11|mult
350           241|52|add
351           233|10|mult
352           239|21|div
353           12|9|mult
354           281|54|mult
355           240|9|add
356           241|2|mult
357           55|cbrt
358           285|229|mult
359           11|1|add
360           11|2|add
361           259|8|mult
362           242|241|mult
363           10|9|add
364           281|259|mult
365           285|12|mult
366           284|229|mult
367           243|8|mult
368           241|sq
369           12|10|add
370           244|9|add
371           242|220|mult
372           242|sq
373           220|11|mult
374           11|192|div
375           53|24|mult
376           259|cbrt
377           241|185|add
378           244|55|mult
379           53|10|mult
380           10
381           54|12|mult
382           243|185|add
383           25|191|div
384           259|sqrt
385           286|10|add
386           242|185|add
387           27|191|div
388           259|48|div
389           243|53|add
390           259|190|mult
391           242|228|mult
392           49|8|mult
393           257|sqrt
394           243|220|mult
395           285|54|add
396           269|267|mult
397           243|52|add
398           257|cbrt
399           259|176|div
400           286|49|mult
401           46|20|div
402           210|11|div
403           9|2|mult
404           242|38|mult
405           259|257|div
406           9|cb
407           52|49|mult
408           287|244|mult
409           259|2|mult
410           284|12|add
411           287|11|mult
412           241|cb
413           285|11|add
414           286|229|mult
415           243|242|mult
416           281|52|mult
417           286|12|mult
418           243|241|mult
419           9|sq
420           259|1|mult
421           242|227|mult
422           210|257|div
423           10|191|div
424           240|220|mult
425           259|228|mult
426           234|11|add
427           281|1|mult
428           25|sqrt
429           234|54|add
430           12|2|mult
431           241|228|mult
432           54|9|mult
433           243|30|div
434           240|12|mult
435           242|cb
436           243|227|mult
437           54|cb
438           12|sq
439           210|55|div
440           256|220|mult
441           263|259|mult
442           244|12|mult
443           289|34|div
444           49|2|mult
445           243|228|mult
446           243|cb
447           243|2|mult
448           284|242|mult
449           281|49|mult
450           220|193|div
451           12|cb
452           233|11|add
453           240|11|add
454           11|191|div
455           259|210|div
456           240|54|add
457           229|8|mult
458           242|48|mult
459           241|18|mult
460           257|inv
461           287|240|mult
462           220|12|mult
463           59|88|div
464           259|227|mult
465           244|54|add
466           243|sq
467           220|8|mult
468           242|18|mult
469           49|27|mult
470           241|210|mult
471           286|9|add
472           234|27|mult
473           242|234|mult
474           259|189|div
475           10|30|div
476           244|11|add
477           233|25|mult
478           229|24|mult
479           244|220|mult
480           237|23|div
481           284|241|mult
482           9|30|div
483           24|30|div
484           242|8|add
485           46|10|mult
486           25|cbrt
487           243|233|add
488           259
489           239|132|mult
490           241|227|mult
491           281|263|mult
492           241|38|mult
493           284|53|mult
494           241|234|mult
495           289|46|mult
496           259|27|mult
497           234|12|add
498           220|191|div
499           12|9|add
#-----------------------------------------------------------------------
500           247|235|mult
501           251|235|mult
502           249|235|mult
503           270|247|mult
504           264|249|mult
505           270|251|mult
506           267|247|mult
507           264|251|mult
508           164|78|div
509           164|73|div
510           164|77|div
511           164|76|div
512           235|38|div
513           267|251|mult
514           264|247|mult
515           272|235|mult
516           164|75|div
517           14|235|div
518           140|170|div
519           164|106|div
520           57|235|div
521           270|38|div
522           164|104|div
523           264|177|div
524           272|264|mult
525           235|212|div
526           264|212|div
527           164|94|div
528           188|235|div
529           231|235|div
530           38|235|div
531           235|177|div
532           164|93|div
533           270|249|mult
534           267|249|mult
535           164|111|div
536           164|59|div
537           272|270|mult
538           164|60|div
539           235|206|div
540           164|112|div
541           164|110|div
542           164|113|div
543           268|264|mult
544           264|14|div
545           257|247|mult
546           164|108|div
547           264|38|div
548           47|78|div
549           259|14|div
550           264|57|div
551           163|78|div
552           47|73|div
553           235|182|div
554           47|77|div
555           163|76|div
556           47|75|div
557           163|73|div
558           163|75|div
559           163|77|div
560           278|48|add
561           163|106|div
562           47|76|div
563           235|201|div
564           212|235|div
565           38|270|div
566           47|104|div
567           264|201|div
568           235|198|div
569           177|235|div
570           164|107|div
571           268|259|mult
572           270|212|div
573           235|183|div
574           256|8|div
575           268|235|mult
576           164|83|div
577           47|94|div
578           163|104|div
579           14|264|div
580           38|264|div
581           235|175|div
582           47|106|div
583           264|188|div
584           270|177|div
585           256|12|div
586           272|267|mult
587           259|177|div
588           235|57|div
589           140|128|div
590           264|231|div
591           164|114|div
592           163|94|div
593           259|212|div
594           201|235|div
595           173|65|div
596           256|251|mult
597           164|67|div
598           272|259|mult
599           8|256|div
600           29|154|div
601           14|270|div
602           277|47|sub
603           272|195|div
604           235|226|div
605           270|206|div
606           181|235|div
607           264|152|div
608           164|68|div
609           46|184|div
610           235|188|div
611           47|111|div
612           130|65|div
613           259|57|div
614           140|125|div
615           163|93|div
616           235|231|div
617           47|93|div
618           270|268|mult
619           264|206|div
620           57|264|div
621           256|10|div
622           47|110|div
623           47|113|div
624           47|59|div
625           231|106|div
626           280|272|mult
627           188|106|div
628           164|69|div
629           47|112|div
630           235|14|div
631           259|201|div
632           235|152|div
633           163|111|div
634           47|60|div
635           57|270|div
636           46|186|div
637           12|257|div
638           163|59|div
639           231|104|div
640           188|104|div
641           235|184|div
642           280|235|mult
643           163|60|div
644           252|235|mult
645           164|66|div
646           267|152|div
647           7|181|div
648           163|112|div
649           270|201|div
650           163|113|div
651           272|37|div
652           163|110|div
653           231|270|div
654           163|108|div
655           188|270|div
656           268|107|add
657           164|70|div
658           278|164|sub
659           47|108|div
660           235|3|div
661           272|211|div
662           152|235|div
663           256|17|mult
664           287|247|mult
665           268|267|mult
666           256|184|div
667           272|45|mult
668           272|3|mult
669           184|46|div
670           272|257|mult
671           10|257|div
672           264|32|div
673           164|103|div
674           47|107|div
675           231|61|div
676           268|211|div
677           188|61|div
678           272|61|mult
679           221|106|div
680           247|48|mult
681           231|264|div
682           188|264|div
683           280|46|add
684           272|208|div
685           259|188|div
686           47|83|div
687           235|186|div
688           268|104|add
689           272|230|div
690           247|233|mult
691           256|9|div
692           247|46|mult
693           256|175|div
694           259|231|div
695           247|35|mult
696           173|61|div
697           280|152|div
698           280|267|mult
699           163|107|div
700           7|235|div
701           140|124|div
702           267|199|sub
703           48|46|mult
704           268|57|mult
705           164|89|div
706           247|1|mult
707           164|98|div
708           247|25|mult
709           272|46|add
710           163|114|div
711           270|182|div
712           47|68|div
713           270|188|div
714           203|154|div
715           47|114|div
716           47|67|div
717           267|177|div
718           280|264|mult
719           231|59|div
720           163|83|div
721           188|59|div
722           270|231|div
723           259|152|div
724           130|61|div
725           42|154|div
726           152|106|div
727           264|181|div
728           231|93|div
729           272|46|mult
730           272|49|add
731           231|107|div
732           188|93|div
733           188|107|div
734           231|111|div
735           164|61|div
736           247|45|mult
737           188|111|div
738           256|183|div
739           231|113|div
740           47|69|div
741           287|272|mult
742           188|113|div
743           280|46|mult
744           268|106|abd
745           212|104|div
746           231|110|div
747           188|110|div
748           270|152|div
749           256|249|mult
750           280|247|mult
751           164|58|div
752           256|152|div
753           164|267|div
754           272|4|mult
755           268|104|abd
756           259|249|mult
757           231|83|div
758           188|83|div
759           272|38|mult
760           221|76|div
761           272|48|mult
762           231|112|div
763           188|112|div
764           247|54|mult
765           278|163|sub
766           247|49|mult
767           256|182|div
768           272|0|mult
769           173|115|div
770           261|154|div
771           272|45|add
772           270|38|abd
773           270|198|div
774           272|233|mult
775           163|67|div
776           272|35|mult
777           247|52|mult
778           268|106|add
779           164|88|div
780           260|152|div
781           221|78|div
782           4|152|div
783           177|104|div
784           247|55|mult
785           231|67|div
786           132|152|div
787           268|195|div
788           9|257|div
789           119|65|div
790           231|60|div
791           188|67|div
792           272|186|div
793           212|270|div
794           188|60|div
795           277|272|add
796           280|272|add
797           247|152|div
798           280|40|mult
799           268|260|mult
800           47|66|div
801           47|70|div
802           0|152|div
803           287|251|mult
804           272|48|add
805           221|75|div
806           280|251|mult
807           247|9|mult
808           272|25|mult
809           280|268|mult
810           272|271|sub
811           163|68|div
812           272|220|add
813           270|57|div
814           235|181|div
815           272|152|div
816           173|235|div
817           270|183|div
818           272|132|mult
819           272|9|mult
820           155|152|div
821           177|270|div
822           272|223|add
823           268|45|mult
824           161|152|div
825           272|34|div
826           39|152|div
827           130|115|div
828           221|73|div
829           257|186|div
830           272|219|add
831           272|49|mult
832           272|105|abd
833           268|158|abd
834           45|152|div
835           272|47|sub
836           272|154|div
837           272|96|mult
838           272|89|mult
839           141|75|div
840           272|55|mult
841           221|77|div
842           221|46|abd
843           164|62|div
844           48|152|div
845           272|1|mult
846           272|252|div
847           201|104|div
848           272|41|sub
849           268|230|div
850           247|228|mult
851           272|161|add
852           3|152|div
853           272|162|div
854           256|198|div
855           251|48|mult
856           247|2|mult
857           272|54|mult
858           47|267|div
859           40|152|div
860           272|260|mult
861           272|30|div
862           259|181|div
863           247|4|mult
864           100|154|div
865           272|28|mult
866           27|235|div
867           233|152|div
868           46|175|div
869           163|69|div
870           272|40|mult
871           272|221|sub
872           268|0|add
873           272|90|mult
874           272|164|sub
875           130|235|div
876           188|267|div
877           247|0|mult
878           231|267|div
879           270|175|div
880           272|250|mult
881           272|2|mult
882           272|226|mult
883           49|152|div
884           287|152|div
885           173|72|div
886           251|45|mult
887           272|268|mult
888           268|214|abd
889           268|256|mult
890           47|71|div
891           231|76|div
892           272|86|mult
893           188|76|div
894           212|106|div
895           163|267|div
896           272|85|mult
897           249|3|mult
898           263|247|mult
899           251|233|mult
900           259|27|div
901           46|152|div
902           272|228|mult
903           272|52|mult
904           272|229|mult
905           268|152|div
906           164|63|div
907           268|27|mult
908           47|98|div
909           251|35|mult
910           272|10|mult
911           164|71|div
912           272|247|mult
913           272|179|div
914           272|219|mult
915           32|264|div
916           176|152|div
917           216|152|div
918           268|exp
919           272|176|mult
920           163|66|div
921           272|227|mult
922           272|163|sub
923           272|263|mult
924           272|103|mult
925           272|197|div
926           205|154|div
927           219|152|div
928           206|235|div
929           277|64|div
930           272|53|mult
931           251|46|mult
932           272|27|mult
933           212|264|div
934           181|7|div
935           277|88|div
936           9|152|div
937           197|272|div
938           268|3|mult
939           206|164|mult
940           54|152|div
941           272|199|mult
942           247|176|mult
943           272|220|mult
944           163|70|div
945           231|96|div
946           280|256|mult
947           163|103|div
948           2|152|div
949           201|270|div
950           87|154|div
951           272|8|mult
952           247|53|mult
953           268|4|mult
954           272|19|div
955           188|96|div
956           47|89|div
957           267|212|div
958           268|0|mult
959           263|152|div
960           53|152|div
961           177|264|div
962           3|235|div
963           164|235|div
964           177|106|div
965           181|270|div
966           272|184|div
967           1|152|div
968           228|152|div
969           226|152|div
970           272|17|div
971           272|67|mult
972           272|175|mult
973           284|272|mult
974           272|62|mult
975           272|11|mult
976           250|152|div
977           272|58|mult
978           55|152|div
979           206|47|mult
980           52|152|div
981           141|78|div
982           272|183|mult
983           227|152|div
984           251|152|div
985           25|152|div
986           268|245|mult
987           247|229|mult
988           278|75|div
989           286|272|mult
990           47|61|div
991           47|88|div
992           285|272|mult
993           272|234|mult
994           280|30|div
995           229|152|div
996           272|216|mult
997           270|14|div
998           231|68|div
999           261|152|div
#-----------------------------------------------------------------------
1000          288|64|div
1001          271|122|div
1002          261|64|div
1003          147|122|div
1004          166|64|div
1005          261|109|div
1006          143|122|div
1007          288|109|div
1008          261|122|div
1009          154|122|div
1010          119|122|div
1011          139|122|div
1012          123|122|div
1013          130|122|div
1014          248|180|div
1015          173|122|div
1016          261|180|div
1017          181|122|div
1018          248|64|div
1019          117|122|div
1020          147|64|div
1021          42|64|div
1022          135|128|div
1023          168|122|div
1024          261|6|div
1025          188|122|div
1026          231|122|div
1027          29|64|div
1028          147|149|div
1029          261|69|div
1030          261|68|div
1031          151|64|div
1032          271|180|div
1033          261|70|div
1034          261|93|div
1035          56|64|div
1036          261|60|div
1037          261|67|div
1038          236|122|div
1039          147|109|div
1040          216|64|div
1041          261|63|div
1042          271|64|div
1043          261|111|div
1044          29|109|div
1045          261|112|div
1046          261|82|div
1047          253|122|div
1048          261|66|div
1049          269|122|div
1050          265|122|div
1051          261|107|div
1052          164|122|div
1053          47|122|div
1054          261|113|div
1055          131|128|div
1056          163|122|div
1057          261|59|div
1058          221|122|div
1059          261|106|div
1060          7|122|div
1061          40|64|div
1062          42|109|div
1063          261|110|div
1064          201|122|div
1065          232|122|div
1066          248|6|div
1067          261|74|div
1068          261|149|div
1069          140|122|div
1070          151|180|div
1071          212|122|div
1072          261|51|div
1073          42|180|div
1074          177|122|div
1075          158|64|div
1076          261|260|div
1077          147|180|div
1078          239|122|div
1079          288|6|div
1080          205|64|div
1081          154|64|div
1082          289|122|div
1083          255|180|div
1084          143|64|div
1085          148|122|div
1086          123|64|div
1087          224|64|div
1088          288|180|div
1089          208|180|div
1090          119|64|div
1091          236|64|div
1092          169|64|div
1093          246|122|div
1094          237|122|div
1095          261|104|div
1096          267|169|div
1097          267|186|div
1098          152|122|div
1099          261|94|div
1100          130|64|div
1101          214|64|div
1102          31|64|div
1103          271|6|div
1104          261|167|div
1105          168|64|div
1106          140|64|div
1107          232|64|div
1108          267|227|div
1109          205|109|div
1110          128|131|div
1111          128|135|div
1112          250|64|div
1113          156|64|div
1114          261|77|div
1115          261|73|div
1116          261|78|div
1117          29|180|div
1118          50|64|div
1119          265|64|div
1120          100|64|div
1121          4|64|div
1122          42|122|div
1123          261|61|div
1124          250|50|mult
1125          267|128|div
1126          57|122|div
1127          14|122|div
1128          253|156|div
1129          173|64|div
1130          13|64|div
1131          170|169|sub
1132          246|156|div
1133          119|180|div
1134          208|64|div
1135          261|76|div
1136          261|208|mult
1137          267|182|div
1138          236|180|div
1139          261|75|div
1140          154|180|div
1141          29|122|div
1142          0|64|div
1143          40|180|div
1144          52|227|div
1145          261|91|div
1146          123|109|div
1147          261|248|mult
1148          123|180|div
1149          181|64|div
1150          288|122|div
1151          147|6|div
1152          147|121|div
1153          42|149|div
1154          261|90|div
1155          261|96|div
1156          143|180|div
1157          261|92|div
1158          56|109|div
1159          267|226|div
1160          261|58|div
1161          32|122|div
1162          170|169|abd
1163          154|109|div
1164          147|51|div
1165          250|180|div
1166          261|97|div
1167          119|109|div
1168          261|71|div
1169          130|109|div
1170          166|6|div
1171          267|183|div
1172          261|89|div
1173          261|81|div
1174          261|121|div
1175          28|64|div
1176          124|42|mult
1177          288|261|mult
1178          27|122|div
1179          261|143|mult
1180          288|74|div
1181          117|64|div
1182          40|109|div
1183          267|250|div
1184          232|180|div
1185          143|109|div
1186          262|128|div
1187          261|119|mult
1188          261|260|sub
1189          261|86|div
1190          202|64|div
1191          31|109|div
1192          128|64|div
1193          205|180|div
1194          267|198|sub
1195          216|180|div
1196          173|109|div
1197          162|128|div
1198          261|154|mult
1199          201|64|div
1200          128|42|mult
1201          261|95|div
1202          212|64|div
1203          250|224|mult
1204          1|227|div
1205          282|128|div
1206          261|169|mult
1207          132|128|div
1208          39|180|div
1209          216|109|div
1210          227|52|div
1211          177|64|div
1212          166|180|div
1213          168|72|div
1214          289|156|div
1215          227|36|mult
1216          245|64|div
1217          186|36|mult
1218          288|93|div
1219          278|172|div
1220          168|115|div
1221          169|180|div
1222          283|64|div
1223          32|64|div
1224          188|64|div
1225          231|64|div
1226          261|88|div
1227          178|64|div
1228          267|199|div
1229          288|51|div
1230          261|62|div
1231          205|122|div
1232          261|85|div
1233          288|59|div
1234          174|64|div
1235          288|106|div
1236          288|112|div
1237          288|111|div
1238          261|123|mult
1239          147|167|div
1240          169|40|mult
1241          239|156|div
1242          206|169|div
1243          288|68|div
1244          123|72|div
1245          227|1|div
1246          288|114|div
1247          261|103|div
1248          288|60|div
1249          288|78|div
1250          269|64|div
1251          46|64|div
1252          261|168|mult
1253          261|108|div
1254          288|110|div
1255          130|180|div
1256          124|64|div
1257          261|134|div
1258          223|64|div
1259          31|180|div
1260          259|122|div
1261          168|180|div
1262          125|42|mult
1263          151|6|div
1264          184|128|div
1265          288|108|div
1266          168|109|div
1267          261|250|mult
1268          288|73|div
1269          39|64|div
1270          36|64|div
1271          87|64|div
1272          288|77|div
1273          269|156|div
1274          288|82|div
1275          123|115|div
1276          261|23|mult
1277          235|128|div
1278          267|283|div
1279          245|180|div
1280          141|42|mult
1281          287|64|div
1282          261|cb
1283          288|113|div
1284          267|224|div
1285          288|67|div
1286          267|175|div
1287          56|180|div
1288          261|sp
1289          255|64|div
1290          1|128|div
1291          239|64|div
1292          193|128|div
1293          192|128|div
1294          209|128|div
1295          194|128|div
1296          263|128|div
1297          227|267|div
1298          281|64|div
1299          143|72|div
1300          13|180|div
1301          186|267|div
1302          17|64|div
1303          288|75|div
1304          30|128|div
1305          35|128|div
1306          158|109|div
1307          173|180|div
1308          236|109|div
1309          133|134|div
1310          186|184|sub
1311          236|149|div
1312          201|109|div
1313          224|180|div
1314          125|64|div
1315          175|128|div
1316          226|64|div
1317          210|128|div
1318          186|64|div
1319          53|128|div
1320          227|64|div
1321          261|255|mult
1322          182|64|div
1323          176|128|div
1324          288|69|div
1325          220|128|div
1326          228|128|div
1327          246|128|div
1328          52|128|div
1329          212|109|div
1330          54|128|div
1331          128|inv
1332          288|70|div
1333          288|76|div
1334          288|104|div
1335          23|180|div
1336          42|51|div
1337          261|141|mult
1338          10|128|div
1339          227|224|mult
1340          128|134|div
1341          213|180|div
1342          181|109|div
1343          285|128|div
1344          264|128|div
1345          190|128|div
1346          180|166|div
1347          18|64|div
1348          233|128|div
1349          183|64|div
1350          181|180|div
1351          261|34|mult
1352          138|128|div
1353          267|288|div
1354          250|186|mult
1355          2|128|div
1356          237|64|div
1357          288|94|div
1358          283|122|div
1359          24|128|div
1360          29|51|div
1361          191|128|div
1362          32|109|div
1363          53|227|div
1364          261|130|mult
1365          143|115|div
1366          54|227|div
1367          9|128|div
1368          19|64|div
1369          8|128|div
1370          288|208|mult
1371          288|66|div
1372          49|64|div
1373          154|6|div
1374          237|156|div
1375          38|128|div
1376          177|109|div
1377          12|128|div
1378          20|128|div
1379          15|64|div
1380          250|267|div
1381          284|128|div
1382          123|145|div
1383          170|128|div
1384          40|6|div
1385          244|122|div
1386          199|64|div
1387          261|173|mult
1388          234|128|div
1389          169|78|div
1390          232|109|div
1391          48|128|div
1392          143|42|mult
1393          169|93|div
1394          288|63|div
1395          38|122|div
1396          286|128|div
1397          261|235|div
1398          164|64|div
1399          143|6|div
1400          15|128|div
1401          270|128|div
1402          175|64|div
1403          136|128|div
1404          261|sq
1405          198|128|div
1406          235|169|div
1407          4|180|div
1408          265|180|div
1409          169|13|mult
1410          187|64|div
1411          224|185|mult
1412          169|135|div
1413          206|122|div
1414          24|186|div
1415          183|128|div
1416          16|128|div
1417          42|121|div
1418          261|128|mult
1419          119|72|div
1420          55|128|div
1421          126|64|div
1422          21|64|div
1423          123|65|div
1424          253|128|div
1425          203|64|div
1426          260|64|div
1427          261|50|mult
1428          224|186|mult
1429          29|63|div
1430          119|6|div
1431          169|42|mult
1432          246|134|mult
1433          169|59|div
1434          169|88|div
1435          19|128|div
1436          196|128|div
1437          256|128|div
1438          227|53|div
1439          42|167|div
1440          289|134|mult
1441          261|162|div
1442          272|137|div
1443          28|109|div
1444          3|64|div
1445          10|186|div
1446          126|42|mult
1447          188|109|div
1448          14|212|div
1449          231|109|div
1450          123|111|div
1451          14|201|div
1452          288|107|div
1453          267|228|div
1454          265|149|div
1455          50|180|div
1456          169|267|div
1457          123|6|div
1458          232|156|div
1459          105|122|div
1460          277|128|div
1461          11|128|div
1462          228|64|div
1463          0|180|div
1464          268|sin
1465          261|267|div
1466          261|124|mult
1467          182|128|div
1468          52|186|div
1469          185|64|div
1470          206|128|div
1471          261|181|mult
1472          202|180|div
1473          18|128|div
1474          261|117|mult
1475          232|149|div
1476          170|124|div
1477          34|180|div
1478          45|64|div
1479          46|128|div
1480          143|65|div
1481          184|64|div
1482          123|93|div
1483          170|64|div
1484          226|128|div
1485          229|128|div
1486          227|128|div
1487          261|125|mult
1488          287|128|div
1489          261|98|div
1490          3|128|div
1491          221|64|div
1492          169|75|div
1493          14|128|div
1494          123|59|div
1495          226|267|div
1496          14|177|div
1497          244|128|div
1498          17|128|div
1499          27|64|div
#-----------------------------------------------------------------------
