# c0 + a0 * (mp_bandgap / max:mendeleev_number)
# Property Label: $bandgap$; Unit of the Property: eV
# RMSE: 0.460081801129433; Max AE: 4.30755111689232
# Coefficients
# Task   a0                      c0
# all ,  9.512329414373824e+01,  1.367931489032354e-01, 
# Feature Rung, Units, and Expressions
# 0;  1; eV;                                               0|21|div; (mp_bandgap / max:mendeleev_number); $\left(\frac{ mp_{bandgap} }{ max:mendeleev_{number} } \right)$; (mp_bandgap ./ max:mendeleev_number); mp_bandgap,max:mendeleev_number
# Number of Samples Per Task
# Task, n_samples               
# all , 1016                  

# Sample ID , Property Value        ,  Property Value (EST) ,  Feature 0 Value      
3577        ,  5.216900000000000e+00,  4.729103319020982e+00,  4.827745098039216e-02
3033        ,  0.000000000000000e+00,  1.220727794745100e+00,  1.139504950495050e-02
3404        ,  2.820000000000000e-02,  1.367931489032354e-01,  0.000000000000000e+00
5293        ,  2.833800000000000e+00,  2.914300985187631e+00,  2.919902912621360e-02
3707        ,  1.609999999999999e+00,  1.738384052401356e+00,  1.683700000000000e-02
4870        ,  2.521100000000000e+00,  2.583403100114527e+00,  2.572040816326530e-02
5647        ,  3.195000000000000e+00,  3.099652879698779e+00,  3.114757281553398e-02
4329        ,  2.076200000000000e+00,  1.622949023020354e+00,  1.562346938775510e-02
3574        ,  2.645500000000000e+00,  2.369553479859277e+00,  2.347227722772277e-02
3908        ,  1.994499999999999e+00,  1.672045443791430e+00,  1.613960396039604e-02
4303        ,  0.000000000000000e+00,  1.367931489032354e-01,  0.000000000000000e+00
4042        ,  1.349900000000000e+00,  1.579327785093649e+00,  1.516489361702128e-02
3447        ,  1.737800000000000e+00,  1.637339092986831e+00,  1.577474747474748e-02
3615        ,  3.120000000000012e-02,  1.508713964365088e-01,  1.480000000000015e-04
4735        ,  0.000000000000000e+00,  1.367931489032354e-01,  0.000000000000000e+00
4750        ,  9.359000000000002e-01,  3.034192338134465e-01,  1.751685393258426e-03
4420        ,  0.000000000000000e+00,  1.367931489032354e-01,  0.000000000000000e+00
4136        ,  0.000000000000000e+00,  1.367931489032354e-01,  0.000000000000000e+00
3925        ,  4.481500000000000e+00,  4.607680326371693e+00,  4.700097087378641e-02
4443        ,  2.707600000000000e+00,  2.761348433956259e+00,  2.759108910891089e-02
4617        ,  2.861800000000000e+00,  2.751647741583184e+00,  2.748910891089109e-02
3836        ,  2.259999999999995e-02,  2.171309745007188e-01,  8.445652173913055e-04
5832        ,  3.573500000000000e+00,  3.388797452909408e+00,  3.418725490196078e-02
4913        ,  1.940700000000000e+00,  1.734960574653537e+00,  1.680101010101010e-02
4046        ,  0.000000000000000e+00,  6.499880298826709e-01,  5.395049504950497e-03
4558        ,  0.000000000000000e+00,  1.367931489032354e-01,  0.000000000000000e+00
4191        ,  1.821500000000000e+00,  2.246818059599637e+00,  2.218200000000000e-02
4525        ,  1.162800000000000e+00,  1.580553368907084e+00,  1.517777777777777e-02
3086        ,  1.589400000000000e+00,  1.423783064224209e+00,  1.352970297029703e-02
5751        ,  5.041900000000000e+00,  5.016433433051485e+00,  5.129805825242718e-02
5102        ,  3.760100000000000e+00,  3.708579585869093e+00,  3.754901960784314e-02
5500        ,  1.070000000000002e-01,  2.424647687342001e-01,  1.110891089108912e-03
3022        ,  0.000000000000000e+00,  1.367931489032354e-01,  0.000000000000000e+00
3170        ,  1.528999999999998e-01,  1.367931489032354e-01,  0.000000000000000e+00
4533        ,  1.544200000000000e+00,  1.402215505453005e+00,  1.330297029702970e-02
5493        ,  0.000000000000000e+00,  9.128575561248612e-01,  8.158510638297868e-03
5095        ,  9.836999999999998e-01,  6.660245672302156e-01,  5.563636363636365e-03
5258        ,  3.733000000000000e-01,  8.824990579938807e-01,  7.839361702127654e-03
3559        ,  4.266400000000000e+00,  5.398311900317852e+00,  5.531262135922330e-02
3426        ,  3.814500000000001e+00,  3.723788971436318e+00,  3.770891089108910e-02
4705        ,  2.014900000000000e+00,  1.923345904275012e+00,  1.878144329896907e-02
5717        ,  8.259000000000003e-01,  4.069302038563190e+00,  4.134117647058824e-02
5108        ,  2.033300000000000e+00,  1.854607931381332e+00,  1.805882352941176e-02
4721        ,  2.367300000000000e+00,  3.293349168307365e+00,  3.318383838383838e-02
4062        ,  5.457999999999998e-01,  3.110925967019088e-01,  1.832352941176471e-03
3907        ,  1.832000000000000e+00,  1.104672666815772e+00,  1.017500000000000e-02
3583        ,  1.527200000000000e+00,  1.682188687847043e+00,  1.624623655913979e-02
5228        ,  8.589000000000000e-01,  9.994731680604168e-01,  9.069072164948460e-03
3315        ,  3.259000000000000e+00,  3.676321505843800e+00,  3.720990099009901e-02
3201        ,  0.000000000000000e+00,  5.638360226123579e-01,  4.489361702127656e-03
5331        ,  1.814300000000000e+00,  1.191814080584577e+00,  1.109108910891089e-02
3126        ,  0.000000000000000e+00,  1.367931489032354e-01,  0.000000000000000e+00
5676        ,  4.641999999999999e-01,  1.367931489032354e-01,  0.000000000000000e+00
3598        ,  9.411999999999998e-01,  1.009478736562521e+00,  9.174257425742571e-03
5120        ,  8.623000000000001e-01,  1.996698712542554e+00,  1.955257731958763e-02
4710        ,  0.000000000000000e+00,  1.367931489032354e-01,  0.000000000000000e+00
3178        ,  0.000000000000000e+00,  1.367931489032354e-01,  0.000000000000000e+00
5371        ,  4.331500000000000e+00,  3.566788445359476e+00,  3.605841584158416e-02
4218        ,  2.750400000000000e+00,  2.774439659585942e+00,  2.772871287128713e-02
5277        ,  4.523999999999999e-01,  8.651927101979600e-01,  7.657425742574261e-03
3755        ,  1.748400000000000e+00,  1.486072946968900e+00,  1.418453608247423e-02
3400        ,  6.249000000000002e-01,  3.239622188507674e-01,  1.967647058823529e-03
5825        ,  2.044100000000000e+00,  2.196010077127628e+00,  2.164787234042553e-02
3969        ,  2.773000000000000e+00,  1.829516877265025e+00,  1.779504950495049e-02
3495        ,  1.237600000000000e+00,  4.610306138878055e-01,  3.408602150537634e-03
3278        ,  1.245800000000000e+00,  9.531146656356814e-01,  8.581720430107525e-03
4278        ,  7.349000000000001e-01,  1.367931489032354e-01,  0.000000000000000e+00
3966        ,  1.750200000000000e+00,  9.861821286758549e-01,  8.929347826086960e-03
4647        ,  3.913400000000000e+00,  3.646657997381655e+00,  3.689805825242719e-02
4958        ,  3.220400000000000e+00,  3.118202059214302e+00,  3.134257425742575e-02
4890        ,  2.595300000000000e+00,  2.819270043756654e+00,  2.820000000000000e-02
3933        ,  3.733600000000000e+00,  3.513473960502554e+00,  3.549793814432990e-02
4837        ,  2.507100000000000e+00,  2.614431726852953e+00,  2.604660194174757e-02
4994        ,  3.688700000000000e+00,  4.134420221403348e+00,  4.202574257425742e-02
4339        ,  0.000000000000000e+00,  1.367931489032354e-01,  0.000000000000000e+00
4325        ,  2.300000000000000e-01,  4.537551116892317e+00,  4.626372549019608e-02
5893        ,  4.026400000000000e+00,  3.715446775553266e+00,  3.762121212121212e-02
4950        ,  1.466200000000001e+00,  9.864984556010636e-01,  8.932673267326734e-03
4450        ,  5.732999999999999e-01,  3.676189296924555e-01,  2.426595744680851e-03
4947        ,  8.538999999999999e-01,  9.076840924742937e-01,  8.104123711340208e-03
4749        ,  2.372800000000001e+00,  2.266435840144810e+00,  2.238823529411765e-02
5135        ,  1.470899999999999e+00,  1.367931489032354e-01,  0.000000000000000e+00
3721        ,  1.803700000000000e+00,  1.635513494412356e+00,  1.575555555555556e-02
4840        ,  3.246200000000000e+00,  3.237435812071701e+00,  3.259603960396040e-02
4848        ,  7.781000000000002e-01,  7.150274763345653e-01,  6.078787878787878e-03
5490        ,  2.288300000000000e+00,  2.169395793766136e+00,  2.136808510638298e-02
5388        ,  1.719900000000000e+00,  1.663420824916465e+00,  1.604893617021277e-02
3448        ,  1.538000000000000e+00,  1.020007820872246e+00,  9.284946236559141e-03
4846        ,  0.000000000000000e+00,  1.367931489032354e-01,  0.000000000000000e+00
5732        ,  5.205000000000001e-01,  4.139948354242818e-01,  2.914130434782614e-03
4953        ,  2.663900000000000e+00,  2.510263463992752e+00,  2.495151515151515e-02
3082        ,  3.936999999999999e-01,  1.367931489032354e-01,  0.000000000000000e+00
4256        ,  2.726200000000000e+00,  2.697892720429244e+00,  2.692400000000000e-02
4685        ,  7.060000000000000e-01,  6.286726344271455e-01,  5.170967741935475e-03
5625        ,  8.441999999999998e-01,  1.022004873316102e+00,  9.305940594059406e-03
3965        ,  4.246200000000000e+00,  3.452263766469589e+00,  3.485445544554455e-02
4444        ,  9.563000000000001e-01,  3.320516096778551e-01,  2.052688172043011e-03
3422        ,  9.169000000000000e-01,  8.980830870344511e-01,  8.003191489361702e-03
5724        ,  0.000000000000000e+00,  1.367931489032354e-01,  0.000000000000000e+00
5875        ,  4.952999999999994e-01,  3.460643960194595e-01,  2.200000000000000e-03
4937        ,  0.000000000000000e+00,  1.367931489032354e-01,  0.000000000000000e+00
4070        ,  7.039999999999997e-01,  1.367931489032354e-01,  0.000000000000000e+00
4121        ,  1.252800000000000e+00,  1.035661187821887e+00,  9.449504950495052e-03
3358        ,  0.000000000000000e+00,  1.367931489032354e-01,  0.000000000000000e+00
5476        ,  0.000000000000000e+00,  1.367931489032354e-01,  0.000000000000000e+00
4178        ,  2.596900000000000e+00,  2.153499337463247e+00,  2.120097087378641e-02
4700        ,  7.430000000000003e-02,  1.367931489032354e-01,  0.000000000000000e+00
5159        ,  2.832700000000000e+00,  2.561668476484571e+00,  2.549191919191919e-02
4672        ,  6.372000000000000e-01,  6.144816121676320e-01,  5.021782178217823e-03
5909        ,  1.706400000000000e+00,  1.450769456358853e+00,  1.381340206185567e-02
3034        ,  1.700700000000000e+00,  2.059599225525757e+00,  2.021382978723404e-02
3339        ,  0.000000000000000e+00,  1.807117761993870e-01,  4.617021276595756e-04
4575        ,  2.957400000000000e+00,  2.291474290328048e+00,  2.265145631067961e-02
5696        ,  0.000000000000000e+00,  1.367931489032354e-01,  0.000000000000000e+00
3504        ,  0.000000000000000e+00,  1.367931489032354e-01,  0.000000000000000e+00
5474        ,  0.000000000000000e+00,  1.367931489032354e-01,  0.000000000000000e+00
4069        ,  2.483500000000000e+00,  2.385564331348818e+00,  2.364059405940594e-02
3708        ,  3.914400000000000e+00,  3.122545487438455e+00,  3.138823529411765e-02
3778        ,  4.467100000000000e+00,  4.174269045384739e+00,  4.244466019417476e-02
3067        ,  0.000000000000000e+00,  8.483342253942675e-01,  7.480198019801981e-03
3245        ,  0.000000000000000e+00,  1.367931489032354e-01,  0.000000000000000e+00
3972        ,  9.501000000000001e-01,  6.175237752210525e-01,  5.053763440860217e-03
5077        ,  1.153900000000000e+00,  1.258374438526598e+00,  1.179081632653061e-02
4802        ,  0.000000000000000e+00,  1.367931489032354e-01,  0.000000000000000e+00
3793        ,  0.000000000000000e+00,  1.367931489032354e-01,  0.000000000000000e+00
5431        ,  0.000000000000000e+00,  1.367931489032354e-01,  0.000000000000000e+00
5297        ,  1.494600000000000e+00,  1.572966527514982e+00,  1.509801980198020e-02
3520        ,  8.754999999999997e-01,  1.013052569257435e+00,  9.211827956989252e-03
4859        ,  0.000000000000000e+00,  1.367931489032354e-01,  0.000000000000000e+00
5160        ,  4.105000000000000e+00,  3.978918122662966e+00,  4.039100000000000e-02
5202        ,  3.249999999999975e-02,  1.869490676335703e-01,  5.272727272727287e-04
3573        ,  2.447999999999999e-01,  6.426669227591373e-01,  5.318085106382982e-03
4237        ,  0.000000000000000e+00,  1.367931489032354e-01,  0.000000000000000e+00
5749        ,  1.189500000000000e+00,  1.074002759348294e+00,  9.852577319587632e-03
4112        ,  5.923999999999998e-01,  1.367931489032354e-01,  0.000000000000000e+00
3399        ,  0.000000000000000e+00,  1.367931489032354e-01,  0.000000000000000e+00
5658        ,  1.245900000000000e+00,  1.415961244797768e+00,  1.344747474747475e-02
5582        ,  0.000000000000000e+00,  6.293959221475942e-01,  5.178571428571429e-03
5068        ,  2.732000000000000e+00,  2.487084579305678e+00,  2.470784313725490e-02
4409        ,  2.585300000000000e+00,  2.202946442888710e+00,  2.172079207920792e-02
4907        ,  3.617400000000000e+00,  3.562832823226766e+00,  3.601683168316831e-02
5719        ,  2.343600000000000e+00,  1.896950816479793e+00,  1.850396039603960e-02
3741        ,  4.134000000000000e+00,  3.938215511567850e+00,  3.996310679611650e-02
3665        ,  1.944300000000001e+00,  1.939991752542852e+00,  1.895643564356436e-02
5189        ,  6.053000000000002e-01,  5.037533207443368e-01,  3.857731958762885e-03
4673        ,  1.365500000000000e+00,  1.305991401975356e+00,  1.229139784946237e-02
3508        ,  5.225600000000000e+00,  4.710622512068091e+00,  4.808316831683169e-02
4472        ,  1.962400000000000e+00,  1.595475901079689e+00,  1.533465346534653e-02
3173        ,  0.000000000000000e+00,  1.367931489032354e-01,  0.000000000000000e+00
3772        ,  6.627000000000001e-01,  3.240259298515042e-01,  1.968316831683167e-03
3941        ,  1.333200000000000e+00,  1.101889804487099e+00,  1.014574468085106e-02
3998        ,  5.336600000000000e+00,  4.850776920606207e+00,  4.955656565656566e-02
4086        ,  1.453300000000000e+00,  7.324268822330682e-01,  6.261702127659570e-03
3485        ,  1.129800000000000e+00,  1.262450190097254e+00,  1.183366336633663e-02
3689        ,  1.522999999999999e-01,  7.578562048610615e-01,  6.529032258064513e-03
4565        ,  1.903700000000000e+00,  2.134382325921738e+00,  2.100000000000000e-02
4165        ,  0.000000000000000e+00,  1.367931489032354e-01,  0.000000000000000e+00
3686        ,  1.206600000000000e+00,  1.073517385880310e+00,  9.847474747474747e-03
4416        ,  8.491000000000000e-01,  1.022381599233503e+00,  9.309900990099011e-03
3600        ,  1.261000000000001e-01,  2.769799025958756e-01,  1.473737373737371e-03
5130        ,  3.741200000000000e+00,  2.993223236116540e+00,  3.002871287128714e-02
4052        ,  2.301500000000000e+00,  2.108476407516635e+00,  2.072765957446808e-02
3337        ,  0.000000000000000e+00,  1.367931489032354e-01,  0.000000000000000e+00
3662        ,  2.304500000000000e+00,  2.355237894998041e+00,  2.332178217821782e-02
4931        ,  7.595999999999998e-01,  9.989208005202588e-01,  9.063265306122448e-03
4038        ,  0.000000000000000e+00,  3.679225146737655e-01,  2.429787234042555e-03
4741        ,  0.000000000000000e+00,  1.367931489032354e-01,  0.000000000000000e+00
4531        ,  8.411000000000000e-01,  8.999244390779509e-01,  8.022549019607842e-03
4586        ,  1.556100000000000e+00,  1.843055227089602e+00,  1.793737373737373e-02
5773        ,  3.998000000000000e+00,  3.731973246859047e+00,  3.779494949494950e-02
3637        ,  3.929200000000000e+00,  3.587644613927432e+00,  3.627766990291262e-02
3000        ,  0.000000000000000e+00,  1.368943438970056e-01,  1.063829787236288e-06
3231        ,  1.677200000000000e+00,  1.674451079237387e+00,  1.616489361702127e-02
4392        ,  4.559800000000000e+00,  5.271049862133316e+00,  5.397475728155340e-02
3459        ,  2.935700000000000e+00,  2.683271987574913e+00,  2.677029702970297e-02
3897        ,  3.892500000000000e+00,  3.544608249780848e+00,  3.582524271844660e-02
3858        ,  3.167000000000000e-01,  3.102754338663699e-01,  1.823762376237624e-03
5355        ,  1.801200000000000e+00,  1.194262799047684e+00,  1.111683168316831e-02
4547        ,  3.463000000000000e+00,  2.264320745722085e+00,  2.236600000000000e-02
3537        ,  2.426400000000000e+00,  2.540869590797357e+00,  2.527326732673267e-02
3521        ,  0.000000000000000e+00,  1.367931489032354e-01,  0.000000000000000e+00
5437        ,  3.014500000000000e+00,  2.969015683094271e+00,  2.977422680412371e-02
3788        ,  7.426000000000001e-01,  6.941751745880332e-01,  5.859574468085104e-03
5299        ,  3.388300000000000e+00,  2.587960330472474e+00,  2.576831683168317e-02
5510        ,  3.329200000000000e+00,  3.374885204850228e+00,  3.404099999999999e-02
4560        ,  4.276800000000000e+00,  3.657108484056352e+00,  3.700792079207921e-02
3975        ,  1.985400000000000e+00,  1.780165782085501e+00,  1.727623762376238e-02
4984        ,  0.000000000000000e+00,  1.367931489032354e-01,  0.000000000000000e+00
4289        ,  4.016000000000002e-01,  3.022700081215998e-01,  1.739603960396039e-03
3251        ,  0.000000000000000e+00,  1.367931489032354e-01,  0.000000000000000e+00
5409        ,  5.116999999999998e-01,  1.367931489032354e-01,  0.000000000000000e+00
3822        ,  1.651400000000000e+00,  1.150766986477977e+00,  1.065957446808510e-02
3675        ,  1.858500000000000e+00,  1.953746132300330e+00,  1.910103092783505e-02
4096        ,  3.949999999999998e-02,  1.358044391637744e+00,  1.283861386138614e-02
5417        ,  2.387700000000000e+00,  2.387824686853223e+00,  2.366435643564357e-02
4039        ,  6.776000000000000e-01,  8.201739630685470e-01,  7.184158415841585e-03
3789        ,  4.554000000000000e+00,  4.206592494851058e+00,  4.278446601941748e-02
3842        ,  2.475500000000000e+00,  2.470421844243380e+00,  2.453267326732674e-02
5072        ,  9.227000000000000e-01,  9.976127845476861e-01,  9.049514563106797e-03
4751        ,  0.000000000000000e+00,  1.367931489032354e-01,  0.000000000000000e+00
5535        ,  1.533700000000000e+00,  1.447858078295103e+00,  1.378279569892473e-02
5543        ,  4.231000000000000e-01,  8.313000762583040e-01,  7.301123595505618e-03
3148        ,  4.490000000000016e-02,  1.367931489032354e-01,  0.000000000000000e+00
3690        ,  2.423100000000000e+00,  2.240430671670104e+00,  2.211485148514852e-02
3950        ,  0.000000000000000e+00,  1.367931489032354e-01,  0.000000000000000e+00
3875        ,  2.401300000000000e+00,  2.408167886392874e+00,  2.387821782178218e-02
3249        ,  0.000000000000000e+00,  1.367931489032354e-01,  0.000000000000000e+00
4814        ,  2.224100000000000e+00,  2.208541554268749e+00,  2.177961165048543e-02
5735        ,  0.000000000000000e+00,  1.367931489032354e-01,  0.000000000000000e+00
3678        ,  5.503999999999998e-01,  3.502580036107425e-01,  2.244086021505375e-03
3628        ,  1.788400000000000e+00,  1.666539371713718e+00,  1.608172043010753e-02
5400        ,  3.421000000000000e+00,  3.137603443960450e+00,  3.154653465346534e-02
4007        ,  2.537700000000000e+00,  2.148038640427522e+00,  2.114356435643564e-02
4743        ,  0.000000000000000e+00,  1.367931489032354e-01,  0.000000000000000e+00
3683        ,  2.536900000000000e+00,  2.243632841968012e+00,  2.214851485148515e-02
3502        ,  0.000000000000000e+00,  1.367931489032354e-01,  0.000000000000000e+00
3819        ,  0.000000000000000e+00,  1.367931489032354e-01,  0.000000000000000e+00
5413        ,  7.898000000000001e-01,  2.014798756141039e+00,  1.974285714285715e-02
5279        ,  2.576100000000000e+00,  2.568088038329575e+00,  2.555940594059406e-02
4369        ,  2.673600000000000e+00,  3.430737354946645e+00,  3.462815533980582e-02
4246        ,  3.542900000000000e+00,  3.361096094458561e+00,  3.389603960396040e-02
4229        ,  6.249999999999996e-01,  3.753548360973830e-01,  2.507920792079209e-03
3196        ,  0.000000000000000e+00,  1.367931489032354e-01,  0.000000000000000e+00
3284        ,  0.000000000000000e+00,  1.367931489032354e-01,  0.000000000000000e+00
5370        ,  3.720300000000000e+00,  4.031861162307414e+00,  4.094757281553398e-02
4452        ,  1.246100000000000e+00,  8.602952732717475e-01,  7.605940594059406e-03
4940        ,  4.171100000000000e+00,  4.815104519232699e+00,  4.918155339805826e-02
5898        ,  3.282200000000000e+00,  3.086268074279714e+00,  3.100686274509803e-02
5359        ,  1.056300000000000e+00,  1.294505675563493e+00,  1.217065217391304e-02
3390        ,  0.000000000000000e+00,  1.367931489032354e-01,  0.000000000000000e+00
3138        ,  0.000000000000000e+00,  1.367931489032354e-01,  0.000000000000000e+00
5907        ,  7.605000000000004e-01,  8.088721855465189e-01,  7.065346534653467e-03
4686        ,  5.896000000000001e-01,  2.029847897357397e+00,  1.990106382978724e-02
4305        ,  7.780300000000000e+00,  6.457363012228588e+00,  6.644607843137255e-02
3982        ,  9.999999999976694e-05,  1.367931489032354e-01,  0.000000000000000e+00
4511        ,  3.130800000000000e+00,  2.728667460621727e+00,  2.724752475247525e-02
4050        ,  5.382100000000000e+00,  4.968225316990289e+00,  5.079126213592233e-02
4808        ,  8.830000000000001e-01,  6.934178443120775e-01,  5.851612903225802e-03
3472        ,  7.224000000000004e-01,  8.054539518548068e-01,  7.029411764705879e-03
5529        ,  0.000000000000000e+00,  1.367931489032354e-01,  0.000000000000000e+00
3854        ,  3.373500000000000e+00,  3.073748400960991e+00,  3.087524752475247e-02
4487        ,  2.786700000000000e+00,  2.552636567747690e+00,  2.539696969696970e-02
3434        ,  0.000000000000000e+00,  1.367931489032354e-01,  0.000000000000000e+00
3531        ,  4.588000000000001e-01,  4.876242230032592e-01,  3.688172043010752e-03
3569        ,  2.146999999999997e-01,  1.367931489032354e-01,  0.000000000000000e+00
5601        ,  8.203000000000000e-01,  1.193238218711722e+00,  1.110606060606061e-02
3088        ,  1.459500000000000e+00,  1.065279215654071e+00,  9.760869565217389e-03
3655        ,  2.189700000000000e+00,  1.778282152498496e+00,  1.725643564356435e-02
3809        ,  4.851000000000000e+00,  4.466164872059518e+00,  4.551326530612245e-02
5892        ,  1.967200000000000e+00,  2.270186007560990e+00,  2.242765957446809e-02
5281        ,  1.805600000000000e+00,  1.919444159154398e+00,  1.874042553191490e-02
5141        ,  1.826300000000000e+00,  1.372077432060929e+00,  1.298613861386139e-02
4765        ,  2.740200000000000e+00,  2.763541245167393e+00,  2.761414141414141e-02
3860        ,  1.860999999999999e-01,  1.367931489032354e-01,  0.000000000000000e+00
3765        ,  2.134000000000000e+00,  2.001017545849507e+00,  1.959797979797980e-02
4742        ,  2.144300000000000e+00,  1.613606311518646e+00,  1.552525252525253e-02
4331        ,  3.055899999999999e+00,  1.367931489032354e-01,  0.000000000000000e+00
3539        ,  2.172700000000000e+00,  2.305408124877078e+00,  2.279793814432990e-02
3696        ,  2.420000000000000e-02,  1.367931489032354e-01,  0.000000000000000e+00
4181        ,  1.362600000000000e+00,  1.379430676378801e+00,  1.306344086021505e-02
5206        ,  2.109000000000000e+00,  2.310605583216891e+00,  2.285257731958763e-02
5491        ,  9.824000000000006e-01,  1.166086030689500e+00,  1.082061855670103e-02
5467        ,  0.000000000000000e+00,  1.238098266101430e+00,  1.157765957446808e-02
4372        ,  0.000000000000000e+00,  1.367931489032354e-01,  0.000000000000000e+00
5497        ,  0.000000000000000e+00,  1.174296325425433e+00,  1.090693069306930e-02
4944        ,  2.979200000000000e+00,  3.049919515742296e+00,  3.062474226804124e-02
4156        ,  3.097000000000000e+00,  3.078061358706530e+00,  3.092058823529412e-02
4869        ,  2.777500000000000e+00,  4.235221835806939e+00,  4.308543689320388e-02
4961        ,  2.021900000000000e+00,  1.570016802419456e+00,  1.506701030927835e-02
3532        ,  2.109100000000000e+00,  2.177896173242809e+00,  2.145744680851063e-02
3155        ,  0.000000000000000e+00,  1.367931489032354e-01,  0.000000000000000e+00
3515        ,  0.000000000000000e+00,  1.367931489032354e-01,  0.000000000000000e+00
5107        ,  2.169700000000000e+00,  4.263204707773496e+00,  4.337961165048544e-02
3130        ,  0.000000000000000e+00,  1.367931489032354e-01,  0.000000000000000e+00
3202        ,  0.000000000000000e+00,  1.367931489032354e-01,  0.000000000000000e+00
4535        ,  1.017200000000000e+00,  8.417174755045970e-01,  7.410638297872332e-03
3006        ,  1.215300000000000e+00,  7.983048231772960e-01,  6.954255319148938e-03
5286        ,  3.213700000000000e+00,  3.101002859058843e+00,  3.116176470588235e-02
3273        ,  3.100000000000014e-02,  1.367931489032354e-01,  0.000000000000000e+00
5787        ,  2.082800000000000e+00,  1.573666306033595e+00,  1.510537634408602e-02
5602        ,  1.740300000000000e+00,  1.464281100344810e+00,  1.395544554455446e-02
3424        ,  0.000000000000000e+00,  1.367931489032354e-01,  0.000000000000000e+00
4272        ,  2.407300000000000e+00,  2.418998756518151e+00,  2.399207920792079e-02
5367        ,  0.000000000000000e+00,  1.367931489032354e-01,  0.000000000000000e+00
5269        ,  0.000000000000000e+00,  1.367931489032354e-01,  0.000000000000000e+00
4354        ,  2.761100000000000e+00,  2.616874044632997e+00,  2.607227722772277e-02
3784        ,  2.679300000000000e+00,  2.555561901575993e+00,  2.542772277227723e-02
3538        ,  1.800000000000246e-03,  1.367931489032354e-01,  0.000000000000000e+00
3579        ,  1.574400000000000e+00,  1.440570670182617e+00,  1.370618556701031e-02
3617        ,  2.533399999999999e+00,  2.645988744012339e+00,  2.637835051546392e-02
5391        ,  2.591300000000000e+00,  2.395547568159942e+00,  2.374554455445544e-02
4841        ,  4.640900000000000e+00,  3.966660147098211e+00,  4.026213592233010e-02
3224        ,  0.000000000000000e+00,  1.367931489032354e-01,  0.000000000000000e+00
5396        ,  3.100000000000103e-03,  1.367931489032354e-01,  0.000000000000000e+00
4694        ,  2.325100000000000e+00,  3.025863062202812e+00,  3.037184466019418e-02
4889        ,  0.000000000000000e+00,  1.367931489032354e-01,  0.000000000000000e+00
5472        ,  0.000000000000000e+00,  1.367931489032354e-01,  0.000000000000000e+00
3362        ,  0.000000000000000e+00,  1.367931489032354e-01,  0.000000000000000e+00
3973        ,  2.406300000000000e+00,  1.988495214408223e+00,  1.946633663366337e-02
3659        ,  1.149999999999984e-02,  1.367931489032354e-01,  0.000000000000000e+00
3527        ,  1.341400000000000e+00,  1.294633885220817e+00,  1.217200000000000e-02
3488        ,  3.973200000000000e+00,  3.081753826705761e+00,  3.095940594059406e-02
4400        ,  2.935200000000000e+00,  2.132258213528238e+00,  2.097766990291262e-02
4388        ,  0.000000000000000e+00,  1.367931489032354e-01,  0.000000000000000e+00
4527        ,  2.819700000000000e+00,  2.426533274866170e+00,  2.407128712871287e-02
4177        ,  2.914400000000000e+00,  2.807497358837874e+00,  2.807623762376237e-02
2989        ,  0.000000000000000e+00,  1.367931489032354e-01,  0.000000000000000e+00
4152        ,  0.000000000000000e+00,  1.367931489032354e-01,  0.000000000000000e+00
3751        ,  2.705800000000000e+00,  2.411710857713997e+00,  2.391546391752577e-02
3519        ,  1.893400000000000e+00,  1.412979537109065e+00,  1.341612903225806e-02
2992        ,  0.000000000000000e+00,  1.367931489032354e-01,  0.000000000000000e+00
5838        ,  1.495700000000000e+00,  1.825939984910979e+00,  1.775744680851064e-02
3046        ,  0.000000000000000e+00,  1.367931489032354e-01,  0.000000000000000e+00
3398        ,  1.423800000000000e+00,  1.586758544367357e+00,  1.524301075268817e-02
3215        ,  2.198300000000000e+00,  1.858013357344985e+00,  1.809462365591398e-02
3866        ,  4.189600000000000e+00,  4.062494194962707e+00,  4.126960784313725e-02
4861        ,  0.000000000000000e+00,  1.367931489032354e-01,  0.000000000000000e+00
4013        ,  1.083500000000000e+00,  1.049600046765721e+00,  9.596039603960395e-03
4879        ,  4.412000000000000e+00,  4.755814077640195e+00,  4.855825242718446e-02
5571        ,  2.085500000000000e+00,  1.770098935185565e+00,  1.717040816326531e-02
4738        ,  4.309900000000000e+00,  3.740741637719362e+00,  3.788712871287129e-02
5734        ,  1.483100000000000e+00,  1.657450320284038e+00,  1.598617021276596e-02
3510        ,  2.562800000000000e+00,  1.320798386598236e+00,  1.244705882352941e-02
3712        ,  0.000000000000000e+00,  1.367931489032354e-01,  0.000000000000000e+00
3516        ,  1.097000000000001e-01,  2.196176737031369e-01,  8.707070707070712e-04
4247        ,  1.700000000000035e-03,  8.835600405574278e-01,  7.850515463917525e-03
4235        ,  2.754999999999999e-01,  3.719703144245629e-01,  2.472340425531917e-03
3681        ,  1.421999999999999e-01,  1.367931489032354e-01,  0.000000000000000e+00
4652        ,  3.696700000000000e+00,  3.393494523355041e+00,  3.423663366336633e-02
5806        ,  3.925800000000000e+00,  2.942836144664163e+00,  2.949900990099009e-02
5247        ,  0.000000000000000e+00,  1.367931489032354e-01,  0.000000000000000e+00
5512        ,  0.000000000000000e+00,  1.367931489032354e-01,  0.000000000000000e+00
3366        ,  0.000000000000000e+00,  1.367931489032354e-01,  0.000000000000000e+00
4075        ,  2.952200000000000e+00,  2.431242348833682e+00,  2.412079207920792e-02
4596        ,  1.153000000000000e-01,  7.620832110195235e-01,  6.573469387755108e-03
4040        ,  3.755400000000000e+00,  4.741776465300536e+00,  4.841067961165049e-02
3096        ,  1.272100000000000e+00,  1.584406032791759e+00,  1.521827956989247e-02
4733        ,  4.222000000000001e-01,  5.455131290664931e-01,  4.296739130434780e-03
3341        ,  1.408900000000000e+00,  1.759960848972982e+00,  1.706382978723404e-02
4701        ,  2.185200000000000e+00,  2.113418260125012e+00,  2.077961165048544e-02
3861        ,  4.192900000000000e+00,  4.491368028140743e+00,  4.577821782178219e-02
4080        ,  2.228600000000000e+00,  2.678914652601709e+00,  2.672448979591837e-02
3985        ,  2.974100000000000e+00,  2.635949908926245e+00,  2.627281553398058e-02
3133        ,  0.000000000000000e+00,  1.367931489032354e-01,  0.000000000000000e+00
5530        ,  0.000000000000000e+00,  1.657349171214366e-01,  3.042553191489357e-04
4690        ,  1.719900000000000e+00,  1.708211131861922e+00,  1.651980198019802e-02
5282        ,  3.805300000000000e+00,  3.712776201787199e+00,  3.759313725490196e-02
5532        ,  0.000000000000000e+00,  1.299891609115307e+00,  1.222727272727273e-02
4723        ,  8.354000000000004e-01,  1.013245995736530e+00,  9.213861386138613e-03
5654        ,  5.839999999999979e-02,  1.367931489032354e-01,  0.000000000000000e+00
4639        ,  4.481400000000000e+00,  4.706405376313107e+00,  4.803883495145631e-02
3446        ,  1.277400000000000e+00,  1.252497334408501e+00,  1.172903225806452e-02
2988        ,  1.057200000000000e+00,  1.138927172206894e+00,  1.053510638297872e-02
2993        ,  0.000000000000000e+00,  1.367931489032354e-01,  0.000000000000000e+00
3506        ,  1.599000000000000e+00,  1.103750553250093e+00,  1.016530612244898e-02
3987        ,  6.479999999999997e-02,  1.367931489032354e-01,  0.000000000000000e+00
4902        ,  1.785500000000000e+00,  1.334562133100781e+00,  1.259175257731959e-02
5846        ,  0.000000000000000e+00,  1.367931489032354e-01,  0.000000000000000e+00
3346        ,  2.480700000000000e+00,  1.098668597507195e+00,  1.011188118811881e-02
3028        ,  0.000000000000000e+00,  1.367931489032354e-01,  0.000000000000000e+00
4930        ,  7.380000000000009e-02,  7.347950537367568e-01,  6.286597938144329e-03
4370        ,  8.121000000000000e-01,  9.879064211509458e-01,  8.947474747474747e-03
4048        ,  5.700300000000000e+00,  5.007936983477481e+00,  5.120873786407767e-02
4161        ,  5.473999999999997e-01,  6.720332926522288e-01,  5.626804123711343e-03
4330        ,  2.371100000000000e+00,  2.295159344650958e+00,  2.269019607843137e-02
3418        ,  0.000000000000000e+00,  1.367931489032354e-01,  0.000000000000000e+00
3024        ,  0.000000000000000e+00,  1.367931489032354e-01,  0.000000000000000e+00
3957        ,  2.369100000000000e+00,  1.750027708693426e+00,  1.695940594059406e-02
3064        ,  0.000000000000000e+00,  1.963970002337267e-01,  6.265957446808506e-04
3168        ,  1.440000000000019e-02,  1.367931489032354e-01,  0.000000000000000e+00
3572        ,  1.227300000000000e+00,  1.461536812345445e+00,  1.392659574468085e-02
3081        ,  9.398000000000002e-01,  1.384628617080295e+00,  1.311808510638298e-02
3343        ,  0.000000000000000e+00,  1.367931489032354e-01,  0.000000000000000e+00
4377        ,  4.062600000000000e+00,  4.686918953920554e+00,  4.783398058252427e-02
4348        ,  2.519400000000000e+00,  2.002049037304126e+00,  1.960882352941177e-02
3109        ,  0.000000000000000e+00,  1.367931489032354e-01,  0.000000000000000e+00
4724        ,  7.427999999999999e-01,  6.964505882343559e-01,  5.883495145631071e-03
3062        ,  1.324800000000000e+00,  1.081991386733650e+00,  9.936559139784949e-03
5336        ,  4.309000000000003e-01,  5.818948203124501e-01,  4.679207920792078e-03
3833        ,  2.096400000000000e+00,  1.900247168257052e+00,  1.853861386138614e-02
5048        ,  3.346100000000000e+00,  2.946885948276223e+00,  2.954158415841584e-02
5052        ,  0.000000000000000e+00,  1.367931489032354e-01,  0.000000000000000e+00
4236        ,  1.189800000000000e+00,  1.398089595595005e+00,  1.325959595959596e-02
3857        ,  2.970300000000000e+00,  3.001363206831810e+00,  3.011428571428571e-02
4016        ,  1.261500000000000e+00,  2.167419771092091e+00,  2.134731182795700e-02
3748        ,  5.403900000000000e+00,  4.803057017311163e+00,  4.905490196078431e-02
4264        ,  0.000000000000000e+00,  1.367931489032354e-01,  0.000000000000000e+00
5423        ,  0.000000000000000e+00,  1.367931489032354e-01,  0.000000000000000e+00
3089        ,  0.000000000000000e+00,  1.367931489032354e-01,  0.000000000000000e+00
3142        ,  0.000000000000000e+00,  1.367931489032354e-01,  0.000000000000000e+00
3310        ,  0.000000000000000e+00,  6.578785542226331e-01,  5.477999999999996e-03
3456        ,  1.118800000000000e+00,  9.679209209672112e-01,  8.737373737373740e-03
3827        ,  1.014500000000000e+00,  1.071428046158394e+00,  9.825510204081636e-03
5399        ,  1.045000000000000e+00,  6.692768063382925e-01,  5.597826086956528e-03
3177        ,  1.162500000000000e+00,  1.519377265764698e+00,  1.453465346534653e-02
5495        ,  3.851200000000000e+00,  3.788315288313109e+00,  3.838725490196079e-02
4457        ,  5.621100000000000e+00,  5.146835463469892e+00,  5.266893203883496e-02
3326        ,  1.114300000000000e+00,  7.905128086570109e-01,  6.872340425531914e-03
4850        ,  2.079800000000000e+00,  2.300210666537266e+00,  2.274329896907217e-02
3073        ,  0.000000000000000e+00,  1.367931489032354e-01,  0.000000000000000e+00
3886        ,  1.935600000000000e+00,  1.908723501398573e+00,  1.862772277227722e-02
4413        ,  6.556000000000002e-01,  7.043621372942068e-01,  5.966666666666666e-03
4892        ,  0.000000000000000e+00,  1.367931489032354e-01,  0.000000000000000e+00
4401        ,  0.000000000000000e+00,  1.367931489032354e-01,  0.000000000000000e+00
3289        ,  0.000000000000000e+00,  1.367931489032354e-01,  0.000000000000000e+00
3120        ,  0.000000000000000e+00,  1.367931489032354e-01,  0.000000000000000e+00
5237        ,  1.472900000000000e+00,  1.334739485151717e+00,  1.259361702127659e-02
3167        ,  0.000000000000000e+00,  1.367931489032354e-01,  0.000000000000000e+00
3871        ,  2.856000000000001e-01,  2.935563376521159e-01,  1.647999999999998e-03
4441        ,  4.190000000000000e+00,  4.080830959653063e+00,  4.146237623762376e-02
3768        ,  4.322000000000000e+00,  3.967719002953430e+00,  4.027326732673268e-02
3266        ,  1.678000000000000e+00,  5.621167096489008e-01,  4.471287128712873e-03
3405        ,  2.360100000000000e+00,  2.156950793747998e+00,  2.123725490196078e-02
3501        ,  1.934100000000000e+00,  1.883388683453360e+00,  1.836138613861386e-02
3720        ,  2.619999999999978e-02,  1.367931489032354e-01,  0.000000000000000e+00
4149        ,  0.000000000000000e+00,  1.441489182342053e+00,  1.371584158415841e-02
3150        ,  0.000000000000000e+00,  1.367931489032354e-01,  0.000000000000000e+00
5174        ,  1.404900000000000e+00,  1.320560162856350e+00,  1.244455445544554e-02
5780        ,  9.264000000000001e-01,  1.016481229745274e+00,  9.247872340425529e-03
3698        ,  4.599200000000000e+00,  4.371738159061370e+00,  4.452058823529412e-02
4744        ,  1.614900000000000e+00,  1.713385037001710e+00,  1.657419354838710e-02
4391        ,  2.476800000000000e+00,  2.518209721054307e+00,  2.503505154639175e-02
5554        ,  1.662000000000000e+00,  1.174649005007681e+00,  1.091063829787234e-02
3492        ,  0.000000000000000e+00,  1.367931489032354e-01,  0.000000000000000e+00
5335        ,  4.263500000000000e+00,  4.803837488275867e+00,  4.906310679611650e-02
3626        ,  3.394699999999999e+00,  3.313071850120471e+00,  3.339117647058824e-02
3389        ,  6.611000000000002e-01,  7.505249123933740e-01,  6.451960784313726e-03
5294        ,  0.000000000000000e+00,  1.367931489032354e-01,  0.000000000000000e+00
4836        ,  2.266100000000000e+00,  2.223417729240278e+00,  2.193600000000000e-02
5236        ,  1.808000000000001e-01,  1.367931489032354e-01,  0.000000000000000e+00
4171        ,  4.364300000000000e+00,  3.978455691599356e+00,  4.038613861386138e-02
3406        ,  0.000000000000000e+00,  1.367931489032354e-01,  0.000000000000000e+00
4952        ,  4.310000000000036e-02,  2.528823935929405e-01,  1.220408163265307e-03
4923        ,  2.503000000000000e+00,  3.836904585669132e+00,  3.889805825242719e-02
3108        ,  0.000000000000000e+00,  1.367931489032354e-01,  0.000000000000000e+00
3144        ,  2.984600000000000e+00,  2.437081600553396e+00,  2.418217821782178e-02
4447        ,  2.571900000000000e+00,  2.577977093661349e+00,  2.566336633663366e-02
4963        ,  4.657000000000000e+00,  5.021235774115053e+00,  5.134854368932039e-02
3722        ,  0.000000000000000e+00,  1.367931489032354e-01,  0.000000000000000e+00
3131        ,  6.086400000000000e+00,  5.496337966982291e+00,  5.634313725490196e-02
5503        ,  8.586999999999998e-01,  7.199402999583264e-01,  6.130434782608696e-03
3128        ,  0.000000000000000e+00,  1.367931489032354e-01,  0.000000000000000e+00
3734        ,  1.765000000000000e+00,  1.863713316221829e+00,  1.815454545454545e-02
4176        ,  4.014700000000000e+00,  3.957332523109359e+00,  4.016407766990291e-02
5220        ,  2.462000000000000e-01,  8.739986785172068e-01,  7.750000000000001e-03
5628        ,  0.000000000000000e+00,  1.367931489032354e-01,  0.000000000000000e+00
4098        ,  2.567200000000000e+00,  3.619321594404425e+00,  3.661067961165049e-02
5193        ,  3.476700000000000e+00,  3.347495520011984e+00,  3.375306122448980e-02
3654        ,  0.000000000000000e+00,  1.367931489032354e-01,  0.000000000000000e+00
5450        ,  1.609300000000000e+00,  1.613798479789644e+00,  1.552727272727273e-02
5034        ,  2.416000000000000e-01,  1.367931489032354e-01,  0.000000000000000e+00
3165        ,  1.235000000000000e+00,  1.610894023476361e+00,  1.549673913043478e-02
4031        ,  3.750400000000000e+00,  3.756465372854377e+00,  3.805242718446601e-02
4492        ,  1.135700000000000e+00,  1.116665361695721e+00,  1.030107526881720e-02
3457        ,  2.942700000000000e+00,  2.784893803793818e+00,  2.783861386138614e-02
3361        ,  0.000000000000000e+00,  1.367931489032354e-01,  0.000000000000000e+00
3229        ,  5.016000000000003e-01,  6.301187435316649e-01,  5.186170212765955e-03
5651        ,  5.059999999999998e-01,  4.830042669947024e-01,  3.639603960396039e-03
3602        ,  1.873300000000000e+00,  1.161393462754451e+00,  1.077128712871287e-02
3187        ,  0.000000000000000e+00,  1.367931489032354e-01,  0.000000000000000e+00
3407        ,  2.927999999999997e-01,  1.367931489032354e-01,  0.000000000000000e+00
5766        ,  2.967000000000000e+00,  2.579766541769003e+00,  2.568217821782178e-02
2999        ,  1.144500000000000e+00,  1.078984668322995e+00,  9.904950495049504e-03
4238        ,  5.243000000000000e+00,  5.093270890068562e+00,  5.210582524271844e-02
3415        ,  1.425400000000000e+00,  1.454872134217493e-01,  9.139784946236746e-05
3990        ,  0.000000000000000e+00,  1.367931489032354e-01,  0.000000000000000e+00
3627        ,  2.072800000000000e+00,  1.677986644535183e+00,  1.620206185567009e-02
5456        ,  0.000000000000000e+00,  1.367931489032354e-01,  0.000000000000000e+00
5207        ,  0.000000000000000e+00,  1.367931489032354e-01,  0.000000000000000e+00
3922        ,  1.836800000000000e+00,  1.788265389309621e+00,  1.736138613861386e-02
4304        ,  3.197500000000000e+00,  3.597679970586353e+00,  3.638316831683169e-02
3738        ,  1.802400000000000e+00,  1.721203166359096e+00,  1.665638297872340e-02
3227        ,  0.000000000000000e+00,  2.822103549506310e-01,  1.528723404255319e-03
3798        ,  1.146800000000000e+00,  1.286469473123459e+00,  1.208617021276596e-02
4960        ,  0.000000000000000e+00,  1.367931489032354e-01,  0.000000000000000e+00
4293        ,  1.136700000000000e+00,  1.662842567809207e+00,  1.604285714285714e-02
4279        ,  3.202400000000000e+00,  3.134401273662543e+00,  3.151287128712871e-02
3867        ,  1.943600000000000e+00,  1.903038780455657e+00,  1.856796116504855e-02
4222        ,  2.760500000000000e+00,  2.492959841591026e+00,  2.476960784313725e-02
4509        ,  2.598600000000000e+00,  1.320277618418299e+00,  1.244158415841584e-02
4777        ,  1.779300000000000e+00,  1.837577409194521e+00,  1.787978723404255e-02
5266        ,  2.960300000000000e+00,  2.997084676769899e+00,  3.006930693069307e-02
5901        ,  2.864800000000001e+00,  4.013114476000244e+00,  4.075049504950495e-02
2996        ,  0.000000000000000e+00,  1.367931489032354e-01,  0.000000000000000e+00
4358        ,  3.600000000000003e-02,  1.367931489032354e-01,  0.000000000000000e+00
5125        ,  9.231000000000000e-01,  1.119388522964246e+00,  1.032970297029703e-02
3581        ,  3.809500000000000e+00,  3.607869858022072e+00,  3.649029126213592e-02
4706        ,  3.862500000000000e+00,  3.959670855712872e+00,  4.018865979381443e-02
3533        ,  0.000000000000000e+00,  1.367931489032354e-01,  0.000000000000000e+00
4798        ,  1.230200000000000e+00,  1.153388037009682e+00,  1.068712871287129e-02
5017        ,  3.460900000000000e+00,  3.468086255000428e+00,  3.502079207920792e-02
3421        ,  8.106000000000000e-01,  1.367931489032354e-01,  0.000000000000000e+00
5157        ,  4.291200000000000e+00,  4.255156168856382e+00,  4.329499999999999e-02
3601        ,  2.851500000000000e+00,  2.913746868911065e+00,  2.919320388349515e-02
4977        ,  0.000000000000000e+00,  1.367931489032354e-01,  0.000000000000000e+00
4476        ,  3.099999999999881e-03,  1.367931489032354e-01,  0.000000000000000e+00
3835        ,  1.736000000000000e+00,  1.757218464641817e+00,  1.703500000000000e-02
5439        ,  3.011300000000000e+00,  2.862028435381661e+00,  2.864950495049505e-02
5729        ,  3.487600000000000e+00,  3.146362321540023e+00,  3.163861386138614e-02
3709        ,  2.167100000000000e+00,  1.821446101106012e+00,  1.771020408163265e-02
3853        ,  0.000000000000000e+00,  1.367931489032354e-01,  0.000000000000000e+00
4891        ,  2.943400000000000e+00,  1.367931489032354e-01,  0.000000000000000e+00
3365        ,  8.793000000000000e-01,  1.187159484139435e+00,  1.104215686274510e-02
4734        ,  1.172500000000000e+00,  1.339246710174231e+00,  1.264100000000000e-02
3367        ,  2.085999999999997e-01,  3.888698783841419e-01,  2.650000000000002e-03
5375        ,  2.877700000000000e+00,  2.723315575198067e+00,  2.719126213592233e-02
3342        ,  0.000000000000000e+00,  1.367931489032354e-01,  0.000000000000000e+00
3119        ,  7.066900000000000e+00,  6.445445361699435e+00,  6.632079207920792e-02
3232        ,  9.213999999999998e-01,  8.994129323566196e-01,  8.017171717171716e-03
4451        ,  1.030000000000000e-01,  1.367931489032354e-01,  0.000000000000000e+00
4167        ,  1.737100000000000e+00,  1.589448286401274e+00,  1.527128712871287e-02
5109        ,  0.000000000000000e+00,  1.367931489032354e-01,  0.000000000000000e+00
5642        ,  5.254999999999996e-01,  8.627778239167562e-01,  7.632038834951457e-03
4442        ,  8.890999999999998e-01,  6.925995794162179e-01,  5.843010752688173e-03
3209        ,  2.847000000000008e-01,  1.367931489032354e-01,  0.000000000000000e+00
5165        ,  7.931000000000000e-01,  6.072398753749845e-01,  4.945652173913045e-03
4708        ,  4.946400000000000e+00,  4.339264938990111e+00,  4.417920792079209e-02
3568        ,  3.916600000000000e+00,  4.468576110137985e+00,  4.553861386138614e-02
3623        ,  2.059900000000000e+00,  1.974099575289539e+00,  1.931500000000000e-02
2981        ,  2.159200000000000e+00,  1.441028634908030e+00,  1.371100000000000e-02
3586        ,  2.156900000000000e+00,  2.094811035557943e+00,  2.058400000000000e-02
5702        ,  3.637999999999995e-01,  4.751336500341005e-01,  3.556862745098039e-03
3761        ,  3.577100000000000e+00,  2.941065163513244e+00,  2.948039215686275e-02
5376        ,  2.012700000000000e+00,  2.034267413372438e+00,  1.994752475247525e-02
3084        ,  8.620000000000028e-02,  1.032537502090104e+00,  9.416666666666667e-03
4082        ,  2.931300000000000e+00,  2.233084516280786e+00,  2.203762376237624e-02
4786        ,  1.332600000000000e+00,  1.097072129097424e+00,  1.009509803921569e-02
4641        ,  4.323000000000001e-01,  4.286353379462922e-01,  3.068041237113403e-03
3275        ,  0.000000000000000e+00,  1.368943438970056e-01,  1.063829787236288e-06
3197        ,  1.631300000000000e+00,  1.716649391639450e+00,  1.660851063829788e-02
4597        ,  2.728600000000000e+00,  1.806777700890704e+00,  1.755600000000000e-02
3846        ,  4.541999999999993e-01,  6.519510673836374e-01,  5.415686274509804e-03
4243        ,  2.519600000000000e+00,  2.215001672245540e+00,  2.184752475247525e-02
3140        ,  0.000000000000000e+00,  1.367931489032354e-01,  0.000000000000000e+00
5779        ,  0.000000000000000e+00,  1.367931489032354e-01,  0.000000000000000e+00
3287        ,  5.146999999999995e-01,  4.863948002513110e-01,  3.675247524752475e-03
4663        ,  1.831000000000000e+00,  1.411057032085884e+00,  1.339591836734694e-02
4399        ,  4.730000000000034e-02,  1.367931489032354e-01,  0.000000000000000e+00
3666        ,  4.611900000000000e+00,  5.750175735936922e+00,  5.901165048543689e-02
3410        ,  2.838900000000000e+00,  2.531639805821033e+00,  2.517623762376237e-02
4436        ,  1.310000000000011e-02,  1.367931489032354e-01,  0.000000000000000e+00
3489        ,  2.194900000000000e+00,  2.287636522042206e+00,  2.261111111111111e-02
4697        ,  9.560000000000013e-02,  1.367931489032354e-01,  0.000000000000000e+00
3529        ,  3.656900000000000e+00,  3.742260192705998e+00,  3.790309278350516e-02
5819        ,  0.000000000000000e+00,  1.367931489032354e-01,  0.000000000000000e+00
4996        ,  0.000000000000000e+00,  1.367931489032354e-01,  0.000000000000000e+00
3796        ,  3.416900000000000e+00,  2.975346128322593e+00,  2.984077669902913e-02
4679        ,  0.000000000000000e+00,  9.512620888625291e-01,  8.562244897959186e-03
4497        ,  1.327300000000000e+00,  1.525489848516874e+00,  1.459891304347826e-02
3591        ,  1.393800000000000e+00,  1.378253332472789e+00,  1.305106382978723e-02
5645        ,  2.352200000000000e+00,  2.095767919388142e+00,  2.059405940594060e-02
3550        ,  2.619400000000000e+00,  1.807855137014471e+00,  1.756732673267327e-02
3677        ,  0.000000000000000e+00,  1.367931489032354e-01,  0.000000000000000e+00
3265        ,  0.000000000000000e+00,  1.367931489032354e-01,  0.000000000000000e+00
3029        ,  0.000000000000000e+00,  1.367931489032354e-01,  0.000000000000000e+00
3824        ,  2.338300000000000e+00,  2.389183460429092e+00,  2.367864077669903e-02
3305        ,  0.000000000000000e+00,  1.367931489032354e-01,  0.000000000000000e+00
4582        ,  0.000000000000000e+00,  1.367931489032354e-01,  0.000000000000000e+00
5556        ,  1.465900000000000e+00,  1.524263562946041e+00,  1.458602150537634e-02
5555        ,  0.000000000000000e+00,  1.367931489032354e-01,  0.000000000000000e+00
3271        ,  0.000000000000000e+00,  1.367931489032354e-01,  0.000000000000000e+00
4810        ,  2.130700000000000e+00,  2.360148357022462e+00,  2.337340425531915e-02
4118        ,  3.832100000000000e+00,  3.772368147824305e+00,  3.821960784313725e-02
3276        ,  1.351600000000000e+00,  8.264881730013290e-01,  7.250537634408603e-03
5238        ,  2.869999999999995e-02,  1.367931489032354e-01,  0.000000000000000e+00
4790        ,  1.588000000000000e+00,  6.605849653656907e-01,  5.506451612903224e-03
3785        ,  1.859500000000000e+00,  1.702583287505429e+00,  1.646063829787234e-02
3110        ,  0.000000000000000e+00,  1.367931489032354e-01,  0.000000000000000e+00
5313        ,  3.138300000000000e+00,  3.068568419596728e+00,  3.082079207920792e-02
3979        ,  1.458900000000000e+00,  1.590672645632826e+00,  1.528415841584158e-02
4323        ,  0.000000000000000e+00,  1.367931489032354e-01,  0.000000000000000e+00
4127        ,  2.794999999999999e-01,  3.140119816884175e-01,  1.863043478260872e-03
4516        ,  0.000000000000000e+00,  1.367931489032354e-01,  0.000000000000000e+00
4281        ,  2.025100000000000e+00,  1.728030389773730e+00,  1.672815533980582e-02
3345        ,  1.220300000000000e+00,  1.367931489032354e-01,  0.000000000000000e+00
3260        ,  0.000000000000000e+00,  1.367931489032354e-01,  0.000000000000000e+00
3207        ,  0.000000000000000e+00,  1.367931489032354e-01,  0.000000000000000e+00
4979        ,  1.930300000000000e+00,  1.982577316298536e+00,  1.940412371134021e-02
4894        ,  4.453700000000000e+00,  4.968964138692377e+00,  5.079902912621360e-02
5265        ,  0.000000000000000e+00,  1.367931489032354e-01,  0.000000000000000e+00
3052        ,  4.224600000000000e+00,  4.087235300248879e+00,  4.152970297029702e-02
3043        ,  8.247000000000004e-01,  1.014752899406134e+00,  9.229702970297030e-03
3947        ,  5.163000000000002e-01,  5.101987074831648e-01,  3.925490196078431e-03
5760        ,  2.773000000000000e+00,  2.920420952578807e+00,  2.926336633663366e-02
3774        ,  7.475999999999998e-01,  8.119763690527796e-01,  7.097979797979799e-03
3752        ,  3.178199999999999e+00,  3.046424470171901e+00,  3.058800000000000e-02
3023        ,  2.116900000000000e+00,  1.925205260284865e+00,  1.880099009900990e-02
4664        ,  1.383200000000000e+00,  2.051392105010620e+00,  2.012755102040817e-02
5619        ,  0.000000000000000e+00,  1.367931489032354e-01,  0.000000000000000e+00
3100        ,  1.347000000000000e+00,  1.380884402310808e+00,  1.307872340425532e-02
4624        ,  1.861999999999995e-01,  1.707926629486706e-01,  3.574257425742574e-04
5526        ,  0.000000000000000e+00,  1.367931489032354e-01,  0.000000000000000e+00
3594        ,  6.517999999999999e-01,  8.944708657350983e-01,  7.965217391304348e-03
3802        ,  3.640600000000001e+00,  3.516714036418542e+00,  3.553200000000000e-02
4541        ,  9.722000000000000e-01,  8.220899991860807e-01,  7.204301075268816e-03
5479        ,  1.344900000000000e+00,  1.094866417110505e+00,  1.007191011235955e-02
3619        ,  0.000000000000000e+00,  1.367931489032354e-01,  0.000000000000000e+00
4285        ,  0.000000000000000e+00,  1.367931489032354e-01,  0.000000000000000e+00
4250        ,  2.172900000000000e+00,  2.161794199933052e+00,  2.128817204301075e-02
5507        ,  2.815200000000000e+00,  3.180932690674581e+00,  3.200204081632653e-02
3730        ,  5.054000000000003e-01,  6.002765463893066e-01,  4.872448979591833e-03
3432        ,  0.000000000000000e+00,  1.367931489032354e-01,  0.000000000000000e+00
3380        ,  3.602999999999998e-01,  7.616406800044149e-01,  6.568817204301075e-03
3718        ,  0.000000000000000e+00,  1.367931489032354e-01,  0.000000000000000e+00
3638        ,  3.944000000000000e+00,  3.723403101685971e+00,  3.770485436893204e-02
4921        ,  3.986700000000000e+00,  3.520944225263993e+00,  3.557647058823529e-02
3279        ,  0.000000000000000e+00,  1.367931489032354e-01,  0.000000000000000e+00
3015        ,  0.000000000000000e+00,  1.367931489032354e-01,  0.000000000000000e+00
5896        ,  0.000000000000000e+00,  1.367931489032354e-01,  0.000000000000000e+00
4801        ,  3.595800000000000e+00,  3.421871494521597e+00,  3.453495145631068e-02
4739        ,  2.321700000000000e+00,  1.895820638727591e+00,  1.849207920792079e-02
4610        ,  1.037200000000000e+00,  1.012029738137610e+00,  9.201075268817206e-03
5333        ,  4.202400000000000e+00,  3.641393892754282e+00,  3.684271844660194e-02
5229        ,  4.162100000000001e+00,  4.461889225104118e+00,  4.546831683168317e-02
4590        ,  0.000000000000000e+00,  1.367931489032354e-01,  0.000000000000000e+00
5683        ,  0.000000000000000e+00,  1.367931489032354e-01,  0.000000000000000e+00
3453        ,  2.586800000000000e+00,  2.523112983639035e+00,  2.508659793814433e-02
5123        ,  5.819999999999992e-02,  9.329378176337190e-01,  8.369607843137254e-03
4215        ,  2.252700000000000e+00,  1.932295923363180e+00,  1.887553191489362e-02
3596        ,  0.000000000000000e+00,  1.367931489032354e-01,  0.000000000000000e+00
5621        ,  2.851700000000000e+00,  3.104149599929396e+00,  3.119484536082474e-02
3040        ,  0.000000000000000e+00,  1.367931489032354e-01,  0.000000000000000e+00
4287        ,  1.774800000000000e+00,  1.769900000836326e+00,  1.716831683168317e-02
5502        ,  4.470800000000000e+00,  4.736974124236968e+00,  4.836019417475728e-02
4144        ,  7.689000000000000e-01,  4.305380170144967e-01,  3.088043478260870e-03
4851        ,  0.000000000000000e+00,  1.367931489032354e-01,  0.000000000000000e+00
5533        ,  0.000000000000000e+00,  1.367931489032354e-01,  0.000000000000000e+00
3896        ,  5.040999999999999e+00,  4.516528198876674e+00,  4.604271844660194e-02
4203        ,  1.323500000000000e+00,  1.489036055848534e+00,  1.421568627450980e-02
4291        ,  4.773200000000000e+00,  4.410691990052671e+00,  4.493009708737864e-02
3303        ,  0.000000000000000e+00,  1.367931489032354e-01,  0.000000000000000e+00
4702        ,  4.318700000000000e+00,  3.867547962047749e+00,  3.922020202020202e-02
3733        ,  0.000000000000000e+00,  1.367931489032354e-01,  0.000000000000000e+00
4175        ,  6.012000000000000e-01,  4.733617455353445e-01,  3.538235294117647e-03
4340        ,  0.000000000000000e+00,  1.367931489032354e-01,  0.000000000000000e+00
5841        ,  3.369700000000000e+00,  3.244122697105568e+00,  3.266633663366337e-02
4275        ,  3.135000000000000e+00,  2.207437015824129e+00,  2.176800000000000e-02
3674        ,  4.303999999999999e-01,  3.316925070129603e-01,  2.048913043478265e-03
3607        ,  1.498500000000000e+00,  1.412610065459659e+00,  1.341224489795918e-02
3663        ,  0.000000000000000e+00,  1.367931489032354e-01,  0.000000000000000e+00
3112        ,  0.000000000000000e+00,  1.367931489032354e-01,  0.000000000000000e+00
5665        ,  1.656300000000000e+00,  1.377822502301294e+00,  1.304653465346535e-02
5145        ,  8.130000000000002e-01,  9.048652168209909e-01,  8.074489795918363e-03
4482        ,  1.776600000000000e+00,  2.895368679071644e+00,  2.900000000000000e-02
3313        ,  3.882800000000000e+00,  3.419593153097786e+00,  3.451100000000000e-02
5121        ,  2.568900000000000e+00,  2.701205249260602e+00,  2.695882352941176e-02
4041        ,  2.202900000000001e+00,  2.214304544628781e+00,  2.184019607843137e-02
3182        ,  0.000000000000000e+00,  1.367931489032354e-01,  0.000000000000000e+00
4012        ,  0.000000000000000e+00,  1.367931489032354e-01,  0.000000000000000e+00
4704        ,  7.975000000000003e-01,  9.550580447633497e-01,  8.602150537634412e-03
4019        ,  1.387000000000000e-01,  1.367931489032354e-01,  0.000000000000000e+00
5747        ,  9.680999999999997e-01,  1.367931489032354e-01,  0.000000000000000e+00
3139        ,  1.653300000000000e+00,  1.619198612639003e+00,  1.558404255319149e-02
5091        ,  3.107900000000000e+00,  3.494737784889956e+00,  3.530097087378641e-02
5746        ,  1.736800000000000e+00,  2.394858239885549e+00,  2.373829787234043e-02
4326        ,  3.563700000000000e+00,  4.180493991367098e+00,  4.251010101010101e-02
3794        ,  0.000000000000000e+00,  1.912463815712326e-01,  5.724489795918371e-04
5163        ,  8.546999999999993e-01,  1.003545303363456e+00,  9.111881188118813e-03
5757        ,  5.346700000000000e+00,  5.643046589134266e+00,  5.788543689320388e-02
5312        ,  4.080400000000000e+00,  3.846319076070976e+00,  3.899702970297030e-02
5178        ,  1.411000000000000e+00,  8.268973054492585e-01,  7.254838709677415e-03
3001        ,  0.000000000000000e+00,  1.367931489032354e-01,  0.000000000000000e+00
3639        ,  3.916900000000000e+00,  4.075913406294369e+00,  4.141067961165049e-02
3054        ,  2.297200000000000e+00,  1.389783550178774e+00,  1.317227722772277e-02
4514        ,  3.202900000000000e+00,  3.077704023093701e+00,  3.091683168316832e-02
3268        ,  0.000000000000000e+00,  1.367931489032354e-01,  0.000000000000000e+00
3670        ,  5.524000000000000e+00,  5.239821585240546e+00,  5.364646464646464e-02
3961        ,  1.207400000000000e+00,  1.368121809928219e+00,  1.294455445544554e-02
4500        ,  0.000000000000000e+00,  1.367931489032354e-01,  0.000000000000000e+00
3436        ,  6.292000000000000e-01,  2.198389910938924e-01,  8.730337078651696e-04
5607        ,  9.406000000000001e-01,  5.917348628335428e-01,  4.782653061224491e-03
3685        ,  3.286000000000000e+00,  2.990200779457800e+00,  2.999693877551021e-02
4208        ,  9.359000000000002e-01,  6.785250181257922e-01,  5.695049504950495e-03
5364        ,  0.000000000000000e+00,  1.367931489032354e-01,  0.000000000000000e+00
3883        ,  6.357800000000000e+00,  6.377158302870745e+00,  6.560291262135921e-02
4207        ,  1.619500000000000e+00,  2.882371634921312e+00,  2.886336633663367e-02
4680        ,  2.538000000000000e+00,  2.525800554101319e+00,  2.511485148514852e-02
5485        ,  6.596000000000002e-01,  6.772307509920413e-01,  5.681443298969076e-03
4546        ,  3.642200000000000e+00,  5.058730975495981e+00,  5.174271844660194e-02
4655        ,  5.565700000000001e+00,  5.222238188444280e+00,  5.346161616161616e-02
4849        ,  3.854400000000000e+00,  3.814334307005366e+00,  3.866078431372549e-02
3419        ,  4.336800000000000e+00,  3.893790235054841e+00,  3.949607843137255e-02
5131        ,  2.770000000000028e-02,  1.710752073867213e-01,  3.603960396039604e-04
5684        ,  4.439300000000000e+00,  5.474595241058365e+00,  5.611456310679613e-02
3011        ,  0.000000000000000e+00,  1.367931489032354e-01,  0.000000000000000e+00
3823        ,  1.302100000000000e+00,  1.384021447117675e+00,  1.311170212765957e-02
3524        ,  1.959900000000000e+00,  1.811355386839806e+00,  1.760412371134020e-02
4026        ,  2.560600000000000e+00,  2.539256618665572e+00,  2.525631067961165e-02
5208        ,  0.000000000000000e+00,  1.367931489032354e-01,  0.000000000000000e+00
5334        ,  2.209999999999979e-02,  1.367931489032354e-01,  0.000000000000000e+00
4677        ,  0.000000000000000e+00,  1.666206192071715e+00,  1.607821782178218e-02
3285        ,  0.000000000000000e+00,  1.367931489032354e-01,  0.000000000000000e+00
5246        ,  1.909999999999989e-02,  1.367931489032354e-01,  0.000000000000000e+00
3154        ,  0.000000000000000e+00,  1.367931489032354e-01,  0.000000000000000e+00
4506        ,  1.594500000000000e+00,  1.776354437963711e+00,  1.723617021276596e-02
4336        ,  0.000000000000000e+00,  1.367931489032354e-01,  0.000000000000000e+00
3829        ,  0.000000000000000e+00,  1.367931489032354e-01,  0.000000000000000e+00
4345        ,  1.651000000000000e+00,  1.395720827519853e+00,  1.323469387755102e-02
3580        ,  1.859800000000000e+00,  1.457688396790293e+00,  1.388613861386138e-02
4284        ,  2.943400000000000e+00,  2.701792775489137e+00,  2.696500000000000e-02
5284        ,  5.591300000000000e+00,  5.316784977775026e+00,  5.445555555555556e-02
4033        ,  5.497999999999998e-01,  8.476941757488869e-01,  7.473469387755099e-03
5362        ,  1.485500000000000e+00,  1.103283489995356e+00,  1.016039603960396e-02
3554        ,  3.720300000000000e+00,  3.416003896919749e+00,  3.447326732673268e-02
3693        ,  2.168900000000000e+00,  1.998477449288717e+00,  1.957127659574468e-02
3758        ,  0.000000000000000e+00,  1.367931489032354e-01,  0.000000000000000e+00
3349        ,  2.150700000000000e+00,  1.086160927710348e+00,  9.980392156862743e-03
5215        ,  1.232400000000000e+00,  1.152962298281598e+00,  1.068265306122449e-02
4896        ,  0.000000000000000e+00,  1.367931489032354e-01,  0.000000000000000e+00
3143        ,  0.000000000000000e+00,  5.909562809427008e-01,  4.774468085106386e-03
4893        ,  2.208000000000006e-01,  2.682704940761647e-01,  1.382178217821782e-03
3241        ,  3.769000000000000e-01,  7.759086677739364e-01,  6.718811881188122e-03
5435        ,  2.611900000000000e+00,  2.633488426418781e+00,  2.624693877551021e-02
5916        ,  9.017999999999997e-01,  1.042253891376403e+00,  9.518811881188121e-03
4404        ,  2.805900000000000e+00,  2.206336976145319e+00,  2.175643564356436e-02
3967        ,  2.306200000000000e+00,  2.169820415896857e+00,  2.137254901960784e-02
4232        ,  0.000000000000000e+00,  5.802442170661058e-01,  4.661855670103092e-03
5330        ,  5.059900000000001e+00,  4.613369977812767e+00,  4.706078431372549e-02
3926        ,  7.533000000000000e-01,  7.053849684140314e-01,  5.977419354838703e-03
4426        ,  3.982600000000000e+00,  3.783594210823719e+00,  3.833762376237624e-02
3817        ,  2.727700000000000e+00,  2.724146749612915e+00,  2.720000000000000e-02
4074        ,  2.853600000000000e+00,  4.341335102769226e+00,  4.420097087378640e-02
5511        ,  1.303200000000000e+00,  1.424451944934696e+00,  1.353673469387755e-02
4405        ,  3.958000000000000e+00,  3.740176548843260e+00,  3.788118811881188e-02
3184        ,  0.000000000000000e+00,  1.367931489032354e-01,  0.000000000000000e+00
4294        ,  1.687000000000000e+00,  1.540772492467304e+00,  1.475957446808511e-02
3188        ,  8.198000000000000e-01,  6.776517920183378e-01,  5.685869565217386e-03
4076        ,  3.507100000000000e+00,  3.159289191254761e+00,  3.177450980392157e-02
3597        ,  2.477700000000000e+00,  2.171723278622844e+00,  2.139255319148936e-02
3438        ,  1.828700000000000e+00,  1.800499563477217e+00,  1.749000000000000e-02
4123        ,  0.000000000000000e+00,  1.367931489032354e-01,  0.000000000000000e+00
4731        ,  1.348900000000000e+00,  1.257364390212342e+00,  1.178019801980198e-02
4475        ,  4.044100000000000e+00,  4.070044297160950e+00,  4.134897959183673e-02
4579        ,  0.000000000000000e+00,  1.367931489032354e-01,  0.000000000000000e+00
3063        ,  4.020500000000000e+00,  3.910174119070436e+00,  3.966831683168317e-02
5403        ,  1.062500000000000e+00,  5.541112839041307e-01,  4.387128712871288e-03
4856        ,  4.825800000000000e+00,  3.671235705958888e+00,  3.715643564356436e-02
4602        ,  3.186700000000000e+00,  3.035887446262196e+00,  3.047722772277228e-02
4374        ,  4.502000000000002e-01,  1.367931489032354e-01,  0.000000000000000e+00
2990        ,  0.000000000000000e+00,  1.367931489032354e-01,  0.000000000000000e+00
4881        ,  3.677999999999999e-01,  3.875642645429533e-01,  2.636274509803923e-03
3430        ,  0.000000000000000e+00,  1.367931489032354e-01,  0.000000000000000e+00
5168        ,  0.000000000000000e+00,  1.367931489032354e-01,  0.000000000000000e+00
5588        ,  0.000000000000000e+00,  1.367931489032354e-01,  0.000000000000000e+00
3717        ,  1.106800000000000e+00,  1.297591533211925e+00,  1.220309278350515e-02
4880        ,  0.000000000000000e+00,  1.367931489032354e-01,  0.000000000000000e+00
4508        ,  4.478999999999997e-01,  1.367931489032354e-01,  0.000000000000000e+00
5514        ,  0.000000000000000e+00,  1.367931489032354e-01,  0.000000000000000e+00
5148        ,  0.000000000000000e+00,  1.367931489032354e-01,  0.000000000000000e+00
3509        ,  0.000000000000000e+00,  1.367931489032354e-01,  0.000000000000000e+00
3237        ,  9.591000000000000e-01,  9.234830304707042e-01,  8.270212765957442e-03
3959        ,  2.491400000000000e+00,  1.975592351737241e+00,  1.933069306930693e-02
3070        ,  9.367000000000001e-01,  9.363347946794864e-01,  8.405319148936172e-03
5144        ,  1.861700000000000e+00,  1.207343787560046e+00,  1.125434782608696e-02
4270        ,  7.806999999999999e-01,  9.306488383463735e-01,  8.345544554455443e-03
4498        ,  0.000000000000000e+00,  1.367931489032354e-01,  0.000000000000000e+00
3754        ,  7.879000000000000e-01,  8.593419260522024e-01,  7.595918367346940e-03
4804        ,  4.575000000000000e-01,  4.651709036866722e-01,  3.452127659574468e-03
3644        ,  5.740000000000003e-01,  6.699592125788885e-01,  5.605000000000002e-03
3816        ,  3.645000000000000e+00,  3.073748400960991e+00,  3.087524752475247e-02
3518        ,  1.070500000000000e+00,  1.123769388746144e+00,  1.037575757575758e-02
3017        ,  0.000000000000000e+00,  1.367931489032354e-01,  0.000000000000000e+00
4671        ,  1.044100000000000e+00,  8.570824225998926e-01,  7.572164948453610e-03
4489        ,  1.591999999999998e-01,  4.165374601754117e-01,  2.940860215053762e-03
5520        ,  0.000000000000000e+00,  1.367931489032354e-01,  0.000000000000000e+00
3657        ,  7.258000000000000e-01,  7.605862149324301e-01,  6.557731958762886e-03
3864        ,  2.564400000000000e+00,  2.484306754572830e+00,  2.467864077669903e-02
4337        ,  0.000000000000000e+00,  1.367931489032354e-01,  0.000000000000000e+00
5030        ,  2.814400000000000e+00,  2.654235746052906e+00,  2.646504854368932e-02
3401        ,  2.284600000000000e+00,  2.046277837947829e+00,  2.007378640776699e-02
4395        ,  9.707000000000000e-01,  5.360007996521203e-01,  4.196739130434791e-03
3783        ,  2.028500000000000e+00,  1.486072946968900e+00,  1.418453608247423e-02
3244        ,  0.000000000000000e+00,  1.367931489032354e-01,  0.000000000000000e+00
4783        ,  0.000000000000000e+00,  1.367931489032354e-01,  0.000000000000000e+00
4549        ,  4.942399999999999e+00,  4.944490669810736e+00,  5.054174757281554e-02
4061        ,  1.667600000000000e+00,  1.697851169133395e+00,  1.641089108910891e-02
4195        ,  5.205000000000000e+00,  6.124665986182416e+00,  6.294854368932039e-02
3948        ,  2.504600000000000e+00,  3.073183312084889e+00,  3.086930693069307e-02
5733        ,  3.228000000000000e-01,  4.844067520676352e-01,  3.654347826086955e-03
3014        ,  1.998000000000002e-01,  1.367931489032354e-01,  0.000000000000000e+00
3200        ,  0.000000000000000e+00,  1.223459057646257e+00,  1.142376237623762e-02
4713        ,  3.813500000000000e+00,  5.019111661721551e+00,  5.132621359223301e-02
4838        ,  3.014200000000000e+00,  2.846959398685623e+00,  2.849108910891089e-02
4858        ,  3.400500000000000e+00,  3.290082307700409e+00,  3.314949494949495e-02
5817        ,  3.843800000000000e+00,  3.863512428356802e+00,  3.917777777777778e-02
4024        ,  4.102000000000000e+00,  4.050975430699038e+00,  4.114851485148514e-02
3286        ,  0.000000000000000e+00,  1.367931489032354e-01,  0.000000000000000e+00
3491        ,  8.259000000000001e-01,  9.934911877070470e-01,  9.006185567010310e-03
3791        ,  2.952400000000000e+00,  2.406323037415014e+00,  2.385882352941177e-02
5408        ,  2.319000000000000e+00,  1.540850643056552e+00,  1.476039603960396e-02
5318        ,  2.948200000000000e+00,  2.957781207780239e+00,  2.965612244897959e-02
5280        ,  9.822000000000002e-01,  2.505275223359663e-01,  1.195652173913047e-03
3825        ,  1.613500000000001e+00,  1.561144373536342e+00,  1.497373737373737e-02
3250        ,  1.199900000000000e+00,  1.367931489032354e-01,  0.000000000000000e+00
5063        ,  0.000000000000000e+00,  1.367931489032354e-01,  0.000000000000000e+00
3895        ,  0.000000000000000e+00,  1.561060601384795e-01,  2.030303030303053e-04
5264        ,  0.000000000000000e+00,  1.367931489032354e-01,  0.000000000000000e+00
4917        ,  2.182400000000000e+00,  2.148906527823256e+00,  2.115268817204301e-02
5320        ,  0.000000000000000e+00,  1.367931489032354e-01,  0.000000000000000e+00
4778        ,  3.289100000000000e+00,  2.987007258479424e+00,  2.996336633663366e-02
5692        ,  2.643300000000000e+00,  2.343653573037963e+00,  2.320000000000000e-02
3460        ,  0.000000000000000e+00,  1.367931489032354e-01,  0.000000000000000e+00
4414        ,  0.000000000000000e+00,  1.367931489032354e-01,  0.000000000000000e+00
3363        ,  3.151200000000000e+00,  2.636369610858496e+00,  2.627722772277228e-02
3704        ,  2.006600000000000e+00,  2.486632710008654e+00,  2.470309278350516e-02
5803        ,  2.048100000000000e+00,  2.196503660872752e+00,  2.165306122448980e-02
3368        ,  0.000000000000000e+00,  1.367931489032354e-01,  0.000000000000000e+00
3042        ,  0.000000000000000e+00,  1.367931489032354e-01,  0.000000000000000e+00
3753        ,  0.000000000000000e+00,  1.367931489032354e-01,  0.000000000000000e+00
5374        ,  2.020000000000000e+00,  1.854380787813487e+00,  1.805643564356435e-02
5835        ,  0.000000000000000e+00,  1.367931489032354e-01,  0.000000000000000e+00
4198        ,  4.097700000000001e+00,  3.774688410136361e+00,  3.824400000000000e-02
4087        ,  0.000000000000000e+00,  1.367931489032354e-01,  0.000000000000000e+00
5415        ,  1.726200000000000e+00,  1.690193845523086e+00,  1.633039215686274e-02
5656        ,  2.185500000000000e+00,  2.216246009366653e+00,  2.186060606060606e-02
4422        ,  4.267999999999996e-01,  6.565807334371875e-01,  5.464356435643567e-03
3253        ,  0.000000000000000e+00,  1.367931489032354e-01,  0.000000000000000e+00
4771        ,  2.747500000000000e+00,  2.314080588521989e+00,  2.288910891089109e-02
4474        ,  1.164100000000000e+00,  9.372017332343610e-01,  8.414432989690725e-03
5360        ,  2.079200000000000e+00,  1.304593201764954e+00,  1.227669902912621e-02
4693        ,  4.030700000000000e+00,  3.808275244713248e+00,  3.859708737864077e-02
3240        ,  1.162500000000000e+00,  1.222669680917270e+00,  1.141546391752578e-02
5703        ,  3.516900000000001e+00,  3.142218336448612e+00,  3.159504950495049e-02
3813        ,  0.000000000000000e+00,  1.367931489032354e-01,  0.000000000000000e+00
5209        ,  1.572700000000000e+00,  1.286455327586695e+00,  1.208602150537634e-02
3161        ,  0.000000000000000e+00,  1.367931489032354e-01,  0.000000000000000e+00
5496        ,  2.170000000000000e+00,  2.344536160303214e+00,  2.320927835051546e-02
5233        ,  6.469999999999976e-02,  1.367931489032354e-01,  0.000000000000000e+00
3652        ,  1.815100000000000e+00,  1.720595996396477e+00,  1.665000000000000e-02
5796        ,  1.643200000000000e+00,  1.414176553330485e+00,  1.342871287128713e-02
5833        ,  5.220599999999999e+00,  5.393211259992067e+00,  5.525900000000000e-02
5181        ,  0.000000000000000e+00,  1.367931489032354e-01,  0.000000000000000e+00
2997        ,  0.000000000000000e+00,  1.367931489032354e-01,  0.000000000000000e+00
4903        ,  1.562900000000000e+00,  1.922324638876051e+00,  1.877070707070707e-02
5700        ,  2.603800000000000e+00,  2.068926197773325e+00,  2.031188118811882e-02
5019        ,  1.267900000000000e+00,  1.360520698615003e+00,  1.286464646464647e-02
3728        ,  0.000000000000000e+00,  1.367931489032354e-01,  0.000000000000000e+00
3412        ,  4.977500000000000e+00,  4.917651478913319e+00,  5.025959595959596e-02
4657        ,  7.240000000000002e-01,  5.370347485015081e-01,  4.207608695652176e-03
5471        ,  2.481200000000000e+00,  1.979830518308001e+00,  1.937524752475248e-02
4615        ,  0.000000000000000e+00,  1.367931489032354e-01,  0.000000000000000e+00
5698        ,  2.943900000000000e+00,  2.880393823854957e+00,  2.884257425742574e-02
4055        ,  1.163999999999996e-01,  2.995387452204429e-01,  1.710891089108909e-03
3563        ,  0.000000000000000e+00,  7.879553351780983e-01,  6.845454545454548e-03
3429        ,  4.021700000000000e+00,  3.712136070729140e+00,  3.758640776699029e-02
3238        ,  0.000000000000000e+00,  1.367931489032354e-01,  0.000000000000000e+00
4089        ,  4.025900000000000e+00,  4.062494194962707e+00,  4.126960784313725e-02
5882        ,  0.000000000000000e+00,  1.367931489032354e-01,  0.000000000000000e+00
5695        ,  2.888000000000000e+00,  1.962124400190157e+00,  1.918910891089109e-02
3906        ,  1.246300000000000e+00,  1.400807846783146e+00,  1.328817204301075e-02
4715        ,  0.000000000000000e+00,  1.367931489032354e-01,  0.000000000000000e+00
3782        ,  1.082200000000000e+00,  6.941751745880332e-01,  5.859574468085104e-03
5548        ,  0.000000000000000e+00,  1.367931489032354e-01,  0.000000000000000e+00
5285        ,  3.423700000000000e+00,  2.891078805022024e+00,  2.895490196078431e-02
3230        ,  0.000000000000000e+00,  1.367931489032354e-01,  0.000000000000000e+00
3651        ,  2.001500000000000e+00,  2.033224328171031e+00,  1.993655913978494e-02
3745        ,  2.101100000000000e+00,  1.236848018275176e+00,  1.156451612903226e-02
3293        ,  2.504400000000000e+00,  2.714158803727823e+00,  2.709500000000000e-02
4029        ,  2.932100000000001e+00,  2.815387460322215e+00,  2.815918367346939e-02
3226        ,  0.000000000000000e+00,  1.367931489032354e-01,  0.000000000000000e+00
4324        ,  0.000000000000000e+00,  1.689448223238188e-01,  3.379999999999983e-04
4839        ,  2.247100000000000e+00,  1.904485334827813e+00,  1.858316831683168e-02
4618        ,  9.976000000000003e-01,  1.152771300225550e+00,  1.068064516129032e-02
3455        ,  0.000000000000000e+00,  1.367931489032354e-01,  0.000000000000000e+00
3479        ,  2.809000000000000e+00,  2.522221657886010e+00,  2.507722772277228e-02
5562        ,  3.304500000000000e+00,  3.215093770649918e+00,  3.236116504854369e-02
3645        ,  0.000000000000000e+00,  1.367931489032354e-01,  0.000000000000000e+00
3194        ,  0.000000000000000e+00,  1.367931489032354e-01,  0.000000000000000e+00
5373        ,  3.522100000000000e+00,  3.067344060365175e+00,  3.080792079207921e-02
4502        ,  7.188000000000000e+00,  6.483008998394791e+00,  6.671568627450980e-02
3402        ,  0.000000000000000e+00,  1.367931489032354e-01,  0.000000000000000e+00
5728        ,  3.545400000000000e+00,  4.010435332946883e+00,  4.072233009708738e-02
5254        ,  4.435099999999999e+00,  5.994786983008557e+00,  6.158316831683168e-02
3620        ,  9.683000000000000e-01,  1.237602617152353e+00,  1.157244897959184e-02
4550        ,  0.000000000000000e+00,  1.367931489032354e-01,  0.000000000000000e+00
4091        ,  5.020000000000000e-01,  6.885082549369180e-01,  5.800000000000008e-03
2987        ,  0.000000000000000e+00,  1.367931489032354e-01,  0.000000000000000e+00
3179        ,  0.000000000000000e+00,  1.367931489032354e-01,  0.000000000000000e+00
5741        ,  1.094500000000000e+00,  1.207861827911389e+00,  1.125979381443299e-02
5538        ,  0.000000000000000e+00,  1.367931489032354e-01,  0.000000000000000e+00
3710        ,  3.456000000000000e+00,  3.219635512474506e+00,  3.240891089108910e-02
4147        ,  2.493800000000000e+00,  2.429730828424895e+00,  2.410490196078432e-02
5595        ,  1.449800000000000e+00,  1.440564666187615e+00,  1.370612244897960e-02
3514        ,  0.000000000000000e+00,  1.367931489032354e-01,  0.000000000000000e+00
4109        ,  3.027700000000000e+00,  2.812677340202137e+00,  2.813069306930693e-02
4239        ,  4.587000000000003e-01,  5.532636505899785e-01,  4.378217821782179e-03
4065        ,  0.000000000000000e+00,  1.367931489032354e-01,  0.000000000000000e+00
4072        ,  9.394999999999998e-01,  9.283884828419681e-01,  8.321782178217822e-03
5813        ,  4.605999999999999e-01,  1.367931489032354e-01,  0.000000000000000e+00
5501        ,  0.000000000000000e+00,  1.367931489032354e-01,  0.000000000000000e+00
4100        ,  0.000000000000000e+00,  1.367931489032354e-01,  0.000000000000000e+00
4901        ,  1.536700000000000e+00,  1.706538887373014e+00,  1.650222222222223e-02
3917        ,  4.013700000000000e+00,  3.843719096444065e+00,  3.896969696969697e-02
5315        ,  1.127500000000000e+00,  1.244675940696476e+00,  1.164680851063830e-02
5018        ,  1.576900000000000e+00,  1.270078889924624e+00,  1.191386138613862e-02
3870        ,  1.333400000000000e+00,  5.845319017342568e-01,  4.706930693069307e-03
3146        ,  0.000000000000000e+00,  1.367931489032354e-01,  0.000000000000000e+00
4918        ,  1.971800000000000e+00,  1.727679645960372e+00,  1.672446808510638e-02
3936        ,  7.376000000000000e-01,  9.287431049427868e-01,  8.325510204081633e-03
5518        ,  0.000000000000000e+00,  1.367931489032354e-01,  0.000000000000000e+00
4299        ,  3.159100000000000e+00,  2.494909028874441e+00,  2.479009900990099e-02
4572        ,  2.515200000000000e+00,  2.276407996781894e+00,  2.249306930693069e-02
4645        ,  3.145100000000000e+00,  2.645039112136235e+00,  2.636836734693877e-02
4955        ,  4.844999999999997e-01,  1.367931489032354e-01,  0.000000000000000e+00
3330        ,  0.000000000000000e+00,  1.367931489032354e-01,  0.000000000000000e+00
3631        ,  3.243400000000000e+00,  3.334066009885043e+00,  3.361188118811882e-02
4587        ,  0.000000000000000e+00,  1.367931489032354e-01,  0.000000000000000e+00
3642        ,  5.232000000000000e-01,  7.515791347496139e-01,  6.463043478260877e-03
4357        ,  2.144500000000000e+00,  1.367931489032354e-01,  0.000000000000000e+00
5777        ,  6.503000000000001e-01,  7.759634467976400e-01,  6.719387755102042e-03
5478        ,  5.165000000000000e+00,  5.144896056501912e+00,  5.264854368932038e-02
4935        ,  3.557399999999999e+00,  3.555729508318517e+00,  3.594215686274510e-02
4094        ,  1.604600000000000e+00,  1.293718441241533e+00,  1.216237623762377e-02
4780        ,  3.433200000000000e+00,  3.412519182183789e+00,  3.443663366336634e-02
4269        ,  0.000000000000000e+00,  1.367931489032354e-01,  0.000000000000000e+00
4192        ,  2.623400000000000e+00,  2.268566887660671e+00,  2.241063829787234e-02
3151        ,  1.532600000000000e+00,  1.307525648655093e+00,  1.230752688172043e-02
4437        ,  0.000000000000000e+00,  1.367931489032354e-01,  0.000000000000000e+00
3656        ,  2.389100000000000e+00,  2.025791080230916e+00,  1.985841584158416e-02
3799        ,  3.415900000000000e+00,  2.959437015421397e+00,  2.967352941176470e-02
5062        ,  4.345800000000000e+00,  4.489099443186683e+00,  4.575436893203883e-02
5012        ,  0.000000000000000e+00,  1.367931489032354e-01,  0.000000000000000e+00
4716        ,  3.336500000000000e+00,  3.178949113395205e+00,  3.198118811881188e-02
4389        ,  1.188300000000000e+00,  1.255198216187287e+00,  1.175742574257426e-02
3320        ,  0.000000000000000e+00,  1.367931489032354e-01,  0.000000000000000e+00
3210        ,  7.141999999999999e-01,  7.760625987939493e-01,  6.720430107526882e-03
3051        ,  3.296900000000000e+00,  3.568618972623017e+00,  3.607765957446808e-02
4912        ,  0.000000000000000e+00,  1.367931489032354e-01,  0.000000000000000e+00
3612        ,  2.530999999999999e-01,  4.093164833624610e-01,  2.864948453608250e-03
3466        ,  8.565000000000000e-01,  9.842552240019944e-01,  8.909090909090910e-03
3630        ,  3.936000000000000e+00,  3.881880356783694e+00,  3.937087378640777e-02
3988        ,  1.247000000000000e+00,  1.270297695381700e+00,  1.191616161616162e-02
5274        ,  2.598400000000000e+00,  5.047186886400869e+00,  5.162135922330097e-02
5098        ,  2.883100000000000e+00,  2.458003915997988e+00,  2.440212765957447e-02
4104        ,  3.053999999999999e+00,  3.202394290169625e+00,  3.222765957446808e-02
5253        ,  4.834600000000000e+00,  4.664473587186475e+00,  4.759801980198020e-02
3828        ,  3.228500000000000e+00,  3.221142416144110e+00,  3.242475247524752e-02
3094        ,  0.000000000000000e+00,  1.367931489032354e-01,  0.000000000000000e+00
3008        ,  0.000000000000000e+00,  1.367931489032354e-01,  0.000000000000000e+00
5311        ,  0.000000000000000e+00,  1.367931489032354e-01,  0.000000000000000e+00
5039        ,  8.927999999999998e-01,  1.367931489032354e-01,  0.000000000000000e+00
3787        ,  0.000000000000000e+00,  1.367931489032354e-01,  0.000000000000000e+00
3613        ,  5.574700000000000e+00,  5.309993446652992e+00,  5.438415841584159e-02
3295        ,  0.000000000000000e+00,  1.367931489032354e-01,  0.000000000000000e+00
4347        ,  3.522500000000000e+00,  3.905447501494026e+00,  3.961862745098040e-02
4407        ,  3.911400000000000e+00,  3.387885696225582e+00,  3.417766990291262e-02
5070        ,  2.822200000000000e+00,  2.452904089084236e+00,  2.434851485148515e-02
4605        ,  8.457000000000000e-01,  6.806911921508477e-01,  5.717821782178219e-03
4252        ,  1.628000000000003e-01,  1.367931489032354e-01,  0.000000000000000e+00
3484        ,  1.768600000000000e+00,  2.190475649891035e+00,  2.158969072164948e-02
4910        ,  0.000000000000000e+00,  1.367931489032354e-01,  0.000000000000000e+00
5542        ,  4.253000000000000e-01,  1.367931489032354e-01,  0.000000000000000e+00
3732        ,  0.000000000000000e+00,  1.367931489032354e-01,  0.000000000000000e+00
5911        ,  1.002100000000000e+00,  1.698448603164021e+00,  1.641717171717172e-02
3440        ,  2.282500000000000e+00,  2.499806465800654e+00,  2.484158415841585e-02
3322        ,  0.000000000000000e+00,  1.367931489032354e-01,  0.000000000000000e+00
4277        ,  2.930600000000000e+00,  2.588242874910525e+00,  2.577128712871287e-02
3649        ,  1.546300000000000e+00,  1.064386539023709e+00,  9.751485148514852e-03
4231        ,  3.127200000000000e+00,  3.162184810070863e+00,  3.180495049504951e-02
5198        ,  3.256600000000000e+00,  3.098894855947504e+00,  3.113960396039604e-02
4920        ,  3.948700000000000e+00,  3.570178978616084e+00,  3.609405940594059e-02
5137        ,  3.959000000000001e-01,  5.532217921547118e-01,  4.377777777777778e-03
3327        ,  1.875800000000000e+00,  1.351942634092607e+00,  1.277446808510638e-02
3038        ,  0.000000000000000e+00,  1.367931489032354e-01,  0.000000000000000e+00
4382        ,  1.551700000000000e+00,  1.528542065520269e+00,  1.463100000000000e-02
3812        ,  9.600000000000053e-03,  1.367931489032354e-01,  0.000000000000000e+00
5842        ,  5.800000000000005e-02,  1.367931489032354e-01,  0.000000000000000e+00
3141        ,  3.993400000000000e+00,  3.776436418393101e+00,  3.826237623762376e-02
4658        ,  2.303800000000000e+00,  2.374222320961824e+00,  2.352135922330097e-02
3939        ,  0.000000000000000e+00,  1.367931489032354e-01,  0.000000000000000e+00
4383        ,  5.411300000000000e+00,  5.053928634432415e+00,  5.169223300970874e-02
3396        ,  2.201400000000000e+00,  2.382310060658078e+00,  2.360638297872341e-02
3007        ,  1.782999999999997e-01,  1.957711586410116e+00,  1.914271844660194e-02
3512        ,  2.296399999999999e+00,  2.223164067122561e+00,  2.193333333333334e-02
4011        ,  0.000000000000000e+00,  1.367931489032354e-01,  0.000000000000000e+00
5603        ,  1.377800000000001e+00,  1.598617186380845e+00,  1.536767676767677e-02
4512        ,  7.999000000000001e-01,  4.813724287096337e-01,  3.622448979591832e-03
3018        ,  0.000000000000000e+00,  1.829380660623258e-01,  4.851063829787267e-04
4102        ,  1.217700000000000e+00,  1.233063543131823e+00,  1.152473118279570e-02
4496        ,  1.123700000000000e+00,  4.916689630949242e-01,  3.730693069306931e-03
5524        ,  0.000000000000000e+00,  1.367931489032354e-01,  0.000000000000000e+00
3934        ,  1.132800000000000e+00,  9.843322815760081e-01,  8.909900990099010e-03
5810        ,  1.667300000000000e+00,  1.822827966823000e+00,  1.772473118279570e-02
4197        ,  1.164100000000000e+00,  9.351695493551855e-01,  8.393069306930699e-03
4773        ,  2.457200000000000e+00,  2.123761763954234e+00,  2.088834951456311e-02
3301        ,  1.573000000000000e+00,  1.367931489032354e-01,  0.000000000000000e+00
4813        ,  4.401000000000000e+00,  3.418354628591207e+00,  3.449797979797980e-02
4227        ,  4.606999999999999e-01,  1.042482210114222e+00,  9.521212121212123e-03
3814        ,  2.086700000000000e+00,  1.900247168257052e+00,  1.853861386138614e-02
5086        ,  4.665000000000000e+00,  4.008122857594682e+00,  4.069801980198020e-02
3760        ,  3.901500000000000e+00,  3.555675030796148e+00,  3.594158415841584e-02
4553        ,  3.322600000000000e+00,  3.215114801465695e+00,  3.236138613861386e-02
4307        ,  0.000000000000000e+00,  1.367931489032354e-01,  0.000000000000000e+00
3411        ,  0.000000000000000e+00,  1.367931489032354e-01,  0.000000000000000e+00
5704        ,  2.854299999999999e+00,  3.136511132988606e+00,  3.153505154639175e-02
3736        ,  4.481999999999999e-01,  7.065100826458401e-01,  5.989247311827962e-03
3449        ,  5.802000000000000e-01,  6.648225546951265e-01,  5.551000000000001e-03
4770        ,  2.630999999999999e-01,  7.890122606685840e-01,  6.856565656565655e-03
3622        ,  0.000000000000000e+00,  1.367931489032354e-01,  0.000000000000000e+00
4439        ,  0.000000000000000e+00,  1.367931489032354e-01,  0.000000000000000e+00
3560        ,  1.123000000000000e+00,  3.682598313196653e-01,  2.433333333333335e-03
4365        ,  4.376200000000001e+00,  4.943013026406561e+00,  5.052621359223301e-02
3203        ,  2.789999999999981e-02,  1.367931489032354e-01,  0.000000000000000e+00
4589        ,  1.158500000000000e+00,  1.328060615562902e+00,  1.252340425531915e-02
5874        ,  4.438800000000000e+00,  4.993160549435736e+00,  5.105339805825242e-02
3136        ,  1.730999999999998e-01,  4.936496281455018e-01,  3.751515151515151e-03
3534        ,  0.000000000000000e+00,  5.821523164847164e-01,  4.681914893617023e-03
5473        ,  0.000000000000000e+00,  1.367931489032354e-01,  0.000000000000000e+00
3749        ,  2.032700000000000e+00,  2.053831110880870e+00,  2.015319148936170e-02
3192        ,  1.573799999999999e+00,  1.716952976620760e+00,  1.661170212765958e-02
4965        ,  2.943700000000000e+00,  2.667732043482124e+00,  2.660693069306931e-02
5122        ,  0.000000000000000e+00,  1.367931489032354e-01,  0.000000000000000e+00
5199        ,  0.000000000000000e+00,  1.397593591507282e-01,  3.118279569892368e-05
5599        ,  1.938499999999999e+00,  1.990128340679018e+00,  1.948350515463918e-02
4563        ,  0.000000000000000e+00,  1.367931489032354e-01,  0.000000000000000e+00
5191        ,  2.255300000000000e+00,  2.257211433893750e+00,  2.229126213592233e-02
