# c0 + a0 * (mp_bandgap / max:mendeleev_number)
# Property Label: $bandgap$; Unit of the Property: eV
# RMSE: 0.470940610086518; Max AE: 4.30401833022535
# Coefficients
# Task   a0                      c0
# all ,  9.486903764720262e+01,  1.450232149960943e-01, 
# Feature Rung, Units, and Expressions
# 0;  1; eV;                                               0|21|div; (mp_bandgap / max:mendeleev_number); $\left(\frac{ mp_{bandgap} }{ max:mendeleev_{number} } \right)$; (mp_bandgap ./ max:mendeleev_number); mp_bandgap,max:mendeleev_number
# Number of Samples Per Task
# Task, n_samples               
# all , 1016                  

# Sample ID , Property Value        ,  Property Value (EST) ,  Feature 0 Value      
3577        ,  5.216900000000000e+00,  4.725058529565897e+00,  4.827745098039216e-02
3404        ,  2.820000000000000e-02,  1.450232149960943e-01,  0.000000000000000e+00
5293        ,  2.833800000000000e+00,  2.915107008432618e+00,  2.919902912621360e-02
3707        ,  1.609999999999999e+00,  1.742333201862045e+00,  1.683700000000000e-02
4870        ,  2.521100000000000e+00,  2.585093585338328e+00,  2.572040816326530e-02
5075        ,  0.000000000000000e+00,  1.450232149960943e-01,  0.000000000000000e+00
5016        ,  3.666500000000000e+00,  2.922769471844036e+00,  2.927979797979798e-02
5647        ,  3.195000000000000e+00,  3.099963473051972e+00,  3.114757281553398e-02
3574        ,  2.645500000000000e+00,  2.371815566978503e+00,  2.347227722772277e-02
3908        ,  1.994499999999999e+00,  1.676171910725847e+00,  1.613960396039604e-02
4983        ,  0.000000000000000e+00,  3.473531303506330e+00,  3.508529411764706e-02
3447        ,  1.737800000000000e+00,  1.641558327053027e+00,  1.577474747474748e-02
3615        ,  3.120000000000012e-02,  1.590638325678805e-01,  1.480000000000015e-04
4735        ,  0.000000000000000e+00,  1.450232149960943e-01,  0.000000000000000e+00
4141        ,  3.190800000000000e+00,  3.409551337202557e+00,  3.441089108910891e-02
4136        ,  0.000000000000000e+00,  1.450232149960943e-01,  0.000000000000000e+00
3925        ,  4.481500000000000e+00,  4.603960090276411e+00,  4.700097087378641e-02
4443        ,  2.707600000000000e+00,  2.762563286396684e+00,  2.759108910891089e-02
4617        ,  2.861800000000000e+00,  2.752888523151474e+00,  2.748910891089109e-02
3836        ,  2.259999999999995e-02,  2.251463044003079e-01,  8.445652173913055e-04
5832        ,  3.573500000000000e+00,  3.388335187344724e+00,  3.418725490196078e-02
4712        ,  1.100500000000000e+00,  1.120542147275878e+00,  1.028279569892473e-02
4913        ,  1.940700000000000e+00,  1.738918874779853e+00,  1.680101010101010e-02
4558        ,  0.000000000000000e+00,  1.450232149960943e-01,  0.000000000000000e+00
4191        ,  1.821500000000000e+00,  2.249408208086343e+00,  2.218200000000000e-02
4636        ,  3.054200000000000e+00,  2.483867363515916e+00,  2.465339805825243e-02
5195        ,  2.369000000000003e-01,  2.899141088572767e-01,  1.527272727272730e-03
3086        ,  1.589400000000000e+00,  1.428573115440673e+00,  1.352970297029703e-02
5102        ,  3.760100000000000e+00,  3.707262569788115e+00,  3.754901960784314e-02
3170        ,  1.528999999999998e-01,  1.450232149960943e-01,  0.000000000000000e+00
4533        ,  1.544200000000000e+00,  1.407063204924623e+00,  1.330297029702970e-02
5493        ,  0.000000000000000e+00,  9.190132678858779e-01,  8.158510638297868e-03
5095        ,  9.836999999999998e-01,  6.728400426332581e-01,  5.563636363636365e-03
5258        ,  3.733000000000000e-01,  8.887359154452812e-01,  7.839361702127654e-03
3559        ,  4.266400000000000e+00,  5.392478373089713e+00,  5.531262135922330e-02
4705        ,  2.014900000000000e+00,  1.926800666394793e+00,  1.878144329896907e-02
5717        ,  8.259000000000003e-01,  4.067020841963977e+00,  4.134117647058824e-02
5108        ,  2.033300000000000e+00,  1.858246424272047e+00,  1.805882352941176e-02
5105        ,  1.147400000000000e+00,  1.505628832349200e+00,  1.434193548387097e-02
4721        ,  2.367300000000000e+00,  3.293142027911145e+00,  3.318383838383838e-02
3907        ,  1.832000000000000e+00,  1.110315673056381e+00,  1.017500000000000e-02
3583        ,  1.527200000000000e+00,  1.686288042750486e+00,  1.624623655913979e-02
3746        ,  0.000000000000000e+00,  1.450232149960943e-01,  0.000000000000000e+00
3201        ,  0.000000000000000e+00,  5.709246393271525e-01,  4.489361702127656e-03
3126        ,  0.000000000000000e+00,  1.450232149960943e-01,  0.000000000000000e+00
5676        ,  4.641999999999999e-01,  1.450232149960943e-01,  0.000000000000000e+00
3598        ,  9.411999999999998e-01,  1.015376188103994e+00,  9.174257425742571e-03
4244        ,  6.532000000000000e-01,  1.450232149960943e-01,  0.000000000000000e+00
4710        ,  0.000000000000000e+00,  1.450232149960943e-01,  0.000000000000000e+00
3178        ,  0.000000000000000e+00,  1.450232149960943e-01,  0.000000000000000e+00
5371        ,  4.331500000000000e+00,  3.565850424969829e+00,  3.605841584158416e-02
4218        ,  2.750400000000000e+00,  2.775619520290705e+00,  2.772871287128713e-02
5277        ,  4.523999999999999e-01,  8.714758260490303e-01,  7.657425742574261e-03
3755        ,  1.748400000000000e+00,  1.490696502612446e+00,  1.418453608247423e-02
3400        ,  6.249000000000002e-01,  3.316919978960312e-01,  1.967647058823529e-03
5825        ,  2.044100000000000e+00,  2.198736031041760e+00,  2.164787234042553e-02
3495        ,  1.237600000000000e+00,  4.683940207397849e-01,  3.408602150537634e-03
4278        ,  7.349000000000001e-01,  1.450232149960943e-01,  0.000000000000000e+00
3966        ,  1.750200000000000e+00,  9.921418500741049e-01,  8.929347826086960e-03
4647        ,  3.913400000000000e+00,  3.645506492454285e+00,  3.689805825242719e-02
4958        ,  3.220400000000000e+00,  3.118463072184061e+00,  3.134257425742575e-02
4890        ,  2.595300000000000e+00,  2.820330076647208e+00,  2.820000000000000e-02
3933        ,  3.733600000000000e+00,  3.512678445208598e+00,  3.549793814432990e-02
3444        ,  2.131800000000000e+00,  2.172677739224759e+00,  2.137319587628866e-02
4837        ,  2.507100000000000e+00,  2.616039275189446e+00,  2.604660194174757e-02
4994        ,  3.688700000000000e+00,  4.131964969424968e+00,  4.202574257425742e-02
4339        ,  0.000000000000000e+00,  1.450232149960943e-01,  0.000000000000000e+00
4325        ,  2.300000000000000e-01,  4.534018330225353e+00,  4.626372549019608e-02
5161        ,  4.347900000000000e+00,  4.215928027525910e+00,  4.291078431372550e-02
3743        ,  0.000000000000000e+00,  1.450232149960943e-01,  0.000000000000000e+00
4950        ,  1.466200000000001e+00,  9.924573314842746e-01,  8.932673267326734e-03
4189        ,  1.018400000000000e+00,  1.066004318095918e+00,  9.707920792079208e-03
4749        ,  2.372800000000001e+00,  2.268973551968172e+00,  2.238823529411765e-02
4840        ,  3.246200000000000e+00,  3.237378123333920e+00,  3.259603960396040e-02
5490        ,  2.288300000000000e+00,  2.172192885402171e+00,  2.136808510638298e-02
5388        ,  1.719900000000000e+00,  1.667570344725561e+00,  1.604893617021277e-02
3448        ,  1.538000000000000e+00,  1.025877129064476e+00,  9.284946236559141e-03
4846        ,  0.000000000000000e+00,  1.450232149960943e-01,  0.000000000000000e+00
5732        ,  5.205000000000001e-01,  4.214839649223450e-01,  2.914130434782614e-03
3082        ,  3.936999999999999e-01,  1.450232149960943e-01,  0.000000000000000e+00
4256        ,  2.726200000000000e+00,  2.699277184609377e+00,  2.692400000000000e-02
4685        ,  7.060000000000000e-01,  6.355879483782412e-01,  5.170967741935475e-03
4747        ,  3.408700000000000e+00,  2.745468073672138e+00,  2.741089108910891e-02
5625        ,  8.441999999999998e-01,  1.027868843556547e+00,  9.305940594059406e-03
5067        ,  2.608600000000000e+00,  3.710349019156838e+00,  3.758155339805825e-02
3965        ,  4.246200000000000e+00,  3.451631860832207e+00,  3.485445544554455e-02
4444        ,  9.563000000000001e-01,  3.397597664676103e-01,  2.052688172043011e-03
3422        ,  9.169000000000000e-01,  9.042782896981212e-01,  8.003191489361702e-03
3134        ,  0.000000000000000e+00,  1.450232149960943e-01,  0.000000000000000e+00
5724        ,  0.000000000000000e+00,  1.450232149960943e-01,  0.000000000000000e+00
4937        ,  0.000000000000000e+00,  1.450232149960943e-01,  0.000000000000000e+00
4070        ,  7.039999999999997e-01,  1.450232149960943e-01,  0.000000000000000e+00
4121        ,  1.252800000000000e+00,  1.041488655892037e+00,  9.449504950495052e-03
3358        ,  0.000000000000000e+00,  1.450232149960943e-01,  0.000000000000000e+00
3180        ,  1.234700000000000e+00,  1.498824567123303e+00,  1.427021276595745e-02
3830        ,  6.069000000000000e-01,  6.476335082630781e-01,  5.297938144329897e-03
3277        ,  1.579500000000000e+00,  1.697847697166157e+00,  1.636808510638298e-02
4178        ,  2.596900000000000e+00,  2.156338918978583e+00,  2.120097087378641e-02
4700        ,  7.430000000000003e-02,  1.450232149960943e-01,  0.000000000000000e+00
5159        ,  2.832700000000000e+00,  2.563417056513723e+00,  2.549191919191919e-02
5042        ,  3.263400000000000e+00,  3.066707785309200e+00,  3.079702970297029e-02
5909        ,  1.706400000000000e+00,  1.455487375238226e+00,  1.381340206185567e-02
3034        ,  1.700700000000000e+00,  2.062689794075347e+00,  2.021382978723404e-02
3339        ,  0.000000000000000e+00,  1.888244515268241e-01,  4.617021276595756e-04
4575        ,  2.957400000000000e+00,  2.293945076497923e+00,  2.265145631067961e-02
5517        ,  1.991000000000000e+00,  1.711865212018854e+00,  1.651584158415842e-02
4993        ,  7.869999999999999e-01,  7.575271959222083e-01,  6.456310679611651e-03
4049        ,  4.949900000000000e+00,  6.092022393410590e+00,  6.268640776699029e-02
3296        ,  6.007300000000000e+00,  5.816688790454895e+00,  5.978415841584158e-02
3504        ,  0.000000000000000e+00,  1.450232149960943e-01,  0.000000000000000e+00
4069        ,  2.483500000000000e+00,  2.387783622820111e+00,  2.364059405940594e-02
3708        ,  3.914400000000000e+00,  3.122794890792995e+00,  3.138823529411765e-02
3778        ,  4.467100000000000e+00,  4.171707280879982e+00,  4.244466019417476e-02
3245        ,  0.000000000000000e+00,  1.450232149960943e-01,  0.000000000000000e+00
3972        ,  9.501000000000001e-01,  6.244688891271185e-01,  5.053763440860217e-03
5077        ,  1.153900000000000e+00,  1.263606612968978e+00,  1.179081632653061e-02
3503        ,  7.069999999999999e-01,  3.973184972935064e-01,  2.659405940594059e-03
4802        ,  0.000000000000000e+00,  1.450232149960943e-01,  0.000000000000000e+00
4651        ,  3.520400000000000e+00,  3.575045508182332e+00,  3.615533980582524e-02
3793        ,  0.000000000000000e+00,  1.450232149960943e-01,  0.000000000000000e+00
3873        ,  3.645000000000000e+00,  3.556808547547239e+00,  3.596310679611650e-02
4895        ,  2.159000000000000e-01,  8.331625559299104e-01,  7.253571428571428e-03
4859        ,  0.000000000000000e+00,  1.450232149960943e-01,  0.000000000000000e+00
5591        ,  4.297800000000001e+00,  4.081994347614758e+00,  4.149900990099010e-02
5202        ,  3.249999999999975e-02,  1.950450712100740e-01,  5.272727272727287e-04
4237        ,  0.000000000000000e+00,  1.450232149960943e-01,  0.000000000000000e+00
3838        ,  1.593100000000000e+00,  1.043352261908595e+00,  9.469148936170211e-03
5749        ,  1.189500000000000e+00,  1.079727743650028e+00,  9.852577319587632e-03
3399        ,  0.000000000000000e+00,  1.450232149960943e-01,  0.000000000000000e+00
5658        ,  1.245900000000000e+00,  1.420772203074083e+00,  1.344747474747475e-02
5068        ,  2.732000000000000e+00,  2.489032515765507e+00,  2.470784313725490e-02
5719        ,  2.343600000000000e+00,  1.900476130430321e+00,  1.850396039603960e-02
3665        ,  1.944300000000001e+00,  1.943402021722175e+00,  1.895643564356436e-02
5189        ,  6.053000000000002e-01,  5.110025334247872e-01,  3.857731958762885e-03
3079        ,  3.068500000000000e+00,  2.306158678547419e+00,  2.278019801980198e-02
4684        ,  0.000000000000000e+00,  1.450232149960943e-01,  0.000000000000000e+00
4673        ,  1.365500000000000e+00,  1.311096300313485e+00,  1.229139784946237e-02
3173        ,  0.000000000000000e+00,  1.450232149960943e-01,  0.000000000000000e+00
3772        ,  6.627000000000001e-01,  3.317555386026673e-01,  1.968316831683167e-03
3941        ,  1.333200000000000e+00,  1.107540249082660e+00,  1.014574468085106e-02
3998        ,  5.336600000000000e+00,  4.846406907934890e+00,  4.955656565656566e-02
4086        ,  1.453300000000000e+00,  7.390648698805987e-01,  6.261702127659570e-03
4023        ,  0.000000000000000e+00,  2.420682742325643e+00,  2.398737864077670e-02
3689        ,  1.522999999999999e-01,  7.644262220862169e-01,  6.529032258064513e-03
4565        ,  1.903700000000000e+00,  2.137273005587349e+00,  2.100000000000000e-02
3463        ,  1.951400000000000e+00,  2.062115645762399e+00,  2.020777777777778e-02
5755        ,  1.744400000000000e+00,  1.574727791261511e+00,  1.507029702970297e-02
4114        ,  2.924900000000000e+00,  3.444493200573605e+00,  3.477920792079207e-02
3199        ,  2.250400000000000e+00,  1.717527976252545e+00,  1.657553191489361e-02
4416        ,  8.491000000000000e-01,  1.028244562517526e+00,  9.309900990099011e-03
4562        ,  2.138600000000000e+00,  2.146201856189439e+00,  2.109411764705883e-02
3600        ,  1.261000000000001e-01,  2.848352613872744e-01,  1.473737373737371e-03
3272        ,  0.000000000000000e+00,  1.450232149960943e-01,  0.000000000000000e+00
5130        ,  3.741200000000000e+00,  2.993818306879271e+00,  3.002871287128714e-02
3567        ,  3.290600000000000e+00,  3.299139690184266e+00,  3.324705882352941e-02
4052        ,  2.301500000000000e+00,  2.111436331504707e+00,  2.072765957446808e-02
3337        ,  0.000000000000000e+00,  1.450232149960943e-01,  0.000000000000000e+00
3662        ,  2.304500000000000e+00,  2.357538246461300e+00,  2.332178217821782e-02
3222        ,  0.000000000000000e+00,  1.450232149960943e-01,  0.000000000000000e+00
4931        ,  7.595999999999998e-01,  1.004846472529210e+00,  9.063265306122448e-03
4792        ,  3.406700000000000e+00,  2.663843129399446e+00,  2.655049504950495e-02
4038        ,  0.000000000000000e+00,  3.755347915771698e-01,  2.429787234042555e-03
3618        ,  3.023200000000000e+00,  7.364987893173167e-01,  6.234653465346532e-03
4741        ,  0.000000000000000e+00,  1.450232149960943e-01,  0.000000000000000e+00
3319        ,  9.309000000000001e-01,  3.520852015130323e-01,  2.182608695652175e-03
4531        ,  8.411000000000000e-01,  9.061147199637991e-01,  8.022549019607842e-03
4586        ,  1.556100000000000e+00,  1.846724599378947e+00,  1.793737373737373e-02
3637        ,  3.929200000000000e+00,  3.586650846768301e+00,  3.627766990291262e-02
3000        ,  0.000000000000000e+00,  1.451241395042299e-01,  1.063829787236288e-06
3231        ,  1.677200000000000e+00,  1.678571116112311e+00,  1.616489361702127e-02
4392        ,  4.559800000000000e+00,  5.265556495538407e+00,  5.397475728155340e-02
3459        ,  2.935700000000000e+00,  2.684695531733782e+00,  2.677029702970297e-02
3487        ,  0.000000000000000e+00,  1.450232149960943e-01,  0.000000000000000e+00
3897        ,  3.892500000000000e+00,  3.543729515172577e+00,  3.582524271844660e-02
3474        ,  3.947700000000000e+00,  3.589535900075588e+00,  3.630808080808081e-02
3858        ,  3.167000000000000e-01,  3.180417965269332e-01,  1.823762376237624e-03
4762        ,  2.902400000000000e+00,  3.515292281843187e+00,  3.552549019607843e-02
5355        ,  1.801200000000000e+00,  1.199666338464204e+00,  1.111683168316831e-02
3779        ,  3.920900000000000e+00,  3.502823569265598e+00,  3.539405940594059e-02
4547        ,  3.463000000000000e+00,  2.266864111013428e+00,  2.236600000000000e-02
3521        ,  0.000000000000000e+00,  1.450232149960943e-01,  0.000000000000000e+00
5437        ,  3.014500000000000e+00,  2.969675458592856e+00,  2.977422680412371e-02
4845        ,  0.000000000000000e+00,  1.450232149960943e-01,  0.000000000000000e+00
3211        ,  1.219999999999999e-02,  1.450232149960943e-01,  0.000000000000000e+00
3763        ,  0.000000000000000e+00,  1.450232149960943e-01,  0.000000000000000e+00
5299        ,  3.388300000000000e+00,  2.589638634606089e+00,  2.576831683168317e-02
5510        ,  3.329200000000000e+00,  3.374460125544518e+00,  3.404099999999999e-02
3975        ,  1.985400000000000e+00,  1.784003252526826e+00,  1.727623762376238e-02
4984        ,  0.000000000000000e+00,  1.450232149960943e-01,  0.000000000000000e+00
4289        ,  4.016000000000002e-01,  3.100577686061289e-01,  1.739603960396039e-03
3251        ,  0.000000000000000e+00,  1.450232149960943e-01,  0.000000000000000e+00
5409        ,  5.116999999999998e-01,  1.450232149960943e-01,  0.000000000000000e+00
3822        ,  1.651400000000000e+00,  1.156286786512020e+00,  1.065957446808510e-02
3675        ,  1.858500000000000e+00,  1.957119637189259e+00,  1.910103092783505e-02
4096        ,  3.949999999999998e-02,  1.363010156749833e+00,  1.283861386138614e-02
5417        ,  2.387700000000000e+00,  2.390037936585986e+00,  2.366435643564357e-02
4039        ,  6.776000000000000e-01,  8.265774102120371e-01,  7.184158415841585e-03
3789        ,  4.554000000000000e+00,  4.203944332507673e+00,  4.278446601941748e-02
3842        ,  2.475500000000000e+00,  2.472414318780636e+00,  2.453267326732674e-02
5072        ,  9.227000000000000e-01,  1.003541952772381e+00,  9.049514563106797e-03
4751        ,  0.000000000000000e+00,  1.450232149960943e-01,  0.000000000000000e+00
5535        ,  1.533700000000000e+00,  1.452583779041087e+00,  1.378279569892473e-02
3148        ,  4.490000000000016e-02,  1.450232149960943e-01,  0.000000000000000e+00
4233        ,  3.497600000000000e+00,  3.301907854882067e+00,  3.327623762376238e-02
3690        ,  2.423100000000000e+00,  2.243037893102944e+00,  2.211485148514852e-02
3950        ,  0.000000000000000e+00,  1.450232149960943e-01,  0.000000000000000e+00
3875        ,  2.401300000000000e+00,  2.410326760478852e+00,  2.387821782178218e-02
3249        ,  0.000000000000000e+00,  1.450232149960943e-01,  0.000000000000000e+00
3912        ,  4.126200000000000e+00,  3.849518240508990e+00,  3.904851485148515e-02
4814        ,  2.224100000000000e+00,  2.211234012607449e+00,  2.177961165048543e-02
5735        ,  0.000000000000000e+00,  1.450232149960943e-01,  0.000000000000000e+00
3678        ,  5.503999999999998e-01,  3.579174962538489e-01,  2.244086021505375e-03
3628        ,  1.788400000000000e+00,  1.670680555911753e+00,  1.608172043010753e-02
3928        ,  1.122600000000000e+00,  1.260702458755288e+00,  1.176020408163265e-02
4408        ,  7.400000000000002e-01,  1.450232149960943e-01,  0.000000000000000e+00
4743        ,  0.000000000000000e+00,  1.450232149960943e-01,  0.000000000000000e+00
3683        ,  2.536900000000000e+00,  2.246231504271265e+00,  2.214851485148515e-02
3502        ,  0.000000000000000e+00,  1.450232149960943e-01,  0.000000000000000e+00
3819        ,  0.000000000000000e+00,  1.450232149960943e-01,  0.000000000000000e+00
5413        ,  7.898000000000001e-01,  2.018009072545152e+00,  1.974285714285715e-02
5279        ,  2.576100000000000e+00,  2.569819459414446e+00,  2.555940594059406e-02
4229        ,  6.249999999999996e-01,  3.829472470360590e-01,  2.507920792079209e-03
3575        ,  2.196800000000000e+00,  1.497423615040077e+00,  1.425544554455445e-02
3196        ,  0.000000000000000e+00,  1.450232149960943e-01,  0.000000000000000e+00
3465        ,  1.376900000000000e+00,  1.337836986364239e+00,  1.257326732673267e-02
5768        ,  1.701800000000000e+00,  1.985179771827419e+00,  1.939680851063830e-02
3481        ,  8.867999999999998e-01,  1.450232149960943e-01,  0.000000000000000e+00
4452        ,  1.246100000000000e+00,  8.665914795563028e-01,  7.605940594059406e-03
4214        ,  7.783000000000002e-01,  9.631967942201509e-01,  8.624242424242425e-03
4940        ,  4.171100000000000e+00,  4.810829855864389e+00,  4.918155339805826e-02
5359        ,  1.056300000000000e+00,  1.299641274274059e+00,  1.217065217391304e-02
3390        ,  0.000000000000000e+00,  1.450232149960943e-01,  0.000000000000000e+00
3138        ,  0.000000000000000e+00,  1.450232149960943e-01,  0.000000000000000e+00
4686        ,  5.896000000000001e-01,  2.033017988683562e+00,  1.990106382978724e-02
4305        ,  7.780300000000000e+00,  6.448698731210955e+00,  6.644607843137255e-02
3982        ,  9.999999999976694e-05,  1.450232149960943e-01,  0.000000000000000e+00
5631        ,  1.302400000000000e+00,  3.712756538712626e+00,  3.760693069306931e-02
4511        ,  3.130800000000000e+00,  2.729969666531754e+00,  2.724752475247525e-02
4050        ,  5.382100000000000e+00,  4.963541374717846e+00,  5.079126213592233e-02
4808        ,  8.830000000000001e-01,  7.001600998090796e-01,  5.851612903225802e-03
5136        ,  1.867100000000000e+00,  1.550094217256046e+00,  1.481063829787234e-02
3472        ,  7.224000000000004e-01,  8.118967443396653e-01,  7.029411764705879e-03
3462        ,  9.331000000000000e-01,  7.784254280533750e-01,  6.676595744680853e-03
5715        ,  3.863600000000000e+00,  4.405011428802665e+00,  4.490388349514563e-02
4487        ,  2.786700000000000e+00,  2.554409289302777e+00,  2.539696969696970e-02
3434        ,  0.000000000000000e+00,  1.450232149960943e-01,  0.000000000000000e+00
3531        ,  4.588000000000001e-01,  4.949165473938416e-01,  3.688172043010752e-03
3569        ,  2.146999999999997e-01,  1.450232149960943e-01,  0.000000000000000e+00
3088        ,  1.459500000000000e+00,  1.071027517248137e+00,  9.760869565217389e-03
3655        ,  2.189700000000000e+00,  1.782124657721930e+00,  1.725643564356435e-02
3809        ,  4.851000000000000e+00,  4.462822894769745e+00,  4.551326530612245e-02
5892        ,  1.967200000000000e+00,  2.272713695504951e+00,  2.242765957446809e-02
5141        ,  1.826300000000000e+00,  1.377005688046302e+00,  1.298613861386139e-02
4791        ,  3.607100000000000e+00,  4.200444309759523e+00,  4.274757281553399e-02
4765        ,  2.740200000000000e+00,  2.764750236409453e+00,  2.761414141414141e-02
3860        ,  1.860999999999999e-01,  1.450232149960943e-01,  0.000000000000000e+00
3765        ,  2.134000000000000e+00,  2.004264698259756e+00,  1.959797979797980e-02
4331        ,  3.055899999999999e+00,  1.450232149960943e-01,  0.000000000000000e+00
3539        ,  2.172700000000000e+00,  2.307841667089124e+00,  2.279793814432990e-02
3696        ,  2.420000000000000e-02,  1.450232149960943e-01,  0.000000000000000e+00
5206        ,  2.109000000000000e+00,  2.313025233063662e+00,  2.285257731958763e-02
5491        ,  9.824000000000006e-01,  1.171564884217783e+00,  1.082061855670103e-02
5467        ,  0.000000000000000e+00,  1.243384637032803e+00,  1.157765957446808e-02
4372        ,  0.000000000000000e+00,  1.450232149960943e-01,  0.000000000000000e+00
5497        ,  0.000000000000000e+00,  1.179753233532316e+00,  1.090693069306930e-02
4944        ,  2.979200000000000e+00,  3.050363042158776e+00,  3.062474226804124e-02
5633        ,  4.619200000000000e+00,  4.267787373818884e+00,  4.345742574257425e-02
4156        ,  3.097000000000000e+00,  3.078429664363862e+00,  3.092058823529412e-02
3643        ,  1.559600000000000e+00,  1.266395424887657e+00,  1.182021276595745e-02
3735        ,  4.644100000000000e+00,  4.223747092793253e+00,  4.299320388349515e-02
4961        ,  2.021900000000000e+00,  1.574415983257812e+00,  1.506701030927835e-02
3952        ,  2.400100000000000e+00,  2.523981746175006e+00,  2.507623762376238e-02
3532        ,  2.109100000000000e+00,  2.180670544085537e+00,  2.145744680851063e-02
3155        ,  0.000000000000000e+00,  1.450232149960943e-01,  0.000000000000000e+00
5107        ,  2.169700000000000e+00,  4.260405225787027e+00,  4.337961165048544e-02
3202        ,  0.000000000000000e+00,  1.450232149960943e-01,  0.000000000000000e+00
4535        ,  1.017200000000000e+00,  8.480633386667462e-01,  7.410638297872332e-03
3006        ,  1.215300000000000e+00,  8.047667246766940e-01,  6.954255319148938e-03
5286        ,  3.213700000000000e+00,  3.101309844031717e+00,  3.116176470588235e-02
3273        ,  3.100000000000014e-02,  1.450232149960943e-01,  0.000000000000000e+00
5787        ,  2.082800000000000e+00,  1.578055732058355e+00,  1.510537634408602e-02
3424        ,  0.000000000000000e+00,  1.450232149960943e-01,  0.000000000000000e+00
4272        ,  2.407300000000000e+00,  2.421128680606999e+00,  2.399207920792079e-02
5826        ,  4.010000000000025e-02,  1.736775365711676e-01,  3.020408163265291e-04
5367        ,  0.000000000000000e+00,  1.450232149960943e-01,  0.000000000000000e+00
5269        ,  0.000000000000000e+00,  1.450232149960943e-01,  0.000000000000000e+00
4354        ,  2.761100000000000e+00,  2.618475064861229e+00,  2.607227722772277e-02
3784        ,  2.679300000000000e+00,  2.557326803961894e+00,  2.542772277227723e-02
3538        ,  1.800000000000246e-03,  1.450232149960943e-01,  0.000000000000000e+00
3579        ,  1.574400000000000e+00,  1.445315849552341e+00,  1.370618556701031e-02
3218        ,  0.000000000000000e+00,  1.450232149960943e-01,  0.000000000000000e+00
3617        ,  2.533399999999999e+00,  2.647511943118747e+00,  2.637835051546392e-02
3475        ,  0.000000000000000e+00,  1.450232149960943e-01,  0.000000000000000e+00
4841        ,  4.640900000000000e+00,  3.964653303568417e+00,  4.026213592233010e-02
3224        ,  0.000000000000000e+00,  1.450232149960943e-01,  0.000000000000000e+00
5396        ,  3.100000000000103e-03,  1.450232149960943e-01,  0.000000000000000e+00
4889        ,  0.000000000000000e+00,  1.450232149960943e-01,  0.000000000000000e+00
3219        ,  0.000000000000000e+00,  1.450232149960943e-01,  0.000000000000000e+00
3362        ,  0.000000000000000e+00,  1.450232149960943e-01,  0.000000000000000e+00
3527        ,  1.341400000000000e+00,  1.299769141237845e+00,  1.217200000000000e-02
3488        ,  3.973200000000000e+00,  3.082112262709340e+00,  3.095940594059406e-02
4400        ,  2.935200000000000e+00,  2.135154570766101e+00,  2.097766990291262e-02
4388        ,  0.000000000000000e+00,  1.450232149960943e-01,  0.000000000000000e+00
4001        ,  2.571800000000000e+00,  2.415893237512386e+00,  2.393689320388349e-02
5635        ,  2.510199999999999e+00,  2.304749732443748e+00,  2.276534653465347e-02
5763        ,  3.147600000000001e+00,  4.128959217737137e+00,  4.199405940594060e-02
3800        ,  1.905300000000000e+00,  2.143126627059198e+00,  2.106170212765958e-02
2989        ,  0.000000000000000e+00,  1.450232149960943e-01,  0.000000000000000e+00
4152        ,  0.000000000000000e+00,  1.450232149960943e-01,  0.000000000000000e+00
3751        ,  2.705800000000000e+00,  2.413860261738162e+00,  2.391546391752577e-02
3519        ,  1.893400000000000e+00,  1.417798465237113e+00,  1.341612903225806e-02
2992        ,  0.000000000000000e+00,  1.450232149960943e-01,  0.000000000000000e+00
5521        ,  0.000000000000000e+00,  1.450232149960943e-01,  0.000000000000000e+00
5838        ,  1.495700000000000e+00,  1.829655104790888e+00,  1.775744680851064e-02
3046        ,  0.000000000000000e+00,  1.450232149960943e-01,  0.000000000000000e+00
3398        ,  1.423800000000000e+00,  1.591112975949583e+00,  1.524301075268817e-02
4861        ,  0.000000000000000e+00,  1.450232149960943e-01,  0.000000000000000e+00
4013        ,  1.083500000000000e+00,  1.055390257448260e+00,  9.596039603960395e-03
4879        ,  4.412000000000000e+00,  4.751697892593025e+00,  4.855825242718446e-02
5571        ,  2.085500000000000e+00,  1.773963313454746e+00,  1.717040816326531e-02
5730        ,  0.000000000000000e+00,  1.450232149960943e-01,  0.000000000000000e+00
5734        ,  1.483100000000000e+00,  1.661615798745577e+00,  1.598617021276596e-02
3608        ,  1.196200000000000e+00,  9.131426366654676e-01,  8.096629213483147e-03
3510        ,  2.562800000000000e+00,  1.325863707122451e+00,  1.244705882352941e-02
3712        ,  0.000000000000000e+00,  1.450232149960943e-01,  0.000000000000000e+00
3516        ,  1.097000000000001e-01,  2.276263568666890e-01,  8.707070707070712e-04
4247        ,  1.700000000000035e-03,  8.897940620924323e-01,  7.850515463917525e-03
4235        ,  2.754999999999999e-01,  3.795717719025827e-01,  2.472340425531917e-03
4652        ,  3.696700000000000e+00,  3.393019702919479e+00,  3.423663366336633e-02
5806        ,  3.925800000000000e+00,  2.943565895848326e+00,  2.949900990099009e-02
5512        ,  0.000000000000000e+00,  1.450232149960943e-01,  0.000000000000000e+00
3366        ,  0.000000000000000e+00,  1.450232149960943e-01,  0.000000000000000e+00
4253        ,  0.000000000000000e+00,  1.450232149960943e-01,  0.000000000000000e+00
4596        ,  1.153000000000000e-01,  7.686419298157676e-01,  6.573469387755108e-03
3096        ,  1.272100000000000e+00,  1.588766752437878e+00,  1.521827956989247e-02
4616        ,  3.628800000000000e+00,  3.180367375404386e+00,  3.199509803921569e-02
4701        ,  2.185200000000000e+00,  2.116364974960247e+00,  2.077961165048544e-02
4948        ,  0.000000000000000e+00,  1.450232149960943e-01,  0.000000000000000e+00
3861        ,  4.192900000000000e+00,  4.487958684952591e+00,  4.577821782178219e-02
3985        ,  2.974100000000000e+00,  2.637499940987308e+00,  2.627281553398058e-02
5530        ,  0.000000000000000e+00,  1.738876243227964e-01,  3.042553191489357e-04
5282        ,  3.805300000000000e+00,  3.711447968507843e+00,  3.759313725490196e-02
3983        ,  0.000000000000000e+00,  1.450232149960943e-01,  0.000000000000000e+00
5532        ,  0.000000000000000e+00,  1.305012811682345e+00,  1.222727272727273e-02
4723        ,  8.354000000000004e-01,  1.019133377713785e+00,  9.213861386138613e-03
5654        ,  5.839999999999979e-02,  1.450232149960943e-01,  0.000000000000000e+00
4639        ,  4.481400000000000e+00,  4.702421256533556e+00,  4.803883495145631e-02
3446        ,  1.277400000000000e+00,  1.257745217851671e+00,  1.172903225806452e-02
5584        ,  3.728300000000000e+00,  4.057219694670785e+00,  4.123786407766990e-02
3588        ,  0.000000000000000e+00,  1.450232149960943e-01,  0.000000000000000e+00
2988        ,  1.057200000000000e+00,  1.144478619060187e+00,  1.053510638297872e-02
2993        ,  0.000000000000000e+00,  1.450232149960943e-01,  0.000000000000000e+00
3506        ,  1.599000000000000e+00,  1.109396024222046e+00,  1.016530612244898e-02
3987        ,  6.479999999999997e-02,  1.450232149960943e-01,  0.000000000000000e+00
4902        ,  1.785500000000000e+00,  1.339590664298087e+00,  1.259175257731959e-02
5846        ,  0.000000000000000e+00,  1.450232149960943e-01,  0.000000000000000e+00
3346        ,  2.480700000000000e+00,  1.104327652115778e+00,  1.011188118811881e-02
4032        ,  5.322200000000000e+00,  4.818532434306523e+00,  4.926274509803921e-02
4930        ,  7.380000000000009e-02,  7.414267114627351e-01,  6.286597938144329e-03
4370        ,  8.121000000000000e-01,  9.938615336616708e-01,  8.947474747474747e-03
4048        ,  5.700300000000000e+00,  5.003146895289008e+00,  5.120873786407767e-02
4161        ,  5.473999999999997e-01,  6.788327072419007e-01,  5.626804123711343e-03
5577        ,  2.700600000000000e+00,  2.619389380949782e+00,  2.608191489361702e-02
3418        ,  0.000000000000000e+00,  1.450232149960943e-01,  0.000000000000000e+00
3545        ,  5.858400000000000e+00,  5.402552565715769e+00,  5.541881188118811e-02
3064        ,  0.000000000000000e+00,  2.044677502877989e-01,  6.265957446808506e-04
3168        ,  1.440000000000019e-02,  1.450232149960943e-01,  0.000000000000000e+00
3572        ,  1.227300000000000e+00,  1.466225950995594e+00,  1.392659574468085e-02
3081        ,  9.398000000000002e-01,  1.389523324812749e+00,  1.311808510638298e-02
4251        ,  0.000000000000000e+00,  1.450232149960943e-01,  0.000000000000000e+00
3343        ,  0.000000000000000e+00,  1.450232149960943e-01,  0.000000000000000e+00
3191        ,  0.000000000000000e+00,  1.450232149960943e-01,  0.000000000000000e+00
4377        ,  4.062600000000000e+00,  4.682986919695148e+00,  4.783398058252427e-02
4348        ,  2.519400000000000e+00,  2.005293432625212e+00,  1.960882352941177e-02
4724        ,  7.427999999999999e-01,  7.031847374641023e-01,  5.883495145631071e-03
5357        ,  3.189999999999982e-02,  1.450232149960943e-01,  0.000000000000000e+00
3062        ,  1.324800000000000e+00,  1.087695018112008e+00,  9.936559139784949e-03
5336        ,  4.309000000000003e-01,  5.889351673928067e-01,  4.679207920792078e-03
5048        ,  3.346100000000000e+00,  2.947604874678851e+00,  2.954158415841584e-02
5052        ,  0.000000000000000e+00,  1.450232149960943e-01,  0.000000000000000e+00
4236        ,  1.189800000000000e+00,  1.402948323273699e+00,  1.325959595959596e-02
3857        ,  2.970300000000000e+00,  3.001936520143282e+00,  3.011428571428571e-02
4016        ,  1.261500000000000e+00,  2.170222144469120e+00,  2.134731182795700e-02
3748        ,  5.403900000000000e+00,  4.798814555893575e+00,  4.905490196078431e-02
4264        ,  0.000000000000000e+00,  1.450232149960943e-01,  0.000000000000000e+00
5423        ,  0.000000000000000e+00,  1.450232149960943e-01,  0.000000000000000e+00
4210        ,  3.155900000000000e+00,  2.978445139392545e+00,  2.986666666666666e-02
5291        ,  4.676600000000000e+00,  4.915185797276312e+00,  5.028155339805825e-02
3310        ,  0.000000000000000e+00,  6.647158032274699e-01,  5.477999999999996e-03
3584        ,  3.670800000000000e+00,  3.942087367429034e+00,  4.002427184466020e-02
3827        ,  1.014500000000000e+00,  1.077159912450089e+00,  9.825510204081636e-03
4259        ,  0.000000000000000e+00,  1.450232149960943e-01,  0.000000000000000e+00
5399        ,  1.045000000000000e+00,  6.760835887820661e-01,  5.597826086956528e-03
3288        ,  0.000000000000000e+00,  1.450232149960943e-01,  0.000000000000000e+00
3177        ,  1.162500000000000e+00,  1.523911801789099e+00,  1.453465346534653e-02
5495        ,  3.851200000000000e+00,  3.786785145462976e+00,  3.838725490196079e-02
4457        ,  5.621100000000000e+00,  5.141674111426284e+00,  5.266893203883496e-02
3326        ,  1.114300000000000e+00,  7.969955375502739e-01,  6.872340425531914e-03
4850        ,  2.079800000000000e+00,  2.302658101114586e+00,  2.274329896907217e-02
3073        ,  0.000000000000000e+00,  1.450232149960943e-01,  0.000000000000000e+00
3886        ,  1.935600000000000e+00,  1.912217347960916e+00,  1.862772277227722e-02
4630        ,  2.287500000000000e+00,  1.631367424629099e+00,  1.566732673267327e-02
4413        ,  6.556000000000002e-01,  7.110751396244033e-01,  5.966666666666666e-03
4892        ,  0.000000000000000e+00,  1.450232149960943e-01,  0.000000000000000e+00
4401        ,  0.000000000000000e+00,  1.450232149960943e-01,  0.000000000000000e+00
3217        ,  3.489100000000000e+00,  3.179635043503264e+00,  3.198737864077670e-02
4695        ,  2.482000000000000e+00,  2.314962713100560e+00,  2.287300000000000e-02
3120        ,  0.000000000000000e+00,  1.450232149960943e-01,  0.000000000000000e+00
5237        ,  1.472900000000000e+00,  1.339767542302035e+00,  1.259361702127659e-02
3167        ,  0.000000000000000e+00,  1.450232149960943e-01,  0.000000000000000e+00
3871        ,  2.856000000000001e-01,  3.013673890386841e-01,  1.647999999999998e-03
4441        ,  4.190000000000000e+00,  4.078518947225701e+00,  4.146237623762376e-02
3768        ,  4.322000000000000e+00,  3.965709329191752e+00,  4.027326732673268e-02
3266        ,  1.678000000000000e+00,  5.692099219414084e-01,  4.471287128712873e-03
3405        ,  2.360100000000000e+00,  2.159781149813450e+00,  2.123725490196078e-02
3501        ,  1.934100000000000e+00,  1.886950247835077e+00,  1.836138613861386e-02
3720        ,  2.619999999999978e-02,  1.450232149960943e-01,  0.000000000000000e+00
4149        ,  0.000000000000000e+00,  1.446231906606686e+00,  1.371584158415841e-02
3543        ,  2.136700000000000e+00,  1.902522599664590e+00,  1.852553191489362e-02
3150        ,  0.000000000000000e+00,  1.450232149960943e-01,  0.000000000000000e+00
5174        ,  1.404900000000000e+00,  1.325626120132421e+00,  1.244455445544554e-02
5780        ,  9.264000000000001e-01,  1.022359964216448e+00,  9.247872340425529e-03
3159        ,  9.429000000000001e-01,  8.429161887518459e-01,  7.356382978723409e-03
3698        ,  4.599200000000000e+00,  4.368648576365818e+00,  4.452058823529412e-02
4744        ,  1.614900000000000e+00,  1.717401006710052e+00,  1.657419354838710e-02
5516        ,  0.000000000000000e+00,  1.450232149960943e-01,  0.000000000000000e+00
4391        ,  2.476800000000000e+00,  2.520074462650391e+00,  2.503505154639175e-02
5554        ,  1.662000000000000e+00,  1.180104970431956e+00,  1.091063829787234e-02
5335        ,  4.263500000000000e+00,  4.799592940725593e+00,  4.906310679611650e-02
5262        ,  2.010999999999994e-01,  2.281948081955351e-01,  8.766990291262135e-04
3389        ,  6.611000000000002e-01,  7.571145255414281e-01,  6.451960784313726e-03
5294        ,  0.000000000000000e+00,  1.450232149960943e-01,  0.000000000000000e+00
3498        ,  3.940200000000000e+00,  3.596941168990843e+00,  3.638613861386138e-02
3186        ,  0.000000000000000e+00,  1.450232149960943e-01,  0.000000000000000e+00
5236        ,  1.808000000000001e-01,  1.450232149960943e-01,  0.000000000000000e+00
4171        ,  4.364300000000000e+00,  3.976417319579653e+00,  4.038613861386138e-02
4952        ,  4.310000000000036e-02,  2.608021629818641e-01,  1.220408163265307e-03
4923        ,  2.503000000000000e+00,  3.835244567748690e+00,  3.889805825242719e-02
3108        ,  0.000000000000000e+00,  1.450232149960943e-01,  0.000000000000000e+00
3036        ,  0.000000000000000e+00,  1.518839595815882e+00,  1.448118811881188e-02
4963        ,  4.657000000000000e+00,  5.016410139387259e+00,  5.134854368932039e-02
3719        ,  0.000000000000000e+00,  1.450232149960943e-01,  0.000000000000000e+00
4956        ,  3.796700000000000e+00,  4.197496922182134e+00,  4.271650485436893e-02
5085        ,  0.000000000000000e+00,  1.450232149960943e-01,  0.000000000000000e+00
4434        ,  1.092800000000000e+00,  6.315525639495423e-01,  5.128431372549020e-03
4730        ,  1.903900000000000e+00,  2.079645111442081e+00,  2.039255319148936e-02
3116        ,  0.000000000000000e+00,  1.450232149960943e-01,  0.000000000000000e+00
3131        ,  6.086400000000000e+00,  5.490242424392893e+00,  5.634313725490196e-02
5503        ,  8.586999999999998e-01,  7.266116631811191e-01,  6.130434782608696e-03
4176        ,  4.014700000000000e+00,  3.955350611527284e+00,  4.016407766990291e-02
5628        ,  0.000000000000000e+00,  1.450232149960943e-01,  0.000000000000000e+00
3700        ,  6.755000000000000e-01,  7.840955504195229e-01,  6.736363636363637e-03
4098        ,  2.567200000000000e+00,  3.618243157363437e+00,  3.661067961165049e-02
5849        ,  0.000000000000000e+00,  1.450232149960943e-01,  0.000000000000000e+00
5193        ,  3.476700000000000e+00,  3.347143651010552e+00,  3.375306122448980e-02
3654        ,  0.000000000000000e+00,  1.450232149960943e-01,  0.000000000000000e+00
5797        ,  0.000000000000000e+00,  1.450232149960943e-01,  0.000000000000000e+00
5034        ,  2.416000000000000e-01,  1.450232149960943e-01,  0.000000000000000e+00
3165        ,  1.235000000000000e+00,  1.615183942970190e+00,  1.549673913043478e-02
4031        ,  3.750400000000000e+00,  3.755020362126637e+00,  3.805242718446601e-02
4290        ,  4.068000000000001e-01,  5.242975165686350e-01,  3.997872340425541e-03
4717        ,  0.000000000000000e+00,  1.450232149960943e-01,  0.000000000000000e+00
4492        ,  1.135700000000000e+00,  1.122276312480181e+00,  1.030107526881720e-02
3091        ,  0.000000000000000e+00,  1.450232149960943e-01,  0.000000000000000e+00
3457        ,  2.942700000000000e+00,  2.786045721457873e+00,  2.783861386138614e-02
4753        ,  7.596999999999996e-01,  1.382345451461428e+00,  1.304242424242424e-02
3393        ,  8.523999999999998e-01,  2.663501731426834e-01,  1.278888888888889e-03
3361        ,  0.000000000000000e+00,  1.450232149960943e-01,  0.000000000000000e+00
5651        ,  5.059999999999998e-01,  4.903089401358139e-01,  3.639603960396039e-03
3602        ,  1.873300000000000e+00,  1.166884859118784e+00,  1.077128712871287e-02
3187        ,  0.000000000000000e+00,  1.450232149960943e-01,  0.000000000000000e+00
5049        ,  3.301000000000000e+00,  3.148614518802627e+00,  3.166039603960396e-02
3407        ,  2.927999999999997e-01,  1.450232149960943e-01,  0.000000000000000e+00
2999        ,  1.144500000000000e+00,  1.084696336404624e+00,  9.904950495049504e-03
3723        ,  6.068800000000000e+00,  5.581785690666842e+00,  5.730808080808081e-02
4238        ,  5.243000000000000e+00,  5.088252711586110e+00,  5.210582524271844e-02
3415        ,  1.425400000000000e+00,  1.536940410176130e-01,  9.139784946236746e-05
3990        ,  0.000000000000000e+00,  1.450232149960943e-01,  0.000000000000000e+00
5456        ,  0.000000000000000e+00,  1.450232149960943e-01,  0.000000000000000e+00
5207        ,  0.000000000000000e+00,  1.450232149960943e-01,  0.000000000000000e+00
3922        ,  1.836800000000000e+00,  1.792081210187874e+00,  1.736138613861386e-02
4304        ,  3.197500000000000e+00,  3.596659379770109e+00,  3.638316831683169e-02
4262        ,  2.272100000000000e+00,  1.657401465643732e+00,  1.594174757281553e-02
5623        ,  3.708000000000000e+00,  4.089978375535562e+00,  4.158316831683168e-02
3227        ,  0.000000000000000e+00,  2.900517331865519e-01,  1.528723404255319e-03
4960        ,  0.000000000000000e+00,  1.450232149960943e-01,  0.000000000000000e+00
4293        ,  1.136700000000000e+00,  1.666993633250502e+00,  1.604285714285714e-02
5627        ,  1.765000000000000e+00,  1.523651996124592e+00,  1.453191489361702e-02
3867        ,  1.943600000000000e+00,  1.906547821794881e+00,  1.856796116504855e-02
3283        ,  0.000000000000000e+00,  1.450232149960943e-01,  0.000000000000000e+00
5770        ,  1.462100000000000e+00,  1.052334543132639e+00,  9.563829787234043e-03
4390        ,  2.926900000000000e+00,  3.483849761736158e+00,  3.519405940594059e-02
5266        ,  2.960300000000000e+00,  2.997669426229306e+00,  3.006930693069307e-02
5901        ,  2.864800000000001e+00,  4.010983463989723e+00,  4.075049504950495e-02
2996        ,  0.000000000000000e+00,  1.450232149960943e-01,  0.000000000000000e+00
4358        ,  3.600000000000003e-02,  1.450232149960943e-01,  0.000000000000000e+00
4157        ,  1.256900000000000e+00,  1.746105923086459e+00,  1.687676767676767e-02
5125        ,  9.231000000000000e-01,  1.124992194969624e+00,  1.032970297029703e-02
3533        ,  0.000000000000000e+00,  1.450232149960943e-01,  0.000000000000000e+00
4798        ,  1.230200000000000e+00,  1.158900831197981e+00,  1.068712871287129e-02
5097        ,  1.196899999999999e+00,  1.256399901572036e+00,  1.171485148514852e-02
5017        ,  3.460900000000000e+00,  3.467412057193326e+00,  3.502079207920792e-02
5157        ,  4.291200000000000e+00,  4.252378199931731e+00,  4.329499999999999e-02
3601        ,  2.851500000000000e+00,  2.914554373261857e+00,  2.919320388349515e-02
4977        ,  0.000000000000000e+00,  1.450232149960943e-01,  0.000000000000000e+00
4476        ,  3.099999999999881e-03,  1.450232149960943e-01,  0.000000000000000e+00
3225        ,  2.281000000000004e-01,  1.450232149960943e-01,  0.000000000000000e+00
5439        ,  3.011300000000000e+00,  2.862974178718327e+00,  2.864950495049505e-02
4661        ,  5.475600000000000e+00,  5.081279646594782e+00,  5.203232323232324e-02
5134        ,  2.371200000000000e+00,  2.156340742857034e+00,  2.120099009900990e-02
5729        ,  3.487600000000000e+00,  3.146548064517242e+00,  3.163861386138614e-02
3709        ,  2.167100000000000e+00,  1.825173232756144e+00,  1.771020408163265e-02
3853        ,  0.000000000000000e+00,  1.450232149960943e-01,  0.000000000000000e+00
3365        ,  8.793000000000000e-01,  1.192582010114176e+00,  1.104215686274510e-02
4734        ,  1.172500000000000e+00,  1.344262719894383e+00,  1.264100000000000e-02
3367        ,  2.085999999999997e-01,  3.964261647611815e-01,  2.650000000000002e-03
5375        ,  2.877700000000000e+00,  2.724632086243865e+00,  2.719126213592233e-02
5429        ,  3.010400000000000e+00,  2.735605450946439e+00,  2.730693069306931e-02
3119        ,  7.066900000000000e+00,  6.436812935550768e+00,  6.632079207920792e-02
3232        ,  9.213999999999998e-01,  9.056045804565459e-01,  8.017171717171716e-03
4451        ,  1.030000000000000e-01,  1.450232149960943e-01,  0.000000000000000e+00
4167        ,  1.737100000000000e+00,  1.593795528531197e+00,  1.527128712871287e-02
5109        ,  0.000000000000000e+00,  1.450232149960943e-01,  0.000000000000000e+00
4442        ,  8.890999999999998e-01,  6.993440220658783e-01,  5.843010752688173e-03
3209        ,  2.847000000000008e-01,  1.450232149960943e-01,  0.000000000000000e+00
4987        ,  2.826900000000000e+00,  2.684165104965341e+00,  2.676470588235294e-02
3658        ,  2.646900000000000e+00,  2.238904984532175e+00,  2.207128712871288e-02
5128        ,  4.194100000000000e+00,  4.221720763833798e+00,  4.297184466019417e-02
3810        ,  2.148500000000000e+00,  2.258987962398547e+00,  2.228297872340425e-02
5165        ,  7.931000000000000e-01,  6.142124772730204e-01,  4.945652173913045e-03
3801        ,  0.000000000000000e+00,  1.450232149960943e-01,  0.000000000000000e+00
4708        ,  4.946400000000000e+00,  4.336262154457311e+00,  4.417920792079209e-02
3568        ,  3.916600000000000e+00,  4.465227687813359e+00,  4.553861386138614e-02
3623        ,  2.059900000000000e+00,  1.977418677151813e+00,  1.931500000000000e-02
2981        ,  2.159200000000000e+00,  1.445772590176889e+00,  1.371100000000000e-02
3586        ,  2.156900000000000e+00,  2.097807485926113e+00,  2.058400000000000e-02
5702        ,  3.637999999999995e-01,  4.824593606667327e-01,  3.556862745098039e-03
3761        ,  3.577100000000000e+00,  2.941799648379803e+00,  2.948039215686275e-02
5376        ,  2.012700000000000e+00,  2.037425691707175e+00,  1.994752475247525e-02
4082        ,  2.931300000000000e+00,  2.235711373363853e+00,  2.203762376237624e-02
5459        ,  6.888000000000001e-01,  7.110099375366732e-01,  5.965979381443299e-03
4641        ,  4.323000000000001e-01,  4.360853346229758e-01,  3.068041237113403e-03
3275        ,  0.000000000000000e+00,  1.451241395042299e-01,  1.063829787236288e-06
3725        ,  0.000000000000000e+00,  1.450232149960943e-01,  0.000000000000000e+00
3197        ,  1.631300000000000e+00,  1.720656636004741e+00,  1.660851063829788e-02
3846        ,  4.541999999999993e-01,  6.588041600580035e-01,  5.415686274509804e-03
4243        ,  2.519600000000000e+00,  2.217676863236859e+00,  2.184752475247525e-02
3287        ,  5.146999999999995e-01,  4.936904107846252e-01,  3.675247524752475e-03
4663        ,  1.831000000000000e+00,  1.415881098906784e+00,  1.339591836734694e-02
4399        ,  4.730000000000034e-02,  1.450232149960943e-01,  0.000000000000000e+00
3666        ,  4.611900000000000e+00,  5.743401706522570e+00,  5.901165048543689e-02
3410        ,  2.838900000000000e+00,  2.533468649939726e+00,  2.517623762376237e-02
3101        ,  0.000000000000000e+00,  1.450232149960943e-01,  0.000000000000000e+00
3204        ,  3.863100000000000e+00,  3.157359668123765e+00,  3.175257731958763e-02
3489        ,  2.194900000000000e+00,  2.290117566241176e+00,  2.261111111111111e-02
4697        ,  9.560000000000013e-02,  1.450232149960943e-01,  0.000000000000000e+00
3529        ,  3.656900000000000e+00,  3.740853151219859e+00,  3.790309278350516e-02
5819        ,  0.000000000000000e+00,  1.450232149960943e-01,  0.000000000000000e+00
4996        ,  0.000000000000000e+00,  1.450232149960943e-01,  0.000000000000000e+00
3796        ,  3.416900000000000e+00,  2.975988983078055e+00,  2.984077669902913e-02
4679        ,  0.000000000000000e+00,  9.573151485651529e-01,  8.562244897959186e-03
3591        ,  1.393800000000000e+00,  1.383165080800224e+00,  1.305106382978723e-02
3790        ,  0.000000000000000e+00,  1.450232149960943e-01,  0.000000000000000e+00
3550        ,  2.619400000000000e+00,  1.811618596158784e+00,  1.756732673267327e-02
3677        ,  0.000000000000000e+00,  1.450232149960943e-01,  0.000000000000000e+00
3824        ,  2.338300000000000e+00,  2.391393078275342e+00,  2.367864077669903e-02
3305        ,  0.000000000000000e+00,  1.450232149960943e-01,  0.000000000000000e+00
5556        ,  1.465900000000000e+00,  1.528785038312549e+00,  1.458602150537634e-02
5555        ,  0.000000000000000e+00,  1.450232149960943e-01,  0.000000000000000e+00
3271        ,  0.000000000000000e+00,  1.450232149960943e-01,  0.000000000000000e+00
4810        ,  2.130700000000000e+00,  2.362435583237252e+00,  2.337340425531915e-02
4118        ,  3.832100000000000e+00,  3.770880630328003e+00,  3.821960784313725e-02
3276        ,  1.351600000000000e+00,  8.328747427972635e-01,  7.250537634408603e-03
3826        ,  3.180200000000001e+00,  3.198741370690999e+00,  3.218877551020408e-02
3785        ,  1.859500000000000e+00,  1.706628129373931e+00,  1.646063829787234e-02
3110        ,  0.000000000000000e+00,  1.450232149960943e-01,  0.000000000000000e+00
5313        ,  3.138300000000000e+00,  3.068962099075074e+00,  3.082079207920792e-02
4323        ,  0.000000000000000e+00,  1.450232149960943e-01,  0.000000000000000e+00
4127        ,  2.794999999999999e-01,  3.217683568736003e-01,  1.863043478260872e-03
4516        ,  0.000000000000000e+00,  1.450232149960943e-01,  0.000000000000000e+00
3384        ,  0.000000000000000e+00,  1.450232149960943e-01,  0.000000000000000e+00
4281        ,  2.025100000000000e+00,  1.732007213696386e+00,  1.672815533980582e-02
3345        ,  1.220300000000000e+00,  1.450232149960943e-01,  0.000000000000000e+00
3207        ,  0.000000000000000e+00,  1.450232149960943e-01,  0.000000000000000e+00
4979        ,  1.930300000000000e+00,  1.985873757878206e+00,  1.940412371134021e-02
4894        ,  4.453700000000000e+00,  4.964278221612195e+00,  5.079902912621360e-02
3292        ,  0.000000000000000e+00,  1.450232149960943e-01,  0.000000000000000e+00
3052        ,  4.224600000000000e+00,  4.084906169562345e+00,  4.152970297029702e-02
4213        ,  0.000000000000000e+00,  1.450232149960943e-01,  0.000000000000000e+00
3172        ,  0.000000000000000e+00,  1.450232149960943e-01,  0.000000000000000e+00
3043        ,  8.247000000000004e-01,  1.020636253557701e+00,  9.229702970297030e-03
3947        ,  5.163000000000002e-01,  5.174306921915839e-01,  3.925490196078431e-03
4634        ,  1.984300000000000e+00,  1.712522720200566e+00,  1.652277227722772e-02
5350        ,  5.800999999999998e-01,  6.455796424995820e-01,  5.276288659793815e-03
5760        ,  2.773000000000000e+00,  2.921210617670075e+00,  2.926336633663366e-02
3774        ,  7.475999999999998e-01,  8.184017276697235e-01,  7.097979797979799e-03
3752        ,  3.178199999999999e+00,  3.046877338548728e+00,  3.058800000000000e-02
4664        ,  1.383200000000000e+00,  2.054504610497188e+00,  2.012755102040817e-02
5619        ,  0.000000000000000e+00,  1.450232149960943e-01,  0.000000000000000e+00
3100        ,  1.347000000000000e+00,  1.385789118011742e+00,  1.307872340425532e-02
5526        ,  0.000000000000000e+00,  1.450232149960943e-01,  0.000000000000000e+00
3594        ,  6.517999999999999e-01,  9.006757235598996e-01,  7.965217391304348e-03
3802        ,  3.640600000000001e+00,  3.515909860676498e+00,  3.553200000000000e-02
5479        ,  1.344900000000000e+00,  1.100535634624774e+00,  1.007191011235955e-02
3619        ,  0.000000000000000e+00,  1.450232149960943e-01,  0.000000000000000e+00
4285        ,  0.000000000000000e+00,  1.450232149960943e-01,  0.000000000000000e+00
4250        ,  2.172900000000000e+00,  2.164611609984608e+00,  2.128817204301075e-02
5507        ,  2.815200000000000e+00,  3.181026029987491e+00,  3.200204081632653e-02
3730        ,  5.054000000000003e-01,  6.072677606750659e-01,  4.872448979591833e-03
3432        ,  0.000000000000000e+00,  1.450232149960943e-01,  0.000000000000000e+00
3113        ,  1.532700000000000e+00,  9.732017347340997e-01,  8.729702970297029e-03
3718        ,  0.000000000000000e+00,  1.450232149960943e-01,  0.000000000000000e+00
3638        ,  3.944000000000000e+00,  3.722046463604600e+00,  3.770485436893204e-02
3279        ,  0.000000000000000e+00,  1.450232149960943e-01,  0.000000000000000e+00
5896        ,  0.000000000000000e+00,  1.450232149960943e-01,  0.000000000000000e+00
4801        ,  3.595800000000000e+00,  3.421320824849147e+00,  3.453495145631068e-02
3558        ,  0.000000000000000e+00,  1.450232149960943e-01,  0.000000000000000e+00
4739        ,  2.321700000000000e+00,  1.899348973547385e+00,  1.849207920792079e-02
4610        ,  1.037200000000000e+00,  1.017920371068259e+00,  9.201075268817206e-03
3997        ,  2.932200000000000e+00,  2.808724738061240e+00,  2.807766990291263e-02
3090        ,  0.000000000000000e+00,  1.450232149960943e-01,  0.000000000000000e+00
5333        ,  4.202400000000000e+00,  3.640256458332060e+00,  3.684271844660194e-02
3445        ,  0.000000000000000e+00,  1.450232149960943e-01,  0.000000000000000e+00
5229        ,  4.162100000000001e+00,  4.458558676255981e+00,  4.546831683168317e-02
5025        ,  2.353300000000000e+00,  2.205913544590913e+00,  2.172352941176471e-02
3453        ,  2.586800000000000e+00,  2.524964619230144e+00,  2.508659793814433e-02
5123        ,  5.819999999999992e-02,  9.390398565590048e-01,  8.369607843137254e-03
4215        ,  2.252700000000000e+00,  1.935726762841112e+00,  1.887553191489362e-02
3596        ,  0.000000000000000e+00,  1.450232149960943e-01,  0.000000000000000e+00
5621        ,  2.851700000000000e+00,  3.104448173930841e+00,  3.119484536082474e-02
3040        ,  0.000000000000000e+00,  1.450232149960943e-01,  0.000000000000000e+00
4287        ,  1.774800000000000e+00,  1.773764910840147e+00,  1.716831683168317e-02
4851        ,  0.000000000000000e+00,  1.450232149960943e-01,  0.000000000000000e+00
3896        ,  5.040999999999999e+00,  4.513051604686324e+00,  4.604271844660194e-02
5918        ,  0.000000000000000e+00,  1.450232149960943e-01,  0.000000000000000e+00
4203        ,  1.323500000000000e+00,  1.493651691353386e+00,  1.421568627450980e-02
4291        ,  4.773200000000000e+00,  4.407498287071087e+00,  4.493009708737864e-02
3303        ,  0.000000000000000e+00,  1.450232149960943e-01,  0.000000000000000e+00
4702        ,  4.318700000000000e+00,  3.865806036981532e+00,  3.922020202020202e-02
4584        ,  0.000000000000000e+00,  1.450232149960943e-01,  0.000000000000000e+00
3633        ,  4.639500000000000e+00,  4.153333064450844e+00,  4.225098039215687e-02
4175        ,  6.012000000000000e-01,  4.806921923184024e-01,  3.538235294117647e-03
4340        ,  0.000000000000000e+00,  1.450232149960943e-01,  0.000000000000000e+00
5841        ,  3.369700000000000e+00,  3.244047134891299e+00,  3.266633663366337e-02
4275        ,  3.135000000000000e+00,  2.210132426500401e+00,  2.176800000000000e-02
3674        ,  4.303999999999999e-01,  3.394016236536783e-01,  2.048913043478265e-03
3607        ,  1.498500000000000e+00,  1.417429981154085e+00,  1.341224489795918e-02
5665        ,  1.656300000000000e+00,  1.382735402201232e+00,  1.304653465346535e-02
5145        ,  8.130000000000002e-01,  9.110422914270269e-01,  8.074489795918363e-03
3797        ,  5.508700000000000e+00,  5.360886062494577e+00,  5.497961165048544e-02
4482        ,  1.776600000000000e+00,  2.896225306764971e+00,  2.900000000000000e-02
3313        ,  3.882800000000000e+00,  3.419048573238704e+00,  3.451100000000000e-02
5121        ,  2.568900000000000e+00,  2.702580859332151e+00,  2.695882352941176e-02
3182        ,  0.000000000000000e+00,  1.450232149960943e-01,  0.000000000000000e+00
3672        ,  0.000000000000000e+00,  1.450232149960943e-01,  0.000000000000000e+00
4012        ,  0.000000000000000e+00,  1.450232149960943e-01,  0.000000000000000e+00
4704        ,  7.975000000000003e-01,  9.611009581978376e-01,  8.602150537634412e-03
4019        ,  1.387000000000000e-01,  1.450232149960943e-01,  0.000000000000000e+00
5747        ,  9.680999999999997e-01,  1.450232149960943e-01,  0.000000000000000e+00
3139        ,  1.653300000000000e+00,  1.623466334670425e+00,  1.558404255319149e-02
4534        ,  1.043000000000000e+00,  1.181903074423836e+00,  1.092959183673469e-02
5746        ,  1.736800000000000e+00,  2.397052689527668e+00,  2.373829787234043e-02
4326        ,  3.563700000000000e+00,  4.177915588109753e+00,  4.251010101010101e-02
5163        ,  8.546999999999993e-01,  1.009458614468575e+00,  9.111881188118813e-03
5312        ,  4.080400000000000e+00,  3.844633894016262e+00,  3.899702970297030e-02
5178        ,  1.411000000000000e+00,  8.332827816688639e-01,  7.254838709677415e-03
3001        ,  0.000000000000000e+00,  1.450232149960943e-01,  0.000000000000000e+00
3461        ,  1.653900000000000e+00,  1.656789232562399e+00,  1.593529411764706e-02
3914        ,  1.235300000000000e+00,  2.016750605719220e+00,  1.972959183673470e-02
3054        ,  2.297200000000000e+00,  1.394664479212316e+00,  1.317227722772277e-02
4514        ,  3.202900000000000e+00,  3.078073283878816e+00,  3.091683168316832e-02
3670        ,  5.524000000000000e+00,  5.234411689180873e+00,  5.364646464646464e-02
3961        ,  1.207400000000000e+00,  1.373060638956022e+00,  1.294455445544554e-02
4500        ,  0.000000000000000e+00,  1.450232149960943e-01,  0.000000000000000e+00
5607        ,  9.406000000000001e-01,  5.987489083149095e-01,  4.782653061224491e-03
3685        ,  3.286000000000000e+00,  2.990803928990804e+00,  2.999693877551021e-02
4208        ,  9.359000000000002e-01,  6.853070808839254e-01,  5.695049504950495e-03
5271        ,  0.000000000000000e+00,  1.450232149960943e-01,  0.000000000000000e+00
5671        ,  3.270300000000000e+00,  2.424205340039918e+00,  2.402450980392157e-02
4172        ,  2.572000000000000e+00,  1.821928324448047e+00,  1.767599999999999e-02
4546        ,  3.642200000000000e+00,  5.053805119275379e+00,  5.174271844660194e-02
5822        ,  0.000000000000000e+00,  1.450232149960943e-01,  0.000000000000000e+00
3252        ,  4.925999999999999e-01,  3.005880347939264e-01,  1.639784946236558e-03
4655        ,  5.565700000000001e+00,  5.216875291312753e+00,  5.346161616161616e-02
5883        ,  5.354999999999999e-01,  6.453808812966629e-01,  5.274193548387096e-03
3419        ,  4.336800000000000e+00,  3.891978166618844e+00,  3.949607843137255e-02
3544        ,  0.000000000000000e+00,  1.450232149960943e-01,  0.000000000000000e+00
5684        ,  4.439300000000000e+00,  5.468557814931063e+00,  5.611456310679613e-02
3011        ,  0.000000000000000e+00,  1.450232149960943e-01,  0.000000000000000e+00
3524        ,  1.959900000000000e+00,  1.815109490113241e+00,  1.760412371134020e-02
4360        ,  1.576000000000000e-01,  3.368151560539956e-01,  2.021649484536082e-03
4026        ,  2.560600000000000e+00,  2.541065103689617e+00,  2.525631067961165e-02
5480        ,  2.703000000000000e+00,  2.102143282735811e+00,  2.062970297029703e-02
5208        ,  0.000000000000000e+00,  1.450232149960943e-01,  0.000000000000000e+00
5334        ,  2.209999999999979e-02,  1.450232149960943e-01,  0.000000000000000e+00
3360        ,  4.618000000000002e-01,  1.450232149960943e-01,  0.000000000000000e+00
3285        ,  0.000000000000000e+00,  1.450232149960943e-01,  0.000000000000000e+00
5246        ,  1.909999999999989e-02,  1.450232149960943e-01,  0.000000000000000e+00
4506        ,  1.594500000000000e+00,  1.780202095804581e+00,  1.723617021276596e-02
4336        ,  0.000000000000000e+00,  1.450232149960943e-01,  0.000000000000000e+00
3829        ,  0.000000000000000e+00,  1.450232149960943e-01,  0.000000000000000e+00
4345        ,  1.651000000000000e+00,  1.400585886714684e+00,  1.323469387755102e-02
3021        ,  0.000000000000000e+00,  1.450232149960943e-01,  0.000000000000000e+00
3580        ,  1.859800000000000e+00,  1.462387821928784e+00,  1.388613861386138e-02
4284        ,  2.943400000000000e+00,  2.703166815152913e+00,  2.696500000000000e-02
5632        ,  2.338000000000005e-01,  1.450232149960943e-01,  0.000000000000000e+00
4033        ,  5.497999999999998e-01,  8.540240636982491e-01,  7.473469387755099e-03
5362        ,  1.485500000000000e+00,  1.108930209387771e+00,  1.016039603960396e-02
3554        ,  3.720300000000000e+00,  3.415468910837977e+00,  3.447326732673268e-02
3758        ,  0.000000000000000e+00,  1.450232149960943e-01,  0.000000000000000e+00
3349        ,  2.150700000000000e+00,  1.091853414259352e+00,  9.980392156862743e-03
4688        ,  2.151000000000000e+00,  2.285732957054408e+00,  2.256489361702128e-02
5215        ,  1.232400000000000e+00,  1.158476230433405e+00,  1.068265306122449e-02
4896        ,  0.000000000000000e+00,  1.450232149960943e-01,  0.000000000000000e+00
5805        ,  3.861999999999999e-01,  5.289983096382775e-01,  4.047422680412374e-03
4220        ,  1.188700000000000e+00,  1.258863161086618e+00,  1.174081632653061e-02
4868        ,  0.000000000000000e+00,  1.503277203269060e-01,  5.591397849462705e-05
5435        ,  2.611900000000000e+00,  2.635045037813794e+00,  2.624693877551021e-02
5916        ,  9.017999999999997e-01,  1.048063737709170e+00,  9.518811881188121e-03
4232        ,  0.000000000000000e+00,  5.872889760689296e-01,  4.661855670103092e-03
5330        ,  5.059900000000001e+00,  4.609634533761801e+00,  4.706078431372549e-02
3781        ,  1.123700000000000e+00,  1.243384637032803e+00,  1.157765957446808e-02
3926        ,  7.533000000000000e-01,  7.120952368034048e-01,  5.977419354838703e-03
4426        ,  3.982600000000000e+00,  3.782076687013256e+00,  3.833762376237624e-02
3817        ,  2.727700000000000e+00,  2.725461039000006e+00,  2.720000000000000e-02
4074        ,  2.853600000000000e+00,  4.338326784864243e+00,  4.420097087378640e-02
5511        ,  1.303200000000000e+00,  1.429240208289758e+00,  1.353673469387755e-02
4405        ,  3.958000000000000e+00,  3.738775076760423e+00,  3.788118811881188e-02
3184        ,  0.000000000000000e+00,  1.450232149960943e-01,  0.000000000000000e+00
4294        ,  1.687000000000000e+00,  1.545249840865551e+00,  1.475957446808511e-02
4495        ,  0.000000000000000e+00,  1.450232149960943e-01,  0.000000000000000e+00
3188        ,  8.198000000000000e-01,  6.844361888357861e-01,  5.685869565217386e-03
4125        ,  1.822700000000000e+00,  1.602373112470143e+00,  1.536170212765958e-02
4076        ,  3.507100000000000e+00,  3.159440381805738e+00,  3.177450980392157e-02
3597        ,  2.477700000000000e+00,  2.174514149089283e+00,  2.139255319148936e-02
3438        ,  1.828700000000000e+00,  1.804282683445668e+00,  1.749000000000000e-02
4123        ,  0.000000000000000e+00,  1.450232149960943e-01,  0.000000000000000e+00
4731        ,  1.348900000000000e+00,  1.262599264428190e+00,  1.178019801980198e-02
4475        ,  4.044100000000000e+00,  4.067761116567466e+00,  4.134897959183673e-02
4579        ,  0.000000000000000e+00,  1.450232149960943e-01,  0.000000000000000e+00
3063        ,  4.020500000000000e+00,  3.908318257902206e+00,  3.966831683168317e-02
5403        ,  1.062500000000000e+00,  5.612258940206041e-01,  4.387128712871288e-03
4856        ,  4.825800000000000e+00,  3.670018506901263e+00,  3.715643564356436e-02
4602        ,  3.186700000000000e+00,  3.036368479210144e+00,  3.047722772277228e-02
4374        ,  4.502000000000002e-01,  1.450232149960943e-01,  0.000000000000000e+00
2990        ,  0.000000000000000e+00,  1.450232149960943e-01,  0.000000000000000e+00
3430        ,  0.000000000000000e+00,  1.450232149960943e-01,  0.000000000000000e+00
5588        ,  0.000000000000000e+00,  1.450232149960943e-01,  0.000000000000000e+00
4880        ,  0.000000000000000e+00,  1.450232149960943e-01,  0.000000000000000e+00
5514        ,  0.000000000000000e+00,  1.450232149960943e-01,  0.000000000000000e+00
3496        ,  4.153700000000000e+00,  3.982982370065304e+00,  4.045533980582524e-02
5148        ,  0.000000000000000e+00,  1.450232149960943e-01,  0.000000000000000e+00
3509        ,  0.000000000000000e+00,  1.450232149960943e-01,  0.000000000000000e+00
3237        ,  9.591000000000000e-01,  9.296103412400866e-01,  8.270212765957442e-03
3959        ,  2.491400000000000e+00,  1.978907463534692e+00,  1.933069306930693e-02
3070        ,  9.367000000000001e-01,  9.424277537732731e-01,  8.405319148936172e-03
5144        ,  1.861700000000000e+00,  1.212712362603851e+00,  1.125434782608696e-02
4270        ,  7.806999999999999e-01,  9.367569955191346e-01,  8.345544554455443e-03
3754        ,  7.879000000000000e-01,  8.656406805530090e-01,  7.595918367346940e-03
4804        ,  4.575000000000000e-01,  4.725232438952140e-01,  3.452127659574468e-03
4119        ,  3.041100000000000e+00,  2.605907630392171e+00,  2.593980582524271e-02
3816        ,  3.645000000000000e+00,  3.074128234788536e+00,  3.087524752475247e-02
4193        ,  4.166600000000000e+00,  4.016140480310929e+00,  4.080485436893205e-02
3039        ,  1.061300000000000e+00,  1.348519452366205e+00,  1.268586956521740e-02
4671        ,  1.044100000000000e+00,  8.633872165617680e-01,  7.572164948453610e-03
4489        ,  1.591999999999998e-01,  4.240197934531900e-01,  2.940860215053762e-03
3657        ,  7.258000000000000e-01,  7.671489350722343e-01,  6.557731958762886e-03
4703        ,  0.000000000000000e+00,  1.450232149960943e-01,  0.000000000000000e+00
3864        ,  2.564400000000000e+00,  2.486262115922544e+00,  2.467864077669903e-02
4337        ,  0.000000000000000e+00,  1.450232149960943e-01,  0.000000000000000e+00
5030        ,  2.814400000000000e+00,  2.655736901622402e+00,  2.646504854368932e-02
3401        ,  2.284600000000000e+00,  2.049404013436445e+00,  2.007378640776699e-02
4395        ,  9.707000000000000e-01,  5.431638175568009e-01,  4.196739130434791e-03
3783        ,  2.028500000000000e+00,  1.490696502612446e+00,  1.418453608247423e-02
3244        ,  0.000000000000000e+00,  1.450232149960943e-01,  0.000000000000000e+00
4783        ,  0.000000000000000e+00,  1.450232149960943e-01,  0.000000000000000e+00
4549        ,  4.942399999999999e+00,  4.939870168236943e+00,  5.054174757281554e-02
3948        ,  2.504600000000000e+00,  3.073564656347068e+00,  3.086930693069307e-02
3014        ,  1.998000000000002e-01,  1.450232149960943e-01,  0.000000000000000e+00
4713        ,  3.813500000000000e+00,  5.014291704566010e+00,  5.132621359223301e-02
5828        ,  3.484800000000000e+00,  2.888040527046388e+00,  2.891372549019608e-02
3302        ,  1.491900000000000e+00,  1.406136674671335e+00,  1.329320388349515e-02
4858        ,  3.400500000000000e+00,  3.289883899345484e+00,  3.314949494949495e-02
5817        ,  3.843800000000000e+00,  3.861781289929832e+00,  3.917777777777778e-02
4024        ,  4.102000000000000e+00,  4.048743219568115e+00,  4.114851485148514e-02
3491        ,  8.259000000000001e-01,  9.994313726104883e-01,  9.006185567010310e-03
3791        ,  2.952400000000000e+00,  2.408486842625823e+00,  2.385882352941177e-02
5408        ,  2.319000000000000e+00,  1.545327782564903e+00,  1.476039603960396e-02
5318        ,  2.948200000000000e+00,  2.958471012078390e+00,  2.965612244897959e-02
5280        ,  9.822000000000002e-01,  2.584535860960108e-01,  1.195652173913047e-03
3825        ,  1.613500000000001e+00,  1.565567269624510e+00,  1.497373737373737e-02
5053        ,  0.000000000000000e+00,  1.450232149960943e-01,  0.000000000000000e+00
3762        ,  3.050900000000000e+00,  3.046877338548728e+00,  3.058800000000000e-02
3250        ,  1.199900000000000e+00,  1.450232149960943e-01,  0.000000000000000e+00
3012        ,  0.000000000000000e+00,  1.450232149960943e-01,  0.000000000000000e+00
5063        ,  0.000000000000000e+00,  1.450232149960943e-01,  0.000000000000000e+00
3895        ,  0.000000000000000e+00,  1.642845044577993e-01,  2.030303030303053e-04
4129        ,  2.116100000000000e+00,  1.994593730155566e+00,  1.949603960396040e-02
4917        ,  2.182400000000000e+00,  2.151758385529180e+00,  2.115268817204301e-02
5320        ,  0.000000000000000e+00,  1.450232149960943e-01,  0.000000000000000e+00
5692        ,  2.643300000000000e+00,  2.345984888411195e+00,  2.320000000000000e-02
3460        ,  0.000000000000000e+00,  1.450232149960943e-01,  0.000000000000000e+00
4414        ,  0.000000000000000e+00,  1.450232149960943e-01,  0.000000000000000e+00
3363        ,  3.151200000000000e+00,  2.637918521091894e+00,  2.627722772277228e-02
3025        ,  0.000000000000000e+00,  1.450232149960943e-01,  0.000000000000000e+00
3704        ,  2.006600000000000e+00,  2.488581854276785e+00,  2.470309278350516e-02
5803        ,  2.048100000000000e+00,  2.199228295479400e+00,  2.165306122448980e-02
3042        ,  0.000000000000000e+00,  1.450232149960943e-01,  0.000000000000000e+00
4312        ,  5.035999999999996e-01,  4.590303366343105e-01,  3.309900990099010e-03
4974        ,  1.457600000000000e+00,  1.305828385424964e+00,  1.223586956521739e-02
3753        ,  0.000000000000000e+00,  1.450232149960943e-01,  0.000000000000000e+00
5374        ,  2.020000000000000e+00,  1.858019887839692e+00,  1.805643564356435e-02
5835        ,  0.000000000000000e+00,  1.450232149960943e-01,  0.000000000000000e+00
5614        ,  1.138500000000000e+00,  1.160309777301652e+00,  1.070198019801980e-02
4087        ,  0.000000000000000e+00,  1.450232149960943e-01,  0.000000000000000e+00
5415        ,  1.726200000000000e+00,  1.694271803319088e+00,  1.633039215686274e-02
5656        ,  2.185500000000000e+00,  2.218917874350397e+00,  2.186060606060606e-02
5560        ,  3.030600000000000e+00,  2.458794506445146e+00,  2.438910891089109e-02
4422        ,  4.267999999999996e-01,  6.634214514068978e-01,  5.464356435643567e-03
3253        ,  0.000000000000000e+00,  1.450232149960943e-01,  0.000000000000000e+00
4474        ,  1.164100000000000e+00,  9.432923750749274e-01,  8.414432989690725e-03
5360        ,  2.079200000000000e+00,  1.309701837373645e+00,  1.227669902912621e-02
4604        ,  2.293100000000000e+00,  2.549852394844545e+00,  2.534893617021276e-02
4693        ,  4.030700000000000e+00,  3.806691750592735e+00,  3.859708737864077e-02
5703        ,  3.516900000000001e+00,  3.142415155946473e+00,  3.159504950495049e-02
3813        ,  0.000000000000000e+00,  1.450232149960943e-01,  0.000000000000000e+00
5209        ,  1.572700000000000e+00,  1.291612444194543e+00,  1.208602150537634e-02
5328        ,  0.000000000000000e+00,  1.450232149960943e-01,  0.000000000000000e+00
3161        ,  0.000000000000000e+00,  1.450232149960943e-01,  0.000000000000000e+00
3977        ,  3.184500000000000e+00,  3.183994720961485e+00,  3.203333333333334e-02
5496        ,  2.170000000000000e+00,  2.346865116595550e+00,  2.320927835051546e-02
5233        ,  6.469999999999976e-02,  1.450232149960943e-01,  0.000000000000000e+00
3077        ,  2.134800000000000e+00,  1.774140629801126e+00,  1.717227722772277e-02
3239        ,  9.895999999999999e-01,  1.240337915990182e+00,  1.154554455445544e-02
3652        ,  1.815100000000000e+00,  1.724592691822018e+00,  1.665000000000000e-02
3332        ,  0.000000000000000e+00,  1.450232149960943e-01,  0.000000000000000e+00
5833        ,  5.220599999999999e+00,  5.387391366342864e+00,  5.525900000000000e-02
2997        ,  0.000000000000000e+00,  1.450232149960943e-01,  0.000000000000000e+00
5700        ,  2.603800000000000e+00,  2.071991836117245e+00,  2.031188118811882e-02
3412        ,  4.977500000000000e+00,  4.913102716220195e+00,  5.025959595959596e-02
4657        ,  7.240000000000002e-01,  5.441950027486178e-01,  4.207608695652176e-03
5471        ,  2.481200000000000e+00,  1.983134301845706e+00,  1.937524752475248e-02
4615        ,  0.000000000000000e+00,  1.450232149960943e-01,  0.000000000000000e+00
5698        ,  2.943900000000000e+00,  2.881290478066054e+00,  2.884257425742574e-02
4055        ,  1.163999999999996e-01,  3.073338061390309e-01,  1.710891089108909e-03
5843        ,  9.450000000000003e-02,  9.763251357935515e-01,  8.762626262626262e-03
3429        ,  4.021700000000000e+00,  3.710809548465805e+00,  3.758640776699029e-02
3238        ,  0.000000000000000e+00,  1.450232149960943e-01,  0.000000000000000e+00
3757        ,  1.403600000000000e+00,  1.394293552585023e+00,  1.316836734693877e-02
5882        ,  0.000000000000000e+00,  1.450232149960943e-01,  0.000000000000000e+00
5695        ,  2.888000000000000e+00,  1.965475510679693e+00,  1.918910891089109e-02
4715        ,  0.000000000000000e+00,  1.450232149960943e-01,  0.000000000000000e+00
3782        ,  1.082200000000000e+00,  7.009154058054473e-01,  5.859574468085104e-03
5548        ,  0.000000000000000e+00,  1.450232149960943e-01,  0.000000000000000e+00
3230        ,  0.000000000000000e+00,  1.450232149960943e-01,  0.000000000000000e+00
3651        ,  2.001500000000000e+00,  2.036385394584034e+00,  1.993655913978494e-02
4769        ,  1.221900000000000e+00,  1.338455523696276e+00,  1.257978723404255e-02
5682        ,  3.568200000000000e+00,  3.317056989299018e+00,  3.343592233009709e-02
4131        ,  8.060000000000000e-01,  5.654052624628918e-01,  4.431182795698921e-03
3745        ,  2.101100000000000e+00,  1.242137731012938e+00,  1.156451612903226e-02
3293        ,  2.504400000000000e+00,  2.715499790047049e+00,  2.709500000000000e-02
5240        ,  1.568900000000000e+00,  1.097223745861067e+00,  1.003700000000000e-02
4029        ,  2.932100000000001e+00,  2.816457871028955e+00,  2.815918367346939e-02
3226        ,  0.000000000000000e+00,  1.450232149960943e-01,  0.000000000000000e+00
4324        ,  0.000000000000000e+00,  1.770889497208487e-01,  3.379999999999983e-04
4839        ,  2.247100000000000e+00,  1.907990509649902e+00,  1.858316831683168e-02
3316        ,  0.000000000000000e+00,  1.450232149960943e-01,  0.000000000000000e+00
3455        ,  0.000000000000000e+00,  1.450232149960943e-01,  0.000000000000000e+00
3479        ,  2.809000000000000e+00,  2.524075675915251e+00,  2.507722772277228e-02
3194        ,  0.000000000000000e+00,  1.450232149960943e-01,  0.000000000000000e+00
5373        ,  3.522100000000000e+00,  3.067741012451893e+00,  3.080792079207921e-02
3324        ,  2.361700000000000e+00,  2.309954839006886e+00,  2.282021276595745e-02
5728        ,  3.545400000000000e+00,  4.008311482058489e+00,  4.072233009708738e-02
5687        ,  3.023600000000000e+00,  2.845597176773047e+00,  2.846633663366337e-02
5254        ,  4.435099999999999e+00,  5.987359128479614e+00,  6.158316831683168e-02
3620        ,  9.683000000000000e-01,  1.242890312911324e+00,  1.157244897959184e-02
4550        ,  0.000000000000000e+00,  1.450232149960943e-01,  0.000000000000000e+00
3353        ,  1.561700000000000e+00,  1.512017585300168e+00,  1.440927835051547e-02
4091        ,  5.020000000000000e-01,  6.952636333498703e-01,  5.800000000000008e-03
3179        ,  0.000000000000000e+00,  1.450232149960943e-01,  0.000000000000000e+00
4225        ,  6.553999999999998e-01,  3.656441897799080e-01,  2.325531914893616e-03
5741        ,  1.094500000000000e+00,  1.213229018277276e+00,  1.125979381443299e-02
4755        ,  2.301300000000000e+00,  2.272813620760531e+00,  2.242871287128713e-02
5482        ,  9.074999999999998e-01,  9.494934887822215e-01,  8.479797979797980e-03
3710        ,  3.456000000000000e+00,  3.219625402427662e+00,  3.240891089108910e-02
5212        ,  0.000000000000000e+00,  1.450232149960943e-01,  0.000000000000000e+00
4147        ,  2.493800000000000e+00,  2.431832066595870e+00,  2.410490196078432e-02
5595        ,  1.449800000000000e+00,  1.445309861605508e+00,  1.370612244897960e-02
4109        ,  3.027700000000000e+00,  2.813754994830075e+00,  2.813069306930693e-02
4239        ,  4.587000000000003e-01,  5.603805263584013e-01,  4.378217821782179e-03
4805        ,  8.720000000000001e-01,  6.963738029393576e-01,  5.811702127659570e-03
4065        ,  0.000000000000000e+00,  1.450232149960943e-01,  0.000000000000000e+00
4072        ,  9.394999999999998e-01,  9.345026817532607e-01,  8.321782178217822e-03
5492        ,  0.000000000000000e+00,  1.450232149960943e-01,  0.000000000000000e+00
5813        ,  4.605999999999999e-01,  1.450232149960943e-01,  0.000000000000000e+00
5501        ,  0.000000000000000e+00,  1.450232149960943e-01,  0.000000000000000e+00
5626        ,  2.421200000000000e+00,  2.532141173508716e+00,  2.516224489795918e-02
4412        ,  0.000000000000000e+00,  1.450232149960943e-01,  0.000000000000000e+00
4100        ,  0.000000000000000e+00,  1.450232149960943e-01,  0.000000000000000e+00
4901        ,  1.536700000000000e+00,  1.710573156258598e+00,  1.650222222222223e-02
3917        ,  4.013700000000000e+00,  3.842040863914354e+00,  3.896969696969697e-02
4190        ,  0.000000000000000e+00,  1.450232149960943e-01,  0.000000000000000e+00
3963        ,  0.000000000000000e+00,  1.450232149960943e-01,  0.000000000000000e+00
5146        ,  3.059299999999999e+00,  3.108224730497382e+00,  3.123465346534654e-02
3834        ,  0.000000000000000e+00,  1.450232149960943e-01,  0.000000000000000e+00
5337        ,  8.550000000000000e-01,  9.797739411510208e-01,  8.798979591836733e-03
4310        ,  1.386300000000000e+00,  1.408347215354377e+00,  1.331650485436893e-02
5629        ,  8.353000000000002e-01,  9.063702685803438e-01,  8.025242718446603e-03
3775        ,  7.872000000000000e-01,  9.659757862320389e-01,  8.653535353535358e-03
3146        ,  0.000000000000000e+00,  1.450232149960943e-01,  0.000000000000000e+00
4918        ,  1.971800000000000e+00,  1.731657407391491e+00,  1.672446808510638e-02
3936        ,  7.376000000000000e-01,  9.348563559792843e-01,  8.325510204081633e-03
5518        ,  0.000000000000000e+00,  1.450232149960943e-01,  0.000000000000000e+00
4299        ,  3.159100000000000e+00,  2.496836051244272e+00,  2.479009900990099e-02
4645        ,  3.145100000000000e+00,  2.646564849528097e+00,  2.636836734693877e-02
3330        ,  0.000000000000000e+00,  1.450232149960943e-01,  0.000000000000000e+00
4411        ,  0.000000000000000e+00,  1.450232149960943e-01,  0.000000000000000e+00
4587        ,  0.000000000000000e+00,  1.450232149960943e-01,  0.000000000000000e+00
4357        ,  2.144500000000000e+00,  1.450232149960943e-01,  0.000000000000000e+00
5777        ,  6.503000000000001e-01,  7.824850649010222e-01,  6.719387755102042e-03
5478        ,  5.165000000000000e+00,  5.139739888328622e+00,  5.264854368932038e-02
4094        ,  1.604600000000000e+00,  1.298856144162666e+00,  1.216237623762377e-02
4037        ,  1.423100000000000e+00,  1.186704034310428e+00,  1.098019801980198e-02
4780        ,  3.433200000000000e+00,  3.411993510448920e+00,  3.443663366336634e-02
4269        ,  0.000000000000000e+00,  1.450232149960943e-01,  0.000000000000000e+00
4192        ,  2.623400000000000e+00,  2.271098903374786e+00,  2.241063829787234e-02
3151        ,  1.532600000000000e+00,  1.312626446081988e+00,  1.230752688172043e-02
4437        ,  0.000000000000000e+00,  1.450232149960943e-01,  0.000000000000000e+00
3656        ,  2.389100000000000e+00,  2.028972015085146e+00,  1.985841584158416e-02
5062        ,  4.345800000000000e+00,  4.485696163733684e+00,  4.575436893203883e-02
5012        ,  0.000000000000000e+00,  1.450232149960943e-01,  0.000000000000000e+00
4716        ,  3.336500000000000e+00,  3.179047754641928e+00,  3.198118811881188e-02
4389        ,  1.188300000000000e+00,  1.260438880402561e+00,  1.175742574257426e-02
3210        ,  7.141999999999999e-01,  7.825839518724560e-01,  6.720430107526882e-03
4990        ,  3.729400000000000e+00,  3.259639471771927e+00,  3.283069306930693e-02
3051        ,  3.296900000000000e+00,  3.567676059389267e+00,  3.607765957446808e-02
4912        ,  0.000000000000000e+00,  1.450232149960943e-01,  0.000000000000000e+00
3369        ,  0.000000000000000e+00,  1.450232149960943e-01,  0.000000000000000e+00
3466        ,  8.565000000000000e-01,  9.902200958529904e-01,  8.909090909090910e-03
3673        ,  0.000000000000000e+00,  1.450232149960943e-01,  0.000000000000000e+00
3630        ,  3.936000000000000e+00,  3.880100122442075e+00,  3.937087378640777e-02
3988        ,  1.247000000000000e+00,  1.275497999969881e+00,  1.191616161616162e-02
5274        ,  2.598400000000000e+00,  5.042291886551205e+00,  5.162135922330097e-02
4104        ,  3.053999999999999e+00,  3.202430264447537e+00,  3.222765957446808e-02
5253        ,  4.834600000000000e+00,  4.660601547522449e+00,  4.759801980198020e-02
3094        ,  0.000000000000000e+00,  1.450232149960943e-01,  0.000000000000000e+00
5311        ,  0.000000000000000e+00,  1.450232149960943e-01,  0.000000000000000e+00
5039        ,  8.927999999999998e-01,  1.450232149960943e-01,  0.000000000000000e+00
3787        ,  0.000000000000000e+00,  1.450232149960943e-01,  0.000000000000000e+00
3613        ,  5.574700000000000e+00,  5.304395987160001e+00,  5.438415841584159e-02
3295        ,  0.000000000000000e+00,  1.450232149960943e-01,  0.000000000000000e+00
4347        ,  3.522500000000000e+00,  3.903604274173649e+00,  3.961862745098040e-02
3348        ,  0.000000000000000e+00,  1.450232149960943e-01,  0.000000000000000e+00
4407        ,  3.911400000000000e+00,  3.387425867709176e+00,  3.417766990291262e-02
5070        ,  2.822200000000000e+00,  2.454943387095111e+00,  2.434851485148515e-02
4605        ,  8.457000000000000e-01,  6.874674649095550e-01,  5.717821782178219e-03
3548        ,  0.000000000000000e+00,  1.450232149960943e-01,  0.000000000000000e+00
3484        ,  1.768600000000000e+00,  2.193216396859720e+00,  2.158969072164948e-02
4910        ,  0.000000000000000e+00,  1.450232149960943e-01,  0.000000000000000e+00
5542        ,  4.253000000000000e-01,  1.450232149960943e-01,  0.000000000000000e+00
3732        ,  0.000000000000000e+00,  1.450232149960943e-01,  0.000000000000000e+00
4464        ,  2.394400000000000e+00,  1.959370077563783e+00,  1.912475247524752e-02
3440        ,  2.282500000000000e+00,  2.501720397737000e+00,  2.484158415841585e-02
4866        ,  4.522399999999999e+00,  4.061272352589694e+00,  4.128058252427184e-02
3322        ,  0.000000000000000e+00,  1.450232149960943e-01,  0.000000000000000e+00
3256        ,  1.546800000000000e+00,  5.569051259693452e-01,  4.341584158415840e-03
4231        ,  3.127200000000000e+00,  3.162328260878362e+00,  3.180495049504951e-02
5198        ,  3.256600000000000e+00,  3.099207475433886e+00,  3.113960396039604e-02
3940        ,  2.413200000000000e+00,  2.016197570411860e+00,  1.972376237623763e-02
4920        ,  3.948700000000000e+00,  3.569231895618640e+00,  3.609405940594059e-02
4925        ,  4.453400000000000e+00,  5.164976894460013e+00,  5.291456310679611e-02
5137        ,  3.959000000000001e-01,  5.603387798071814e-01,  4.377777777777778e-03
3038        ,  0.000000000000000e+00,  1.450232149960943e-01,  0.000000000000000e+00
4382        ,  1.551700000000000e+00,  1.533052104812316e+00,  1.463100000000000e-02
3812        ,  9.600000000000053e-03,  1.450232149960943e-01,  0.000000000000000e+00
5842        ,  5.800000000000005e-02,  1.450232149960943e-01,  0.000000000000000e+00
3141        ,  3.993400000000000e+00,  3.774938026754654e+00,  3.826237623762376e-02
3939        ,  0.000000000000000e+00,  1.450232149960943e-01,  0.000000000000000e+00
4383        ,  5.411300000000000e+00,  5.049015614462123e+00,  5.169223300970874e-02
3396        ,  2.201400000000000e+00,  2.384538050518888e+00,  2.360638297872341e-02
4011        ,  0.000000000000000e+00,  1.450232149960943e-01,  0.000000000000000e+00
3624        ,  1.820700000000000e+00,  1.671552275319264e+00,  1.609090909090909e-02
5603        ,  1.377800000000001e+00,  1.602939920818863e+00,  1.536767676767677e-02
3267        ,  2.079300000000000e+00,  8.960024800310245e-01,  7.915957446808506e-03
5256        ,  1.496700000000000e+00,  1.532533352840500e+00,  1.462553191489362e-02
4496        ,  1.123700000000000e+00,  4.989504762383314e-01,  3.730693069306931e-03
5524        ,  0.000000000000000e+00,  1.450232149960943e-01,  0.000000000000000e+00
5810        ,  1.667300000000000e+00,  1.826551404863286e+00,  1.772473118279570e-02
4773        ,  2.457200000000000e+00,  2.126680831481108e+00,  2.088834951456311e-02
4813        ,  4.401000000000000e+00,  3.417813359203075e+00,  3.449797979797980e-02
4227        ,  4.606999999999999e-01,  1.048291446170369e+00,  9.521212121212123e-03
5086        ,  4.665000000000000e+00,  4.006005187756752e+00,  4.069801980198020e-02
3760        ,  3.901500000000000e+00,  3.554766715620948e+00,  3.594158415841584e-02
4553        ,  3.322600000000000e+00,  3.215116774895914e+00,  3.236138613861386e-02
4307        ,  0.000000000000000e+00,  1.450232149960943e-01,  0.000000000000000e+00
3411        ,  0.000000000000000e+00,  1.450232149960943e-01,  0.000000000000000e+00
3019        ,  3.700100000000000e+00,  2.542767694223957e+00,  2.527425742574257e-02
3736        ,  4.481999999999999e-01,  7.132173437003083e-01,  5.989247311827962e-03
5317        ,  4.574800000000001e+00,  4.239915858168076e+00,  4.316363636363636e-02
3449        ,  5.802000000000000e-01,  6.716412429757161e-01,  5.551000000000001e-03
4770        ,  2.630999999999999e-01,  7.954990003993381e-01,  6.856565656565655e-03
5394        ,  6.362999999999999e-01,  1.409813312783336e+00,  1.333195876288660e-02
3622        ,  0.000000000000000e+00,  1.450232149960943e-01,  0.000000000000000e+00
4439        ,  0.000000000000000e+00,  1.450232149960943e-01,  0.000000000000000e+00
3560        ,  1.123000000000000e+00,  3.758712066042875e-01,  2.433333333333335e-03
4365        ,  4.376200000000001e+00,  4.938396474448249e+00,  5.052621359223301e-02
5697        ,  1.888100000000000e+00,  1.398252785046716e+00,  1.321010101010101e-02
5184        ,  1.397900000000000e+00,  1.429109179109746e+00,  1.353535353535353e-02
5874        ,  4.438800000000000e+00,  4.988409957402064e+00,  5.105339805825242e-02
3534        ,  0.000000000000000e+00,  5.891919752996463e-01,  4.681914893617023e-03
4965        ,  2.943700000000000e+00,  2.669197124593397e+00,  2.660693069306931e-02
5122        ,  0.000000000000000e+00,  1.450232149960943e-01,  0.000000000000000e+00
5199        ,  0.000000000000000e+00,  1.479814968152005e-01,  3.118279569892368e-05
5599        ,  1.938499999999999e+00,  1.993404599011025e+00,  1.948350515463918e-02
4563        ,  0.000000000000000e+00,  1.450232149960943e-01,  0.000000000000000e+00
5191        ,  2.255300000000000e+00,  2.259773801772572e+00,  2.229126213592233e-02
