# c0 + a0 * ((min:vdw_radius * mp_bandgap) / (min:atomic_radius_rahm + min:vdw_radius))
# Property Label: $bandgap$; Unit of the Property: eV
# RMSE: 0.449832415423837; Max AE: 4.59166668800212
# Coefficients
# Task   a0                      c0
# all ,  2.094086746115997e+00,  1.357875457496105e-01, 
# Feature Rung, Units, and Expressions
# 0;  2; eV;                                               20|0|mult|26|20|add|div; ((min:vdw_radius * mp_bandgap) / (min:atomic_radius_rahm + min:vdw_radius)); $\left(\frac{ \left(min:vdw_{radius} mp_{bandgap}\right) }{ \left(min:atomic_{radius, rahm} + min:vdw_{radius}\right) } \right)$; ((min:vdw_radius .* mp_bandgap) ./ (min:atomic_radius_rahm + min:vdw_radius)); min:vdw_radius,mp_bandgap,min:atomic_radius_rahm,min:vdw_radius
# Number of Samples Per Task
# Task, n_samples               
# all , 1016                  

# Sample ID , Property Value        ,  Property Value (EST) ,  Feature 0 Value      
3577        ,  5.216900000000000e+00,  5.025629386050106e+00,  2.335071290322580e+00
3033        ,  0.000000000000000e+00,  1.269944927446035e+00,  5.416000000000000e-01
3404        ,  2.820000000000000e-02,  1.357875457496105e-01,  0.000000000000000e+00
5293        ,  2.833800000000000e+00,  2.759939999476220e+00,  1.253125000000000e+00
3707        ,  1.609999999999999e+00,  1.772018526101417e+00,  7.813577844311377e-01
4870        ,  2.521100000000000e+00,  2.552856072155790e+00,  1.154235148514851e+00
5647        ,  3.195000000000000e+00,  2.935058003620170e+00,  1.336750000000000e+00
4329        ,  2.076200000000000e+00,  1.600574649952851e+00,  6.994873096446700e-01
3574        ,  2.645500000000000e+00,  2.471999992345937e+00,  1.115623529411765e+00
3908        ,  1.994499999999999e+00,  1.742173806852522e+00,  7.671058823529412e-01
4303        ,  0.000000000000000e+00,  1.357875457496105e-01,  0.000000000000000e+00
4042        ,  1.349900000000000e+00,  1.499548251805203e+00,  6.512436548223349e-01
3447        ,  1.737800000000000e+00,  1.637910045740783e+00,  7.173162729658793e-01
3615        ,  3.120000000000012e-02,  1.501702852573654e-01,  6.868263473053960e-03
4735        ,  0.000000000000000e+00,  1.357875457496105e-01,  0.000000000000000e+00
4750        ,  9.359000000000002e-01,  2.809716873075540e-01,  6.933052884615382e-02
4420        ,  0.000000000000000e+00,  1.357875457496105e-01,  0.000000000000000e+00
4136        ,  0.000000000000000e+00,  1.357875457496105e-01,  0.000000000000000e+00
3925        ,  4.481500000000000e+00,  4.359822273508842e+00,  2.017125000000000e+00
4443        ,  2.707600000000000e+00,  2.881948268291469e+00,  1.311388235294118e+00
4617        ,  2.861800000000000e+00,  2.871798106651472e+00,  1.306541176470588e+00
3836        ,  2.259999999999995e-02,  2.106053387756862e-01,  3.572812500000005e-02
5832        ,  3.573500000000000e+00,  3.598486301169033e+00,  1.653560322580645e+00
4913        ,  1.940700000000000e+00,  1.735634093892863e+00,  7.639829396325459e-01
4046        ,  0.000000000000000e+00,  6.727606600830727e-01,  2.564235294117648e-01
4558        ,  0.000000000000000e+00,  1.357875457496105e-01,  0.000000000000000e+00
4191        ,  1.821500000000000e+00,  2.291449219810533e+00,  1.029404191616766e+00
4525        ,  1.162800000000000e+00,  1.581064659463343e+00,  6.901706036745405e-01
3086        ,  1.589400000000000e+00,  1.482408505075498e+00,  6.430588235294118e-01
5751        ,  5.041900000000000e+00,  4.746006770938400e+00,  2.201541666666667e+00
5102        ,  3.760100000000000e+00,  3.938986832623054e+00,  1.816161290322581e+00
5500        ,  1.070000000000002e-01,  2.463553259445352e-01,  5.280000000000003e-02
3022        ,  0.000000000000000e+00,  1.357875457496105e-01,  0.000000000000000e+00
3170        ,  1.528999999999998e-01,  1.357875457496105e-01,  0.000000000000000e+00
4533        ,  1.544200000000000e+00,  1.459841640846765e+00,  6.322823529411764e-01
5493        ,  0.000000000000000e+00,  8.694726285093678e-01,  3.503604060913704e-01
5095        ,  9.836999999999998e-01,  6.655750036449413e-01,  2.529921259842520e-01
5258        ,  3.733000000000000e-01,  8.407719472174224e-01,  3.366548223350251e-01
3559        ,  4.266400000000000e+00,  5.106800466571302e+00,  2.373833333333333e+00
3426        ,  3.814500000000001e+00,  3.888982266341322e+00,  1.792282352941176e+00
4705        ,  2.014900000000000e+00,  1.934290956098841e+00,  8.588485714285715e-01
5717        ,  8.259000000000003e-01,  4.323080170524530e+00,  1.999579354838710e+00
5108        ,  2.033300000000000e+00,  1.964898012178040e+00,  8.734645161290323e-01
4721        ,  2.367300000000000e+00,  3.295660016115878e+00,  1.508950131233596e+00
4062        ,  5.457999999999998e-01,  3.213796989393354e-01,  8.862677419354839e-02
3907        ,  1.832000000000000e+00,  1.124600886907752e+00,  4.721931137724551e-01
3583        ,  1.527200000000000e+00,  1.587844493320300e+00,  6.934082125603866e-01
5228        ,  8.589000000000000e-01,  1.010036818556913e+00,  4.174847457627122e-01
3315        ,  3.259000000000000e+00,  3.839315455986382e+00,  1.768564705882353e+00
3201        ,  0.000000000000000e+00,  5.395104625896385e-01,  1.927918781725887e-01
5331        ,  1.814300000000000e+00,  1.239691533043323e+00,  5.271529411764704e-01
3126        ,  0.000000000000000e+00,  1.357875457496105e-01,  0.000000000000000e+00
5676        ,  4.641999999999999e-01,  1.357875457496105e-01,  0.000000000000000e+00
3598        ,  9.411999999999998e-01,  1.048907912314826e+00,  4.360470588235292e-01
5120        ,  8.623000000000001e-01,  1.950244617026383e+00,  8.664670050761423e-01
4710        ,  0.000000000000000e+00,  1.357875457496105e-01,  0.000000000000000e+00
3178        ,  0.000000000000000e+00,  1.357875457496105e-01,  0.000000000000000e+00
5371        ,  4.331500000000000e+00,  3.724707320187187e+00,  1.713835294117647e+00
4218        ,  2.750400000000000e+00,  2.895646059242534e+00,  1.317929411764706e+00
5277        ,  4.523999999999999e-01,  8.979365760771931e-01,  3.639529411764708e-01
3755        ,  1.748400000000000e+00,  1.484459609315185e+00,  6.440382978723405e-01
3400        ,  6.249000000000002e-01,  3.350831324011771e-01,  9.517064516129031e-02
5825        ,  2.044100000000000e+00,  2.082554757782249e+00,  9.296497461928933e-01
3969        ,  2.773000000000000e+00,  1.906941479299861e+00,  8.457882352941176e-01
3495        ,  1.237600000000000e+00,  4.404417600456648e-01,  1.454830917874396e-01
3278        ,  1.245800000000000e+00,  8.640829597269547e-01,  3.477866498740554e-01
4278        ,  7.349000000000001e-01,  1.357875457496105e-01,  0.000000000000000e+00
3966        ,  1.750200000000000e+00,  9.411971047461201e-01,  3.846113636363638e-01
4647        ,  3.913400000000000e+00,  3.451861161838714e+00,  1.583541666666667e+00
4958        ,  3.220400000000000e+00,  3.255336253281282e+00,  1.489694117647059e+00
4890        ,  2.595300000000000e+00,  2.670156030236496e+00,  1.210250000000000e+00
3933        ,  3.733600000000000e+00,  3.410311951241446e+00,  1.563700458715596e+00
4837        ,  2.507100000000000e+00,  2.476627513449610e+00,  1.117833333333333e+00
4994        ,  3.688700000000000e+00,  4.318639594015004e+00,  1.997458823529412e+00
4339        ,  0.000000000000000e+00,  1.357875457496105e-01,  0.000000000000000e+00
4325        ,  2.300000000000000e-01,  4.821666688002115e+00,  2.237671935483871e+00
5893        ,  4.026400000000000e+00,  3.718201102269507e+00,  1.710728346456693e+00
4950        ,  1.466200000000001e+00,  1.024862869206483e+00,  4.245647058823530e-01
4450        ,  5.732999999999999e-01,  3.540083925060333e-01,  1.042081218274112e-01
4947        ,  8.538999999999999e-01,  8.810646840186778e-01,  3.558960199004976e-01
4749        ,  2.372800000000001e+00,  2.403407882956972e+00,  1.082868387096774e+00
5135        ,  1.470899999999999e+00,  1.357875457496105e-01,  0.000000000000000e+00
3721        ,  1.803700000000000e+00,  1.636082529092270e+00,  7.164435695538058e-01
4840        ,  3.246200000000000e+00,  3.380094550720474e+00,  1.549270588235294e+00
4848        ,  7.781000000000002e-01,  7.146293978945087e-01,  2.764173228346457e-01
5490        ,  2.288300000000000e+00,  2.057393827182977e+00,  9.176345177664975e-01
5388        ,  1.719900000000000e+00,  1.579049138983892e+00,  6.892081218274113e-01
3448        ,  1.538000000000000e+00,  9.656579370576326e-01,  3.962922705314010e-01
4846        ,  0.000000000000000e+00,  1.357875457496105e-01,  0.000000000000000e+00
5732        ,  5.205000000000001e-01,  3.998365851709396e-01,  1.260926940639271e-01
4953        ,  2.663900000000000e+00,  2.511751558990434e+00,  1.134606299212598e+00
3082        ,  3.936999999999999e-01,  1.357875457496105e-01,  0.000000000000000e+00
4256        ,  2.726200000000000e+00,  2.752279968092785e+00,  1.249467065868263e+00
4685        ,  7.060000000000000e-01,  5.979585604340657e-01,  2.207028985507243e-01
5625        ,  8.441999999999998e-01,  1.062014431714046e+00,  4.423058823529412e-01
3965        ,  4.246200000000000e+00,  3.604876285680032e+00,  1.656611764705882e+00
4444        ,  9.563000000000001e-01,  3.233298182641126e-01,  8.955802469135807e-02
3422        ,  9.169000000000000e-01,  8.555049636139547e-01,  3.436903553299492e-01
5724        ,  0.000000000000000e+00,  1.357875457496105e-01,  0.000000000000000e+00
5875        ,  4.952999999999994e-01,  3.547551104493632e-01,  1.045647058823529e-01
4937        ,  0.000000000000000e+00,  1.357875457496105e-01,  0.000000000000000e+00
4070        ,  7.039999999999997e-01,  1.357875457496105e-01,  0.000000000000000e+00
4121        ,  1.252800000000000e+00,  1.076303494216955e+00,  4.491294117647059e-01
3358        ,  0.000000000000000e+00,  1.357875457496105e-01,  0.000000000000000e+00
5476        ,  0.000000000000000e+00,  1.357875457496105e-01,  0.000000000000000e+00
4178        ,  2.596900000000000e+00,  2.041144723871903e+00,  9.098750000000000e-01
4700        ,  7.430000000000003e-02,  1.357875457496105e-01,  0.000000000000000e+00
5159        ,  2.832700000000000e+00,  2.563210580409098e+00,  1.159179790026247e+00
4672        ,  6.372000000000000e-01,  6.356090975755088e-01,  2.386823529411765e-01
5909        ,  1.706400000000000e+00,  1.417655641185520e+00,  6.121370558375635e-01
3034        ,  1.700700000000000e+00,  1.953593029843776e+00,  8.680659898477158e-01
3339        ,  0.000000000000000e+00,  1.773078646852912e-01,  1.982741116751274e-02
4575        ,  2.957400000000000e+00,  2.171501623817625e+00,  9.721250000000001e-01
5696        ,  0.000000000000000e+00,  1.357875457496105e-01,  0.000000000000000e+00
3504        ,  0.000000000000000e+00,  1.357875457496105e-01,  0.000000000000000e+00
5474        ,  0.000000000000000e+00,  1.357875457496105e-01,  0.000000000000000e+00
4069        ,  2.483500000000000e+00,  2.488752686314865e+00,  1.123623529411765e+00
3708        ,  3.914400000000000e+00,  3.314984108896874e+00,  1.518178064516129e+00
3778        ,  4.467100000000000e+00,  3.950341061028742e+00,  1.821583333333333e+00
3067        ,  0.000000000000000e+00,  8.802969747804981e-01,  3.555294117647059e-01
3245        ,  0.000000000000000e+00,  1.357875457496105e-01,  0.000000000000000e+00
3972        ,  9.501000000000001e-01,  5.874830685229405e-01,  2.157004830917875e-01
5077        ,  1.153900000000000e+00,  1.243826378671272e+00,  5.291274752475247e-01
4802        ,  0.000000000000000e+00,  1.357875457496105e-01,  0.000000000000000e+00
3793        ,  0.000000000000000e+00,  1.357875457496105e-01,  0.000000000000000e+00
5431        ,  0.000000000000000e+00,  1.357875457496105e-01,  0.000000000000000e+00
5297        ,  1.494600000000000e+00,  1.638504194762450e+00,  7.176000000000000e-01
3520        ,  8.754999999999997e-01,  9.591227677919762e-01,  3.931714975845413e-01
4859        ,  0.000000000000000e+00,  1.357875457496105e-01,  0.000000000000000e+00
5160        ,  4.105000000000000e+00,  4.061012082626120e+00,  1.874432634730539e+00
5202        ,  3.249999999999975e-02,  1.859961610403446e-01,  2.397637795275596e-02
3573        ,  2.447999999999999e-01,  6.140365650110565e-01,  2.283807106598986e-01
4237        ,  0.000000000000000e+00,  1.357875457496105e-01,  0.000000000000000e+00
5749        ,  1.189500000000000e+00,  1.095257529396307e+00,  4.581806295399516e-01
4112        ,  5.923999999999998e-01,  1.357875457496105e-01,  0.000000000000000e+00
3399        ,  0.000000000000000e+00,  1.357875457496105e-01,  0.000000000000000e+00
5658        ,  1.245900000000000e+00,  1.416299605836854e+00,  6.114895013123360e-01
5582        ,  0.000000000000000e+00,  6.224424204425950e-01,  2.323948019801981e-01
5068        ,  2.732000000000000e+00,  2.638352256657823e+00,  1.195062580645161e+00
4409        ,  2.585300000000000e+00,  2.297673429810446e+00,  1.032376470588235e+00
4907        ,  3.617400000000000e+00,  3.720568419324275e+00,  1.711858823529412e+00
5719        ,  2.343600000000000e+00,  1.977499884486640e+00,  8.794823529411764e-01
3741        ,  4.134000000000000e+00,  3.727320822567389e+00,  1.715083333333333e+00
3665        ,  1.944300000000001e+00,  2.022535067685464e+00,  9.009882352941176e-01
5189        ,  6.053000000000002e-01,  4.937807103978061e-01,  1.709543147208121e-01
4673        ,  1.365500000000000e+00,  1.234368720392575e+00,  5.246111111111111e-01
3508        ,  5.225600000000000e+00,  4.921539486379130e+00,  2.285364705882353e+00
4472        ,  1.962400000000000e+00,  1.662056511577590e+00,  7.288470588235294e-01
3173        ,  0.000000000000000e+00,  1.357875457496105e-01,  0.000000000000000e+00
3772        ,  6.627000000000001e-01,  3.316955199274269e-01,  9.355294117647052e-02
3941        ,  1.333200000000000e+00,  1.048182204020546e+00,  4.357005076142132e-01
3998        ,  5.336600000000000e+00,  4.825410829194748e+00,  2.239459894459103e+00
4086        ,  1.453300000000000e+00,  6.988949126975736e-01,  2.689035532994922e-01
3485        ,  1.129800000000000e+00,  1.313600477023888e+00,  5.624470588235293e-01
3689        ,  1.522999999999999e-01,  7.293762428648691e-01,  2.834594594594593e-01
4565        ,  1.903700000000000e+00,  2.109256968642540e+00,  9.424009900990098e-01
4165        ,  0.000000000000000e+00,  1.357875457496105e-01,  0.000000000000000e+00
3686        ,  1.206600000000000e+00,  1.073495956610463e+00,  4.477887139107611e-01
4416        ,  8.491000000000000e-01,  1.062408612748609e+00,  4.424941176470588e-01
3600        ,  1.261000000000001e-01,  2.761215873380792e-01,  6.701443569553792e-02
5130        ,  3.741200000000000e+00,  3.124566695065004e+00,  1.427247058823530e+00
4052        ,  2.301500000000000e+00,  1.999801126723808e+00,  8.901319796954315e-01
3337        ,  0.000000000000000e+00,  1.357875457496105e-01,  0.000000000000000e+00
3662        ,  2.304500000000000e+00,  2.457021113032543e+00,  1.108470588235294e+00
4931        ,  7.595999999999998e-01,  9.917428986390192e-01,  4.087487562189054e-01
4038        ,  0.000000000000000e+00,  3.542953993189530e-01,  1.043451776649747e-01
4741        ,  0.000000000000000e+00,  1.357875457496105e-01,  0.000000000000000e+00
4531        ,  8.411000000000000e-01,  9.483614299398294e-01,  3.880325806451612e-01
4586        ,  1.556100000000000e+00,  1.843842316502204e+00,  8.156561679790026e-01
5773        ,  3.998000000000000e+00,  3.734744937192890e+00,  1.718628608923884e+00
3637        ,  3.929200000000000e+00,  3.396106102223375e+00,  1.556916666666667e+00
3000        ,  0.000000000000000e+00,  1.358832146872505e-01,  4.568527918791367e-05
3231        ,  1.677200000000000e+00,  1.589477053186632e+00,  6.941878172588832e-01
4392        ,  4.559800000000000e+00,  4.986564985898475e+00,  2.316416666666667e+00
3459        ,  2.935700000000000e+00,  2.800254248878285e+00,  1.272376470588235e+00
3897        ,  3.892500000000000e+00,  3.355445917902956e+00,  1.537500000000000e+00
3858        ,  3.167000000000000e-01,  3.173079121658771e-01,  8.668235294117646e-02
5355        ,  1.801200000000000e+00,  1.242253709767983e+00,  5.283764705882352e-01
4547        ,  3.463000000000000e+00,  2.309330463522877e+00,  1.037943113772455e+00
3537        ,  2.426400000000000e+00,  2.651253817813467e+00,  1.201223529411765e+00
3521        ,  0.000000000000000e+00,  1.357875457496105e-01,  0.000000000000000e+00
5437        ,  3.014500000000000e+00,  2.882325441228067e+00,  1.311568348623853e+00
3788        ,  7.426000000000001e-01,  6.627320542697229e-01,  2.516345177664973e-01
5299        ,  3.388300000000000e+00,  2.700526447133843e+00,  1.224752941176471e+00
5510        ,  3.329200000000000e+00,  3.443914813205560e+00,  1.579747005988024e+00
4560        ,  4.276800000000000e+00,  3.819212223223670e+00,  1.758964705882353e+00
3975        ,  1.985400000000000e+00,  1.855303763772107e+00,  8.211294117647061e-01
4984        ,  0.000000000000000e+00,  1.357875457496105e-01,  0.000000000000000e+00
4289        ,  4.016000000000002e-01,  3.089315651814131e-01,  8.268235294117646e-02
3251        ,  0.000000000000000e+00,  1.357875457496105e-01,  0.000000000000000e+00
5409        ,  5.116999999999998e-01,  1.357875457496105e-01,  0.000000000000000e+00
3822        ,  1.651400000000000e+00,  1.094390300900578e+00,  4.577664974619288e-01
3675        ,  1.858500000000000e+00,  1.934909177586464e+00,  8.591437939110070e-01
4096        ,  3.949999999999998e-02,  1.413623914544252e+00,  6.102117647058823e-01
5417        ,  2.387700000000000e+00,  2.491117772522244e+00,  1.124752941176471e+00
4039        ,  6.776000000000000e-01,  8.508319424469128e-01,  3.414588235294118e-01
3789        ,  4.554000000000000e+00,  3.980879826076268e+00,  1.836166666666667e+00
3842        ,  2.475500000000000e+00,  2.577541964350184e+00,  1.166023529411765e+00
5072        ,  9.227000000000000e-01,  9.490784857724111e-01,  3.883750000000001e-01
4751        ,  0.000000000000000e+00,  1.357875457496105e-01,  0.000000000000000e+00
5535        ,  1.533700000000000e+00,  1.334685983493698e+00,  5.725161290322581e-01
5543        ,  4.231000000000000e-01,  7.651286707767164e-01,  3.005325000000000e-01
3148        ,  4.490000000000016e-02,  1.357875457496105e-01,  0.000000000000000e+00
3690        ,  2.423100000000000e+00,  2.336894442749465e+00,  1.051105882352941e+00
3950        ,  0.000000000000000e+00,  1.357875457496105e-01,  0.000000000000000e+00
3875        ,  2.401300000000000e+00,  2.512403548388646e+00,  1.134917647058824e+00
3249        ,  0.000000000000000e+00,  1.357875457496105e-01,  0.000000000000000e+00
4814        ,  2.224100000000000e+00,  2.093147878067117e+00,  9.347083333333331e-01
5735        ,  0.000000000000000e+00,  1.357875457496105e-01,  0.000000000000000e+00
3678        ,  5.503999999999998e-01,  3.339398447536244e-01,  9.462468513853900e-02
3628        ,  1.788400000000000e+00,  1.552424429455847e+00,  6.764938875305624e-01
5400        ,  3.421000000000000e+00,  3.275636576561276e+00,  1.499388235294117e+00
4007        ,  2.537700000000000e+00,  2.240221544022886e+00,  1.004941176470588e+00
4743        ,  0.000000000000000e+00,  1.357875457496105e-01,  0.000000000000000e+00
3683        ,  2.536900000000000e+00,  2.340244981543251e+00,  1.052705882352941e+00
3502        ,  0.000000000000000e+00,  1.357875457496105e-01,  0.000000000000000e+00
3819        ,  0.000000000000000e+00,  1.357875457496105e-01,  0.000000000000000e+00
5413        ,  7.898000000000001e-01,  1.991117302510174e+00,  8.859851485148514e-01
5279        ,  2.576100000000000e+00,  2.679733397560645e+00,  1.214823529411765e+00
4369        ,  2.673600000000000e+00,  3.247862211321247e+00,  1.486125000000000e+00
4246        ,  3.542900000000000e+00,  3.509484475315783e+00,  1.611058823529412e+00
4229        ,  6.249999999999996e-01,  3.854026858866374e-01,  1.192000000000000e-01
3196        ,  0.000000000000000e+00,  1.357875457496105e-01,  0.000000000000000e+00
3284        ,  0.000000000000000e+00,  1.357875457496105e-01,  0.000000000000000e+00
5370        ,  3.720300000000000e+00,  3.815795987590790e+00,  1.757333333333333e+00
4452        ,  1.246100000000000e+00,  8.928122226278736e-01,  3.615058823529412e-01
4940        ,  4.171100000000000e+00,  4.555793891499531e+00,  2.110708333333334e+00
5898        ,  3.282200000000000e+00,  3.276356314573276e+00,  1.499731935483871e+00
5359        ,  1.056300000000000e+00,  1.213953348211604e+00,  5.148620535714286e-01
3390        ,  0.000000000000000e+00,  1.357875457496105e-01,  0.000000000000000e+00
3138        ,  0.000000000000000e+00,  1.357875457496105e-01,  0.000000000000000e+00
5907        ,  7.605000000000004e-01,  8.390065114100228e-01,  3.358117647058825e-01
4686        ,  5.896000000000001e-01,  1.925466362177670e+00,  8.546345177664976e-01
4305        ,  7.780300000000000e+00,  6.865861479635973e+00,  3.213846774193549e+00
3982        ,  9.999999999976694e-05,  1.357875457496105e-01,  0.000000000000000e+00
4511        ,  3.130800000000000e+00,  2.847753063543128e+00,  1.295058823529412e+00
4050        ,  5.382100000000000e+00,  4.700460384210377e+00,  2.179791666666667e+00
4808        ,  8.830000000000001e-01,  6.587932978628996e-01,  2.497536231884056e-01
3472        ,  7.224000000000004e-01,  8.477702843105133e-01,  3.399967741935482e-01
5529        ,  0.000000000000000e+00,  1.357875457496105e-01,  0.000000000000000e+00
3854        ,  3.373500000000000e+00,  3.208822891202846e+00,  1.467482352941176e+00
4487        ,  2.786700000000000e+00,  2.554169182253296e+00,  1.154862204724409e+00
3434        ,  0.000000000000000e+00,  1.357875457496105e-01,  0.000000000000000e+00
3531        ,  4.588000000000001e-01,  4.654291719437639e-01,  1.574154589371980e-01
3569        ,  2.146999999999997e-01,  1.357875457496105e-01,  0.000000000000000e+00
5601        ,  8.203000000000000e-01,  1.193342574718231e+00,  5.050196850393701e-01
3088        ,  1.459500000000000e+00,  9.730532860550267e-01,  3.998238095238094e-01
3655        ,  2.189700000000000e+00,  1.853332858599291e+00,  8.201882352941174e-01
3809        ,  4.851000000000000e+00,  4.257889930112633e+00,  1.968448724489796e+00
5892        ,  1.967200000000000e+00,  2.152680089072236e+00,  9.631370558375635e-01
5281        ,  1.805600000000000e+00,  1.860488268223453e+00,  8.236051948051950e-01
5141        ,  1.826300000000000e+00,  1.428307158081725e+00,  6.172235294117649e-01
4765        ,  2.740200000000000e+00,  2.765295447699965e+00,  1.255682414698163e+00
3860        ,  1.860999999999999e-01,  1.357875457496105e-01,  0.000000000000000e+00
3765        ,  2.134000000000000e+00,  2.001970599141986e+00,  8.911679790026248e-01
4742        ,  2.144300000000000e+00,  1.614152329310110e+00,  7.059711286089237e-01
4331        ,  3.055899999999999e+00,  1.357875457496105e-01,  0.000000000000000e+00
3539        ,  2.172700000000000e+00,  2.238794332931862e+00,  1.004259633027523e+00
3696        ,  2.420000000000000e-02,  1.357875457496105e-01,  0.000000000000000e+00
4181        ,  1.362600000000000e+00,  1.272112800871543e+00,  5.426352357320100e-01
5206        ,  2.109000000000000e+00,  2.243834549976298e+00,  1.006666513761468e+00
5491        ,  9.824000000000006e-01,  1.133940717417554e+00,  4.766532110091742e-01
5467        ,  0.000000000000000e+00,  1.176952594083740e+00,  4.971928934010152e-01
4372        ,  0.000000000000000e+00,  1.357875457496105e-01,  0.000000000000000e+00
5497        ,  0.000000000000000e+00,  1.221362114936143e+00,  5.183999999999997e-01
4944        ,  2.979200000000000e+00,  2.960781649938629e+00,  1.349033944954128e+00
4156        ,  3.097000000000000e+00,  3.267617893235291e+00,  1.495559032258065e+00
4869        ,  2.777500000000000e+00,  4.007928446546932e+00,  1.849083333333333e+00
4961        ,  2.021900000000000e+00,  1.588231915657387e+00,  6.935932203389831e-01
3532        ,  2.109100000000000e+00,  2.023934117523414e+00,  9.016563307493538e-01
3155        ,  0.000000000000000e+00,  1.357875457496105e-01,  0.000000000000000e+00
3515        ,  0.000000000000000e+00,  1.357875457496105e-01,  0.000000000000000e+00
5107        ,  2.169700000000000e+00,  4.034366291716648e+00,  1.861708333333334e+00
3130        ,  0.000000000000000e+00,  1.357875457496105e-01,  0.000000000000000e+00
3202        ,  0.000000000000000e+00,  1.357875457496105e-01,  0.000000000000000e+00
4535        ,  1.017200000000000e+00,  8.022173653485759e-01,  3.182436548223347e-01
3006        ,  1.215300000000000e+00,  7.611753911010952e-01,  2.986446700507615e-01
5286        ,  3.213700000000000e+00,  3.292045752884661e+00,  1.507224193548387e+00
3273        ,  3.100000000000014e-02,  1.357875457496105e-01,  0.000000000000000e+00
5787        ,  2.082800000000000e+00,  1.485876631689980e+00,  6.447149758454107e-01
5602        ,  1.740300000000000e+00,  1.524782966291021e+00,  6.632941176470588e-01
3424        ,  0.000000000000000e+00,  1.357875457496105e-01,  0.000000000000000e+00
4272        ,  2.407300000000000e+00,  2.523736253132332e+00,  1.140329411764706e+00
5367        ,  0.000000000000000e+00,  1.357875457496105e-01,  0.000000000000000e+00
5269        ,  0.000000000000000e+00,  1.357875457496105e-01,  0.000000000000000e+00
4354        ,  2.761100000000000e+00,  2.730779841536555e+00,  1.239200000000000e+00
3784        ,  2.679300000000000e+00,  2.666626878161424e+00,  1.208564705882353e+00
3538        ,  1.800000000000246e-03,  1.357875457496105e-01,  0.000000000000000e+00
3579        ,  1.574400000000000e+00,  1.400121236424659e+00,  6.037637614678900e-01
3617        ,  2.533399999999999e+00,  2.569071196994625e+00,  1.161978440366972e+00
5391        ,  2.591300000000000e+00,  2.499198483730785e+00,  1.128611764705882e+00
4841        ,  4.640900000000000e+00,  3.754194935809211e+00,  1.727916666666667e+00
3224        ,  0.000000000000000e+00,  1.357875457496105e-01,  0.000000000000000e+00
5396        ,  3.100000000000103e-03,  1.357875457496105e-01,  0.000000000000000e+00
4694        ,  2.325100000000000e+00,  2.865342365697392e+00,  1.303458333333334e+00
4889        ,  0.000000000000000e+00,  1.357875457496105e-01,  0.000000000000000e+00
5472        ,  0.000000000000000e+00,  1.357875457496105e-01,  0.000000000000000e+00
3362        ,  0.000000000000000e+00,  1.357875457496105e-01,  0.000000000000000e+00
3973        ,  2.406300000000000e+00,  2.073285875885452e+00,  9.252235294117647e-01
3659        ,  1.149999999999984e-02,  1.357875457496105e-01,  0.000000000000000e+00
3527        ,  1.341400000000000e+00,  1.318670689590092e+00,  5.648682634730539e-01
3488        ,  3.973200000000000e+00,  3.217199238187310e+00,  1.471482352941176e+00
4400        ,  2.935200000000000e+00,  2.021076392554959e+00,  9.002916666666666e-01
4388        ,  0.000000000000000e+00,  1.357875457496105e-01,  0.000000000000000e+00
4527        ,  2.819700000000000e+00,  2.531619873823593e+00,  1.144094117647059e+00
4177        ,  2.914400000000000e+00,  2.930235445025438e+00,  1.334447058823529e+00
2989        ,  0.000000000000000e+00,  1.357875457496105e-01,  0.000000000000000e+00
4152        ,  0.000000000000000e+00,  1.357875457496105e-01,  0.000000000000000e+00
3751        ,  2.705800000000000e+00,  2.329660902877302e+00,  1.047651612903225e+00
3519        ,  1.893400000000000e+00,  1.324576135032116e+00,  5.676883211678831e-01
2992        ,  0.000000000000000e+00,  1.357875457496105e-01,  0.000000000000000e+00
5838        ,  1.495700000000000e+00,  1.732693452833438e+00,  7.625786802030458e-01
3046        ,  0.000000000000000e+00,  1.357875457496105e-01,  0.000000000000000e+00
3398        ,  1.423800000000000e+00,  1.498178126778275e+00,  6.505893719806765e-01
3215        ,  2.198300000000000e+00,  1.753049728138886e+00,  7.722995169082125e-01
3866        ,  4.189600000000000e+00,  4.315831252823700e+00,  1.996117741935484e+00
4861        ,  0.000000000000000e+00,  1.357875457496105e-01,  0.000000000000000e+00
4013        ,  1.083500000000000e+00,  1.090888192495787e+00,  4.560941176470587e-01
4879        ,  4.412000000000000e+00,  4.499777071040928e+00,  2.083958333333333e+00
5571        ,  2.085500000000000e+00,  1.749372092835098e+00,  7.705433168316832e-01
4738        ,  4.309900000000000e+00,  3.906720412896657e+00,  1.800752941176470e+00
5734        ,  1.483100000000000e+00,  1.573404671663142e+00,  6.865126903553299e-01
3510        ,  2.562800000000000e+00,  1.396503424239042e+00,  6.020361290322580e-01
3712        ,  0.000000000000000e+00,  1.357875457496105e-01,  0.000000000000000e+00
3516        ,  1.097000000000001e-01,  2.186990905400562e-01,  3.959317585301840e-02
4247        ,  1.700000000000035e-03,  8.676303980727820e-01,  3.494806763285023e-01
4235        ,  2.754999999999999e-01,  3.581221568245456e-01,  1.061725888324874e-01
3681        ,  1.421999999999999e-01,  1.357875457496105e-01,  0.000000000000000e+00
4652        ,  3.696700000000000e+00,  3.543384044288202e+00,  1.627247058823529e+00
5806        ,  3.925800000000000e+00,  3.071844981692200e+00,  1.402070588235294e+00
5247        ,  0.000000000000000e+00,  1.357875457496105e-01,  0.000000000000000e+00
5512        ,  0.000000000000000e+00,  1.357875457496105e-01,  0.000000000000000e+00
3366        ,  0.000000000000000e+00,  1.357875457496105e-01,  0.000000000000000e+00
4075        ,  2.952200000000000e+00,  2.536547136755631e+00,  1.146447058823530e+00
4596        ,  1.153000000000000e-01,  7.535275857047254e-01,  2.949925742574260e-01
4040        ,  3.755400000000000e+00,  4.486514521648859e+00,  2.077625000000000e+00
3096        ,  1.272100000000000e+00,  1.519361463778639e+00,  6.607051597051596e-01
4733        ,  4.222000000000001e-01,  5.039164178333505e-01,  1.757944711538461e-01
3341        ,  1.408900000000000e+00,  1.670317305492278e+00,  7.327918781725890e-01
4701        ,  2.185200000000000e+00,  2.003276655212972e+00,  8.917916666666666e-01
3861        ,  4.192900000000000e+00,  4.692126124263458e+00,  2.175811764705883e+00
4080        ,  2.228600000000000e+00,  2.647214376923849e+00,  1.199294554455445e+00
3985        ,  2.974100000000000e+00,  2.496957605609819e+00,  1.127541666666667e+00
3133        ,  0.000000000000000e+00,  1.357875457496105e-01,  0.000000000000000e+00
5530        ,  0.000000000000000e+00,  1.631488619145981e-01,  1.306598984771572e-02
4690        ,  1.719900000000000e+00,  1.780015186170572e+00,  7.851764705882355e-01
5282        ,  3.805300000000000e+00,  3.943455343534524e+00,  1.818295161290322e+00
5532        ,  0.000000000000000e+00,  1.115209806091321e+00,  4.677085427135679e-01
4723        ,  8.354000000000004e-01,  1.052849722660456e+00,  4.379294117647058e-01
5654        ,  5.839999999999979e-02,  1.357875457496105e-01,  0.000000000000000e+00
4639        ,  4.481400000000000e+00,  4.453096387325425e+00,  2.061666666666667e+00
3446        ,  1.277400000000000e+00,  1.184105580305245e+00,  5.006086956521740e-01
2988        ,  1.057200000000000e+00,  1.083197035196719e+00,  4.524213197969541e-01
2993        ,  0.000000000000000e+00,  1.357875457496105e-01,  0.000000000000000e+00
3506        ,  1.599000000000000e+00,  1.095822135423590e+00,  4.584502487562189e-01
3987        ,  6.479999999999997e-02,  1.357875457496105e-01,  0.000000000000000e+00
4902        ,  1.785500000000000e+00,  1.292701352756028e+00,  5.524669926650367e-01
5846        ,  0.000000000000000e+00,  1.357875457496105e-01,  0.000000000000000e+00
3346        ,  2.480700000000000e+00,  1.142230272247619e+00,  4.806117647058824e-01
3028        ,  0.000000000000000e+00,  1.357875457496105e-01,  0.000000000000000e+00
4930        ,  7.380000000000009e-02,  7.218384601904115e-01,  2.798599033816425e-01
4370        ,  8.121000000000000e-01,  9.877950443038659e-01,  4.068635170603674e-01
4048        ,  5.700300000000000e+00,  4.737979438411621e+00,  2.197708333333333e+00
4161        ,  5.473999999999997e-01,  6.837405823451604e-01,  2.616668280871672e-01
4330        ,  2.371100000000000e+00,  2.433992357639923e+00,  1.097473548387097e+00
3418        ,  0.000000000000000e+00,  1.357875457496105e-01,  0.000000000000000e+00
3024        ,  0.000000000000000e+00,  1.357875457496105e-01,  0.000000000000000e+00
3957        ,  2.369100000000000e+00,  1.823769281007066e+00,  8.060705882352942e-01
3064        ,  0.000000000000000e+00,  1.921365500194627e-01,  2.690862944162434e-02
3168        ,  1.440000000000019e-02,  1.357875457496105e-01,  0.000000000000000e+00
3572        ,  1.227300000000000e+00,  1.388189608392456e+00,  5.980659898477156e-01
3081        ,  9.398000000000002e-01,  1.315481215786195e+00,  5.633451776649745e-01
3343        ,  0.000000000000000e+00,  1.357875457496105e-01,  0.000000000000000e+00
4377        ,  4.062600000000000e+00,  4.434685874682488e+00,  2.052875000000000e+00
4348        ,  2.519400000000000e+00,  2.121891695534356e+00,  9.484345161290323e-01
3109        ,  0.000000000000000e+00,  1.357875457496105e-01,  0.000000000000000e+00
4724        ,  7.427999999999999e-01,  6.645444491439001e-01,  2.525000000000002e-01
3062        ,  1.324800000000000e+00,  1.023897827866279e+00,  4.241038647342996e-01
5336        ,  4.309000000000003e-01,  6.015124380858082e-01,  2.224000000000000e-01
3833        ,  2.096400000000000e+00,  1.980948968539066e+00,  8.811294117647057e-01
5048        ,  3.346100000000000e+00,  3.076082427813752e+00,  1.404094117647059e+00
5052        ,  0.000000000000000e+00,  1.357875457496105e-01,  0.000000000000000e+00
4236        ,  1.189800000000000e+00,  1.398409179698776e+00,  6.029461942257218e-01
3857        ,  2.970300000000000e+00,  2.965769548102193e+00,  1.351415841584158e+00
4016        ,  1.261500000000000e+00,  1.947446342102476e+00,  8.651307304785896e-01
3748        ,  5.403900000000000e+00,  5.104374478334457e+00,  2.372674838709677e+00
4264        ,  0.000000000000000e+00,  1.357875457496105e-01,  0.000000000000000e+00
5423        ,  0.000000000000000e+00,  1.357875457496105e-01,  0.000000000000000e+00
3089        ,  0.000000000000000e+00,  1.357875457496105e-01,  0.000000000000000e+00
3142        ,  0.000000000000000e+00,  1.357875457496105e-01,  0.000000000000000e+00
3310        ,  0.000000000000000e+00,  6.681432688812365e-01,  2.542185628742513e-01
3456        ,  1.118800000000000e+00,  9.677885462569836e-01,  3.973097112860893e-01
3827        ,  1.014500000000000e+00,  1.059137257753305e+00,  4.409319306930695e-01
5399        ,  1.045000000000000e+00,  6.264358434938615e-01,  2.343018018018021e-01
3177        ,  1.162500000000000e+00,  1.582431942595862e+00,  6.908235294117647e-01
5495        ,  3.851200000000000e+00,  4.023888539940986e+00,  1.856704838709678e+00
4457        ,  5.621100000000000e+00,  4.869208874501560e+00,  2.260375000000001e+00
3326        ,  1.114300000000000e+00,  7.538088829028291e-01,  2.951269035532995e-01
4850        ,  2.079800000000000e+00,  2.298230629863292e+00,  1.032642553191490e+00
3073        ,  0.000000000000000e+00,  1.357875457496105e-01,  0.000000000000000e+00
3886        ,  1.935600000000000e+00,  1.989818041816734e+00,  8.853647058823528e-01
4413        ,  6.556000000000002e-01,  6.690765789132715e-01,  2.546642512077295e-01
4892        ,  0.000000000000000e+00,  1.357875457496105e-01,  0.000000000000000e+00
4401        ,  0.000000000000000e+00,  1.357875457496105e-01,  0.000000000000000e+00
3289        ,  0.000000000000000e+00,  1.357875457496105e-01,  0.000000000000000e+00
3120        ,  0.000000000000000e+00,  1.357875457496105e-01,  0.000000000000000e+00
5237        ,  1.472900000000000e+00,  1.268316429529766e+00,  5.408223350253806e-01
3167        ,  0.000000000000000e+00,  1.357875457496105e-01,  0.000000000000000e+00
3871        ,  2.856000000000001e-01,  2.959412937819069e-01,  7.647904191616760e-02
4441        ,  4.190000000000000e+00,  4.262567341848415e+00,  1.970682352941176e+00
3768        ,  4.322000000000000e+00,  4.144214486220872e+00,  1.914164705882353e+00
3266        ,  1.678000000000000e+00,  5.808179337712503e-01,  2.125176470588236e-01
3405        ,  2.360100000000000e+00,  2.286829398288841e+00,  1.027198064516129e+00
3501        ,  1.934100000000000e+00,  1.963309367242372e+00,  8.727058823529412e-01
3720        ,  2.619999999999978e-02,  1.357875457496105e-01,  0.000000000000000e+00
4149        ,  0.000000000000000e+00,  1.500935013699959e+00,  6.519058823529410e-01
3150        ,  0.000000000000000e+00,  1.357875457496105e-01,  0.000000000000000e+00
5174        ,  1.404900000000000e+00,  1.374402901605232e+00,  5.914823529411763e-01
5780        ,  9.264000000000001e-01,  9.674376206525406e-01,  3.971421319796953e-01
3698        ,  4.599200000000000e+00,  4.645110856877808e+00,  2.153360322580645e+00
4744        ,  1.614900000000000e+00,  1.595806329210959e+00,  6.972102689486552e-01
4391        ,  2.476800000000000e+00,  2.445157936449338e+00,  1.102805504587156e+00
5554        ,  1.662000000000000e+00,  1.116968170183575e+00,  4.685482233502538e-01
3492        ,  0.000000000000000e+00,  1.357875457496105e-01,  0.000000000000000e+00
5335        ,  4.263500000000000e+00,  4.545148950540107e+00,  2.105625000000000e+00
3626        ,  3.394699999999999e+00,  3.517854504277616e+00,  1.615055806451613e+00
3389        ,  6.611000000000002e-01,  7.892824414914938e-01,  3.120667741935484e-01
5294        ,  0.000000000000000e+00,  1.357875457496105e-01,  0.000000000000000e+00
4836        ,  2.266100000000000e+00,  2.267542774412509e+00,  1.017988023952096e+00
5236        ,  1.808000000000001e-01,  1.357875457496105e-01,  0.000000000000000e+00
4171        ,  4.364300000000000e+00,  4.155448645705917e+00,  1.919529411764706e+00
3406        ,  0.000000000000000e+00,  1.357875457496105e-01,  0.000000000000000e+00
4952        ,  4.310000000000036e-02,  2.504750787807060e-01,  5.476732673267329e-02
4923        ,  2.503000000000000e+00,  3.631603607547004e+00,  1.669375000000000e+00
3108        ,  0.000000000000000e+00,  1.357875457496105e-01,  0.000000000000000e+00
3144        ,  2.984600000000000e+00,  2.542656942791357e+00,  1.149364705882353e+00
4447        ,  2.571900000000000e+00,  2.690080649717923e+00,  1.219764705882353e+00
4963        ,  4.657000000000000e+00,  4.750543958888318e+00,  2.203708333333333e+00
3722        ,  0.000000000000000e+00,  1.357875457496105e-01,  0.000000000000000e+00
3131        ,  6.086400000000000e+00,  5.842572480909318e+00,  2.725190322580645e+00
5503        ,  8.586999999999998e-01,  6.721299704277718e-01,  2.561223529411765e-01
3128        ,  0.000000000000000e+00,  1.357875457496105e-01,  0.000000000000000e+00
3734        ,  1.765000000000000e+00,  1.864522110156433e+00,  8.255314960629920e-01
4176        ,  4.014700000000000e+00,  3.745382320752639e+00,  1.723708333333333e+00
5220        ,  2.462000000000000e-01,  8.623931271240217e-01,  3.469796954314721e-01
5628        ,  0.000000000000000e+00,  1.357875457496105e-01,  0.000000000000000e+00
4098        ,  2.567200000000000e+00,  3.426034091969950e+00,  1.571208333333334e+00
5193        ,  3.476700000000000e+00,  3.307722510300259e+00,  1.514710396039604e+00
3654        ,  0.000000000000000e+00,  1.357875457496105e-01,  0.000000000000000e+00
5450        ,  1.609300000000000e+00,  1.614344699483638e+00,  7.060629921259843e-01
5034        ,  2.416000000000000e-01,  1.357875457496105e-01,  0.000000000000000e+00
3165        ,  1.235000000000000e+00,  1.494073522631121e+00,  6.486292792792793e-01
4031        ,  3.750400000000000e+00,  3.555605709385877e+00,  1.633083333333333e+00
4492        ,  1.135700000000000e+00,  1.056477568764185e+00,  4.396618357487921e-01
3457        ,  2.942700000000000e+00,  2.906584582951658e+00,  1.323152941176471e+00
3361        ,  0.000000000000000e+00,  1.357875457496105e-01,  0.000000000000000e+00
3229        ,  5.016000000000003e-01,  6.021736167437188e-01,  2.227157360406091e-01
5651        ,  5.059999999999998e-01,  4.980399165130178e-01,  1.729882352941176e-01
3602        ,  1.873300000000000e+00,  1.207861414502360e+00,  5.119529411764704e-01
3187        ,  0.000000000000000e+00,  1.357875457496105e-01,  0.000000000000000e+00
3407        ,  2.927999999999997e-01,  1.357875457496105e-01,  0.000000000000000e+00
5766        ,  2.967000000000000e+00,  2.691953009632097e+00,  1.220658823529412e+00
2999        ,  1.144500000000000e+00,  1.121634313191702e+00,  4.707764705882353e-01
4238        ,  5.243000000000000e+00,  4.818601778137087e+00,  2.236208333333333e+00
3415        ,  1.425400000000000e+00,  1.441380398112831e-01,  3.987654320987736e-03
3990        ,  0.000000000000000e+00,  1.357875457496105e-01,  0.000000000000000e+00
3627        ,  2.072800000000000e+00,  1.697649722791732e+00,  7.458440677966098e-01
5456        ,  0.000000000000000e+00,  1.357875457496105e-01,  0.000000000000000e+00
5207        ,  0.000000000000000e+00,  1.357875457496105e-01,  0.000000000000000e+00
3922        ,  1.836800000000000e+00,  1.863778656015211e+00,  8.251764705882353e-01
4304        ,  3.197500000000000e+00,  3.757030165021355e+00,  1.729270588235294e+00
3738        ,  1.802400000000000e+00,  1.633676102376227e+00,  7.152944162436546e-01
3227        ,  0.000000000000000e+00,  2.732638091380276e-01,  6.564974619289338e-02
3798        ,  1.146800000000000e+00,  1.222682346275573e+00,  5.190304568527918e-01
4960        ,  0.000000000000000e+00,  1.357875457496105e-01,  0.000000000000000e+00
4293        ,  1.136700000000000e+00,  1.639894583322815e+00,  7.182639593908627e-01
4279        ,  3.202400000000000e+00,  3.272286037767491e+00,  1.497788235294118e+00
3867        ,  1.943600000000000e+00,  1.804512921560796e+00,  7.968750000000000e-01
4222        ,  2.760500000000000e+00,  2.644608171933881e+00,  1.198050000000000e+00
4509        ,  2.598600000000000e+00,  1.374107265829310e+00,  5.913411764705883e-01
4777        ,  1.779300000000000e+00,  1.743695380662017e+00,  7.678324873096446e-01
5266        ,  2.960300000000000e+00,  3.128607050669273e+00,  1.429176470588235e+00
5901        ,  2.864800000000001e+00,  4.191713300885715e+00,  1.936847058823529e+00
2996        ,  0.000000000000000e+00,  1.357875457496105e-01,  0.000000000000000e+00
4358        ,  3.600000000000003e-02,  1.357875457496105e-01,  0.000000000000000e+00
5125        ,  9.231000000000000e-01,  1.163910229148584e+00,  4.909647058823529e-01
3581        ,  3.809500000000000e+00,  3.415214643781684e+00,  1.566041666666667e+00
4706        ,  3.862500000000000e+00,  3.843009829584543e+00,  1.770328899082569e+00
3533        ,  0.000000000000000e+00,  1.357875457496105e-01,  0.000000000000000e+00
4798        ,  1.230200000000000e+00,  1.199485067517896e+00,  5.079529411764706e-01
5017        ,  3.460900000000000e+00,  3.621431889131678e+00,  1.664517647058823e+00
3421        ,  8.106000000000000e-01,  1.357875457496105e-01,  0.000000000000000e+00
5157        ,  4.291200000000000e+00,  4.343224755129633e+00,  2.009199101796407e+00
3601        ,  2.851500000000000e+00,  2.759416477789690e+00,  1.252875000000000e+00
4977        ,  0.000000000000000e+00,  1.357875457496105e-01,  0.000000000000000e+00
4476        ,  3.099999999999881e-03,  1.357875457496105e-01,  0.000000000000000e+00
3835        ,  1.736000000000000e+00,  1.791260299226656e+00,  7.905464071856289e-01
5439        ,  3.011300000000000e+00,  2.987293149778434e+00,  1.361694117647059e+00
5729        ,  3.487600000000000e+00,  3.284801285614867e+00,  1.503764705882353e+00
3709        ,  2.167100000000000e+00,  1.800099270906544e+00,  7.947673267326731e-01
3853        ,  0.000000000000000e+00,  1.357875457496105e-01,  0.000000000000000e+00
4891        ,  2.943400000000000e+00,  1.357875457496105e-01,  0.000000000000000e+00
3365        ,  8.793000000000000e-01,  1.254206176769339e+00,  5.340841935483871e-01
4734        ,  1.172500000000000e+00,  1.364248424922099e+00,  5.866332335329343e-01
3367        ,  2.085999999999997e-01,  4.041961011652482e-01,  1.281745161290324e-01
5375        ,  2.877700000000000e+00,  2.579499524852558e+00,  1.166958333333333e+00
3342        ,  0.000000000000000e+00,  1.357875457496105e-01,  0.000000000000000e+00
3119        ,  7.066900000000000e+00,  6.736743150541797e+00,  3.152188235294118e+00
3232        ,  9.213999999999998e-01,  8.992085793943524e-01,  3.645603674540682e-01
4451        ,  1.030000000000000e-01,  1.357875457496105e-01,  0.000000000000000e+00
4167        ,  1.737100000000000e+00,  1.655749615024582e+00,  7.258352941176472e-01
5109        ,  0.000000000000000e+00,  1.357875457496105e-01,  0.000000000000000e+00
5642        ,  5.254999999999996e-01,  8.216882087170211e-01,  3.275416666666667e-01
4442        ,  8.890999999999998e-01,  6.580244544198818e-01,  2.493864734299517e-01
3209        ,  2.847000000000008e-01,  1.357875457496105e-01,  0.000000000000000e+00
5165        ,  7.931000000000000e-01,  5.739097571635668e-01,  2.092187500000000e-01
4708        ,  4.946400000000000e+00,  4.532975531558642e+00,  2.099811764705882e+00
3568        ,  3.916600000000000e+00,  4.668278171672394e+00,  2.164423529411764e+00
3623        ,  2.059900000000000e+00,  2.012832232183959e+00,  8.963547904191614e-01
2981        ,  2.159200000000000e+00,  1.468231744336272e+00,  6.362889221556887e-01
3586        ,  2.156900000000000e+00,  2.136154505395722e+00,  9.552455089820359e-01
5702        ,  3.637999999999995e-01,  4.960488254565780e-01,  1.720374193548387e-01
3761        ,  3.577100000000000e+00,  3.121745837036412e+00,  1.425900000000000e+00
5376        ,  2.012700000000000e+00,  2.121178871584858e+00,  9.480941176470590e-01
3084        ,  8.620000000000028e-02,  9.211924266788376e-01,  3.750584269662922e-01
4082        ,  2.931300000000000e+00,  2.329207912575487e+00,  1.047435294117647e+00
4786        ,  1.332600000000000e+00,  1.158282142536447e+00,  4.882770967741936e-01
4641        ,  4.323000000000001e-01,  4.188004877164361e-01,  1.351486238532111e-01
3275        ,  0.000000000000000e+00,  1.358832146872505e-01,  4.568527918791367e-05
3197        ,  1.631300000000000e+00,  1.629371000182436e+00,  7.132385786802032e-01
4597        ,  2.728600000000000e+00,  1.841891429520847e+00,  8.147245508982036e-01
3846        ,  4.541999999999993e-01,  6.843220851931849e-01,  2.619445161290322e-01
4243        ,  2.519600000000000e+00,  2.310287222916462e+00,  1.038400000000000e+00
3140        ,  0.000000000000000e+00,  1.357875457496105e-01,  0.000000000000000e+00
5779        ,  0.000000000000000e+00,  1.357875457496105e-01,  0.000000000000000e+00
3287        ,  5.146999999999995e-01,  5.015875458240849e-01,  1.746823529411765e-01
4663        ,  1.831000000000000e+00,  1.394665416679561e+00,  6.011584158415841e-01
4399        ,  4.730000000000034e-02,  1.357875457496105e-01,  0.000000000000000e+00
3666        ,  4.611900000000000e+00,  5.439236737517216e+00,  2.532583333333333e+00
3410        ,  2.838900000000000e+00,  2.641596382466673e+00,  1.196611764705882e+00
4436        ,  1.310000000000011e-02,  1.357875457496105e-01,  0.000000000000000e+00
3489        ,  2.194900000000000e+00,  2.288890712958575e+00,  1.028182414698163e+00
4697        ,  9.560000000000013e-02,  1.357875457496105e-01,  0.000000000000000e+00
3529        ,  3.656900000000000e+00,  3.376536071840178e+00,  1.547571289537713e+00
5819        ,  0.000000000000000e+00,  1.357875457496105e-01,  0.000000000000000e+00
4996        ,  0.000000000000000e+00,  1.357875457496105e-01,  0.000000000000000e+00
3796        ,  3.416900000000000e+00,  2.817614638608831e+00,  1.280666666666667e+00
4679        ,  0.000000000000000e+00,  9.385456014853163e-01,  3.833451776649747e-01
4497        ,  1.327300000000000e+00,  1.379807966909093e+00,  5.940634615384615e-01
3591        ,  1.393800000000000e+00,  1.309454072714887e+00,  5.604670050761421e-01
5645        ,  2.352200000000000e+00,  2.185528925477269e+00,  9.788235294117648e-01
3550        ,  2.619400000000000e+00,  1.884276069812488e+00,  8.349647058823532e-01
3677        ,  0.000000000000000e+00,  1.357875457496105e-01,  0.000000000000000e+00
3265        ,  0.000000000000000e+00,  1.357875457496105e-01,  0.000000000000000e+00
3029        ,  0.000000000000000e+00,  1.357875457496105e-01,  0.000000000000000e+00
3824        ,  2.338300000000000e+00,  2.263815947875572e+00,  1.016208333333334e+00
3305        ,  0.000000000000000e+00,  1.357875457496105e-01,  0.000000000000000e+00
4582        ,  0.000000000000000e+00,  1.357875457496105e-01,  0.000000000000000e+00
5556        ,  1.465900000000000e+00,  1.404554694134581e+00,  6.058808933002480e-01
5555        ,  0.000000000000000e+00,  1.357875457496105e-01,  0.000000000000000e+00
3271        ,  0.000000000000000e+00,  1.357875457496105e-01,  0.000000000000000e+00
4810        ,  2.130700000000000e+00,  2.237729774634032e+00,  1.003751269035533e+00
4118        ,  3.832100000000000e+00,  4.006908198477400e+00,  1.848596129032258e+00
3276        ,  1.351600000000000e+00,  7.838264627837729e-01,  3.094613526570049e-01
5238        ,  2.869999999999995e-02,  1.357875457496105e-01,  0.000000000000000e+00
4790        ,  1.588000000000000e+00,  6.279434547117853e-01,  2.350217391304347e-01
3785        ,  1.859500000000000e+00,  1.650677093821691e+00,  7.234129870129871e-01
3110        ,  0.000000000000000e+00,  1.357875457496105e-01,  0.000000000000000e+00
5313        ,  3.138300000000000e+00,  3.203402901977605e+00,  1.464894117647059e+00
3979        ,  1.458900000000000e+00,  1.657030703386912e+00,  7.264470588235293e-01
4323        ,  0.000000000000000e+00,  1.357875457496105e-01,  0.000000000000000e+00
4127        ,  2.794999999999999e-01,  3.042131777918933e-01,  8.042915717539874e-02
4516        ,  0.000000000000000e+00,  1.357875457496105e-01,  0.000000000000000e+00
4281        ,  2.025100000000000e+00,  1.639167322232053e+00,  7.179166666666665e-01
3345        ,  1.220300000000000e+00,  1.357875457496105e-01,  0.000000000000000e+00
3260        ,  0.000000000000000e+00,  1.357875457496105e-01,  0.000000000000000e+00
3207        ,  0.000000000000000e+00,  1.357875457496105e-01,  0.000000000000000e+00
4979        ,  1.930300000000000e+00,  1.890689078492211e+00,  8.380271428571429e-01
4894        ,  4.453700000000000e+00,  4.701158413125749e+00,  2.180125000000000e+00
5265        ,  0.000000000000000e+00,  1.357875457496105e-01,  0.000000000000000e+00
3052        ,  4.224600000000000e+00,  4.269268419435988e+00,  1.973882352941176e+00
3043        ,  8.247000000000004e-01,  1.054426446798708e+00,  4.386823529411764e-01
3947        ,  5.163000000000002e-01,  5.333857166279725e-01,  1.898670967741935e-01
5760        ,  2.773000000000000e+00,  3.048391210135700e+00,  1.390870588235294e+00
3774        ,  7.475999999999998e-01,  8.116801504392418e-01,  3.227624671916011e-01
3752        ,  3.178199999999999e+00,  3.108349951582066e+00,  1.419502994011976e+00
3023        ,  2.116900000000000e+00,  2.007063462078866e+00,  8.936000000000001e-01
4664        ,  1.383200000000000e+00,  2.027268807487367e+00,  9.032487623762376e-01
5619        ,  0.000000000000000e+00,  1.357875457496105e-01,  0.000000000000000e+00
3100        ,  1.347000000000000e+00,  1.311941465093522e+00,  5.616548223350254e-01
4624        ,  1.861999999999995e-01,  1.713623841189222e-01,  1.698823529411764e-02
5526        ,  0.000000000000000e+00,  1.357875457496105e-01,  0.000000000000000e+00
3594        ,  6.517999999999999e-01,  8.182181995896431e-01,  3.258846153846154e-01
3802        ,  3.640600000000001e+00,  3.588811195678955e+00,  1.648940119760479e+00
4541        ,  9.722000000000000e-01,  7.624546960761347e-01,  2.992555831265509e-01
5479        ,  1.344900000000000e+00,  9.705730780943230e-01,  3.986394230769232e-01
3619        ,  0.000000000000000e+00,  1.357875457496105e-01,  0.000000000000000e+00
4285        ,  0.000000000000000e+00,  1.357875457496105e-01,  0.000000000000000e+00
4250        ,  2.172900000000000e+00,  2.130004909274891e+00,  9.523088607594936e-01
5507        ,  2.815200000000000e+00,  3.143170832473034e+00,  1.436131188118812e+00
3730        ,  5.054000000000003e-01,  5.936746445986741e-01,  2.186571782178216e-01
3432        ,  0.000000000000000e+00,  1.357875457496105e-01,  0.000000000000000e+00
3380        ,  3.602999999999998e-01,  7.228956199245620e-01,  2.803647342995169e-01
3718        ,  0.000000000000000e+00,  1.357875457496105e-01,  0.000000000000000e+00
3638        ,  3.944000000000000e+00,  3.524368915422980e+00,  1.618166666666667e+00
4921        ,  3.986700000000000e+00,  3.739194744759102e+00,  1.720753548387097e+00
3279        ,  0.000000000000000e+00,  1.357875457496105e-01,  0.000000000000000e+00
3015        ,  0.000000000000000e+00,  1.357875457496105e-01,  0.000000000000000e+00
5896        ,  0.000000000000000e+00,  1.357875457496105e-01,  0.000000000000000e+00
4801        ,  3.595800000000000e+00,  3.239485864336783e+00,  1.482125000000000e+00
4739        ,  2.321700000000000e+00,  1.976317341382951e+00,  8.789176470588236e-01
4610        ,  1.037200000000000e+00,  9.523541410844526e-01,  3.899392405063292e-01
5333        ,  4.202400000000000e+00,  3.446887705816688e+00,  1.581166666666667e+00
5229        ,  4.162100000000001e+00,  4.661281458308902e+00,  2.161082352941176e+00
4590        ,  0.000000000000000e+00,  1.357875457496105e-01,  0.000000000000000e+00
5683        ,  0.000000000000000e+00,  1.357875457496105e-01,  0.000000000000000e+00
3453        ,  2.586800000000000e+00,  2.449912858189372e+00,  1.105076146788991e+00
5123        ,  5.819999999999992e-02,  9.835137157767276e-01,  4.048190322580645e-01
4215        ,  2.252700000000000e+00,  1.833241506292886e+00,  8.105939086294417e-01
3596        ,  0.000000000000000e+00,  1.357875457496105e-01,  0.000000000000000e+00
5621        ,  2.851700000000000e+00,  2.898620398008664e+00,  1.319349763033175e+00
3040        ,  0.000000000000000e+00,  1.357875457496105e-01,  0.000000000000000e+00
4287        ,  1.774800000000000e+00,  1.844562330580264e+00,  8.159999999999999e-01
5502        ,  4.470800000000000e+00,  4.481977333698941e+00,  2.075458333333333e+00
4144        ,  7.689000000000000e-01,  4.006730655945647e-01,  1.264921428571429e-01
4851        ,  0.000000000000000e+00,  1.357875457496105e-01,  0.000000000000000e+00
5533        ,  0.000000000000000e+00,  1.357875457496105e-01,  0.000000000000000e+00
3896        ,  5.040999999999999e+00,  4.273702956074821e+00,  1.976000000000000e+00
4203        ,  1.323500000000000e+00,  1.575641061667755e+00,  6.875806451612904e-01
4291        ,  4.773200000000000e+00,  4.173710313947782e+00,  1.928250000000000e+00
3303        ,  0.000000000000000e+00,  1.357875457496105e-01,  0.000000000000000e+00
4702        ,  4.318700000000000e+00,  3.870462094616695e+00,  1.783438320209974e+00
3733        ,  0.000000000000000e+00,  1.357875457496105e-01,  0.000000000000000e+00
4175        ,  6.012000000000000e-01,  4.941621208495128e-01,  1.711364516129032e-01
4340        ,  0.000000000000000e+00,  1.357875457496105e-01,  0.000000000000000e+00
5841        ,  3.369700000000000e+00,  3.387091264083969e+00,  1.552611764705883e+00
4275        ,  3.135000000000000e+00,  2.251216421457760e+00,  1.010191616766467e+00
3674        ,  4.303999999999999e-01,  3.205954603824069e-01,  8.825227272727287e-02
3607        ,  1.498500000000000e+00,  1.396199698057904e+00,  6.018910891089110e-01
3663        ,  0.000000000000000e+00,  1.357875457496105e-01,  0.000000000000000e+00
3112        ,  0.000000000000000e+00,  1.357875457496105e-01,  0.000000000000000e+00
5665        ,  1.656300000000000e+00,  1.434318418858811e+00,  6.200941176470589e-01
5145        ,  8.130000000000002e-01,  8.983606945239732e-01,  3.641554726368158e-01
4482        ,  1.776600000000000e+00,  2.742053008519812e+00,  1.244583333333333e+00
3313        ,  3.882800000000000e+00,  3.489589729209917e+00,  1.601558383233533e+00
5121        ,  2.568900000000000e+00,  2.866345613385275e+00,  1.303937419354839e+00
4041        ,  2.202900000000001e+00,  2.347899047412266e+00,  1.056360967741935e+00
3182        ,  0.000000000000000e+00,  1.357875457496105e-01,  0.000000000000000e+00
4012        ,  0.000000000000000e+00,  1.357875457496105e-01,  0.000000000000000e+00
4704        ,  7.975000000000003e-01,  9.046309887680445e-01,  3.671497584541064e-01
4019        ,  1.387000000000000e-01,  1.357875457496105e-01,  0.000000000000000e+00
5747        ,  9.680999999999997e-01,  1.357875457496105e-01,  0.000000000000000e+00
3139        ,  1.653300000000000e+00,  1.537241813235292e+00,  6.692436548223349e-01
5091        ,  3.107900000000000e+00,  3.308328966115347e+00,  1.515000000000000e+00
5746        ,  1.736800000000000e+00,  2.270544220244490e+00,  1.019421319796954e+00
4326        ,  3.563700000000000e+00,  4.183736922206580e+00,  1.933038057742782e+00
3794        ,  0.000000000000000e+00,  1.895832865777414e-01,  2.568935643564358e-02
5163        ,  8.546999999999993e-01,  1.042699561020459e+00,  4.330823529411765e-01
5757        ,  5.346700000000000e+00,  5.338022544788276e+00,  2.484250000000000e+00
5312        ,  4.080400000000000e+00,  4.017189647832942e+00,  1.853505882352941e+00
5178        ,  1.411000000000000e+00,  7.842108845052816e-01,  3.096449275362317e-01
3001        ,  0.000000000000000e+00,  1.357875457496105e-01,  0.000000000000000e+00
3639        ,  3.916900000000000e+00,  3.857415961669845e+00,  1.777208333333333e+00
3054        ,  2.297200000000000e+00,  1.446833666706186e+00,  6.260705882352942e-01
4514        ,  3.202900000000000e+00,  3.212961792065758e+00,  1.469458823529412e+00
3268        ,  0.000000000000000e+00,  1.357875457496105e-01,  0.000000000000000e+00
3670        ,  5.524000000000000e+00,  5.244177503778117e+00,  2.439435695538058e+00
3961        ,  1.207400000000000e+00,  1.424168257218813e+00,  6.152470588235294e-01
4500        ,  0.000000000000000e+00,  1.357875457496105e-01,  0.000000000000000e+00
3436        ,  6.292000000000000e-01,  2.081468003939481e-01,  3.455408653846159e-02
5607        ,  9.406000000000001e-01,  5.874721594619118e-01,  2.156952736318409e-01
3685        ,  3.286000000000000e+00,  2.954741900695357e+00,  1.346149752475248e+00
4208        ,  9.359000000000002e-01,  7.026198734512207e-01,  2.706823529411765e-01
5364        ,  0.000000000000000e+00,  1.357875457496105e-01,  0.000000000000000e+00
3883        ,  6.357800000000000e+00,  6.031601525824779e+00,  2.815458333333333e+00
4207        ,  1.619500000000000e+00,  3.008578925644837e+00,  1.371858823529412e+00
4680        ,  2.538000000000000e+00,  2.635486576430946e+00,  1.193694117647059e+00
5485        ,  6.596000000000002e-01,  6.598750199361617e-01,  2.502701834862387e-01
4546        ,  3.642200000000000e+00,  4.785968926343446e+00,  2.220625000000000e+00
4655        ,  5.565700000000001e+00,  5.226575632900330e+00,  2.431030183727034e+00
4849        ,  3.854400000000000e+00,  4.051593307592101e+00,  1.869934838709677e+00
3419        ,  4.336800000000000e+00,  4.136197114182601e+00,  1.910336129032258e+00
5131        ,  2.770000000000028e-02,  1.716580198948445e-01,  1.712941176470588e-02
5684        ,  4.439300000000000e+00,  5.178871952083463e+00,  2.408250000000001e+00
3011        ,  0.000000000000000e+00,  1.357875457496105e-01,  0.000000000000000e+00
3823        ,  1.302100000000000e+00,  1.314907202160357e+00,  5.630710659898477e-01
3524        ,  1.959900000000000e+00,  1.737043851642561e+00,  7.646561484918794e-01
4026        ,  2.560600000000000e+00,  2.405603071310508e+00,  1.083916666666667e+00
5208        ,  0.000000000000000e+00,  1.357875457496105e-01,  0.000000000000000e+00
5334        ,  2.209999999999979e-02,  1.357875457496105e-01,  0.000000000000000e+00
4677        ,  0.000000000000000e+00,  1.736064000816795e+00,  7.641882352941176e-01
3285        ,  0.000000000000000e+00,  1.357875457496105e-01,  0.000000000000000e+00
5246        ,  1.909999999999989e-02,  1.357875457496105e-01,  0.000000000000000e+00
3154        ,  0.000000000000000e+00,  1.357875457496105e-01,  0.000000000000000e+00
4506        ,  1.594500000000000e+00,  1.685815673389928e+00,  7.401928934010152e-01
4336        ,  0.000000000000000e+00,  1.357875457496105e-01,  0.000000000000000e+00
3829        ,  0.000000000000000e+00,  1.357875457496105e-01,  0.000000000000000e+00
4345        ,  1.651000000000000e+00,  1.379514388068430e+00,  5.939232673267327e-01
3580        ,  1.859800000000000e+00,  1.517884798186169e+00,  6.599999999999999e-01
4284        ,  2.943400000000000e+00,  2.756264375659122e+00,  1.251369760479042e+00
5284        ,  5.591300000000000e+00,  5.321221758275967e+00,  2.476227034120735e+00
4033        ,  5.497999999999998e-01,  8.364668450236309e-01,  3.345989847715735e-01
5362        ,  1.485500000000000e+00,  1.147058989921016e+00,  4.829176470588234e-01
3554        ,  3.720300000000000e+00,  3.566936361103342e+00,  1.638494117647059e+00
3693        ,  2.168900000000000e+00,  1.895808991509326e+00,  8.404720812182741e-01
3758        ,  0.000000000000000e+00,  1.357875457496105e-01,  0.000000000000000e+00
3349        ,  2.150700000000000e+00,  1.146664014166625e+00,  4.827290322580644e-01
5215        ,  1.232400000000000e+00,  1.139687030116281e+00,  4.793972772277227e-01
4896        ,  0.000000000000000e+00,  1.357875457496105e-01,  0.000000000000000e+00
3143        ,  0.000000000000000e+00,  5.651497378771100e-01,  2.050355329949240e-01
4893        ,  2.208000000000006e-01,  2.733567268121014e-01,  6.569411764705881e-02
3241        ,  3.769000000000000e-01,  8.045156708857595e-01,  3.193411764705884e-01
5435        ,  2.611900000000000e+00,  2.595091334380282e+00,  1.174403970223325e+00
5916        ,  9.017999999999997e-01,  1.083201662321808e+00,  4.524235294117648e-01
4404        ,  2.805900000000000e+00,  2.301221059121513e+00,  1.034070588235294e+00
3967        ,  2.306200000000000e+00,  2.300532831750683e+00,  1.033741935483871e+00
4232        ,  0.000000000000000e+00,  5.779934732626847e-01,  2.111688679245283e-01
5330        ,  5.059900000000001e+00,  4.902397785136009e+00,  2.276223870967742e+00
3926        ,  7.533000000000000e-01,  6.700376332170441e-01,  2.551231884057968e-01
4426        ,  3.982600000000000e+00,  3.951558505578201e+00,  1.822164705882353e+00
3817        ,  2.727700000000000e+00,  2.843022891128372e+00,  1.292800000000000e+00
4074        ,  2.853600000000000e+00,  4.108182849517235e+00,  1.896958333333333e+00
5511        ,  1.303200000000000e+00,  1.407898593567764e+00,  6.074777227722772e-01
4405        ,  3.958000000000000e+00,  3.906129141344813e+00,  1.800470588235294e+00
3184        ,  0.000000000000000e+00,  1.357875457496105e-01,  0.000000000000000e+00
4294        ,  1.687000000000000e+00,  1.463098386564433e+00,  6.338375634517767e-01
3188        ,  8.198000000000000e-01,  6.381598930944019e-01,  2.399004474272928e-01
4076        ,  3.507100000000000e+00,  3.354108404432856e+00,  1.536861290322580e+00
3597        ,  2.477700000000000e+00,  2.059594212748693e+00,  9.186852791878174e-01
3438        ,  1.828700000000000e+00,  1.835477505145767e+00,  8.116616766467065e-01
4123        ,  0.000000000000000e+00,  1.357875457496105e-01,  0.000000000000000e+00
4731        ,  1.348900000000000e+00,  1.308279033057288e+00,  5.599058823529413e-01
4475        ,  4.044100000000000e+00,  4.021546921574067e+00,  1.855586633663366e+00
4579        ,  0.000000000000000e+00,  1.357875457496105e-01,  0.000000000000000e+00
3063        ,  4.020500000000000e+00,  4.084003333191371e+00,  1.885411764705882e+00
5403        ,  1.062500000000000e+00,  5.724415867867862e-01,  2.085176470588236e-01
4856        ,  4.825800000000000e+00,  3.833994012019782e+00,  1.766023529411765e+00
4602        ,  3.186700000000000e+00,  3.169207697229264e+00,  1.448564705882353e+00
4374        ,  4.502000000000002e-01,  1.357875457496105e-01,  0.000000000000000e+00
2990        ,  0.000000000000000e+00,  1.357875457496105e-01,  0.000000000000000e+00
4881        ,  3.677999999999999e-01,  4.028058977705686e-01,  1.275106451612904e-01
3430        ,  0.000000000000000e+00,  1.357875457496105e-01,  0.000000000000000e+00
5168        ,  0.000000000000000e+00,  1.357875457496105e-01,  0.000000000000000e+00
5588        ,  0.000000000000000e+00,  1.357875457496105e-01,  0.000000000000000e+00
3717        ,  1.106800000000000e+00,  1.261467718485267e+00,  5.375518348623853e-01
4880        ,  0.000000000000000e+00,  1.357875457496105e-01,  0.000000000000000e+00
4508        ,  4.478999999999997e-01,  1.357875457496105e-01,  0.000000000000000e+00
5514        ,  0.000000000000000e+00,  1.357875457496105e-01,  0.000000000000000e+00
5148        ,  0.000000000000000e+00,  1.357875457496105e-01,  0.000000000000000e+00
3509        ,  0.000000000000000e+00,  1.357875457496105e-01,  0.000000000000000e+00
3237        ,  9.591000000000000e-01,  8.795178669615485e-01,  3.551573604060912e-01
3959        ,  2.491400000000000e+00,  2.059785175451668e+00,  9.187764705882352e-01
3070        ,  9.367000000000001e-01,  8.916678220418058e-01,  3.609593908629443e-01
5144        ,  1.861700000000000e+00,  1.101160538524921e+00,  4.609995238095239e-01
4270        ,  7.806999999999999e-01,  9.664255308325158e-01,  3.966588235294117e-01
4498        ,  0.000000000000000e+00,  1.357875457496105e-01,  0.000000000000000e+00
3754        ,  7.879000000000000e-01,  8.479471175404093e-01,  3.400812182741117e-01
4804        ,  4.575000000000000e-01,  4.462332483908171e-01,  1.482487309644670e-01
3644        ,  5.740000000000003e-01,  6.804852142696484e-01,  2.601122754491019e-01
3816        ,  3.645000000000000e+00,  3.208822891202846e+00,  1.467482352941176e+00
3518        ,  1.070500000000000e+00,  1.123800756987961e+00,  4.718110236220473e-01
3017        ,  0.000000000000000e+00,  1.357875457496105e-01,  0.000000000000000e+00
4671        ,  1.044100000000000e+00,  8.342855493606097e-01,  3.335573394495414e-01
4489        ,  1.591999999999998e-01,  3.986358978315374e-01,  1.255193236714975e-01
5520        ,  0.000000000000000e+00,  1.357875457496105e-01,  0.000000000000000e+00
3657        ,  7.258000000000000e-01,  7.407086895167397e-01,  2.888711009174311e-01
3864        ,  2.564400000000000e+00,  2.353687170729716e+00,  1.059125000000000e+00
4337        ,  0.000000000000000e+00,  1.357875457496105e-01,  0.000000000000000e+00
5030        ,  2.814400000000000e+00,  2.514233821265276e+00,  1.135791666666667e+00
3401        ,  2.284600000000000e+00,  1.939843277528542e+00,  8.615000000000000e-01
4395        ,  9.707000000000000e-01,  5.075655365780256e-01,  1.775370535714289e-01
3783        ,  2.028500000000000e+00,  1.484459609315185e+00,  6.440382978723405e-01
3244        ,  0.000000000000000e+00,  1.357875457496105e-01,  0.000000000000000e+00
4783        ,  0.000000000000000e+00,  1.357875457496105e-01,  0.000000000000000e+00
4549        ,  4.942399999999999e+00,  4.678036205304052e+00,  2.169083333333333e+00
4061        ,  1.667600000000000e+00,  1.769175207720088e+00,  7.800000000000000e-01
4195        ,  5.205000000000000e+00,  5.793050143996399e+00,  2.701541666666667e+00
3948        ,  2.504600000000000e+00,  3.208231619651002e+00,  1.467200000000000e+00
5733        ,  3.228000000000000e-01,  4.488786836058042e-01,  1.495120192307691e-01
3014        ,  1.998000000000002e-01,  1.357875457496105e-01,  0.000000000000000e+00
3200        ,  0.000000000000000e+00,  1.272802739946616e+00,  5.429647058823529e-01
4713        ,  3.813500000000000e+00,  4.748537125756624e+00,  2.202750000000000e+00
4838        ,  3.014200000000000e+00,  2.971525908395914e+00,  1.354164705882353e+00
4858        ,  3.400500000000000e+00,  3.292389723165907e+00,  1.507388451443570e+00
5817        ,  3.843800000000000e+00,  3.866422320972613e+00,  1.781509186351706e+00
4024        ,  4.102000000000000e+00,  4.231328494859297e+00,  1.955764705882353e+00
3286        ,  0.000000000000000e+00,  1.357875457496105e-01,  0.000000000000000e+00
3491        ,  8.259000000000001e-01,  9.665674721683564e-01,  3.967266055045872e-01
3791        ,  2.952400000000000e+00,  2.552358246672643e+00,  1.153997419354839e+00
5408        ,  2.319000000000000e+00,  1.604900261565954e+00,  7.015529411764706e-01
5318        ,  2.948200000000000e+00,  2.922713776922458e+00,  1.330855198019802e+00
5280        ,  9.822000000000002e-01,  2.417699641680636e-01,  5.061032863849780e-02
3825        ,  1.613500000000001e+00,  1.561635271937044e+00,  6.808923884514436e-01
3250        ,  1.199900000000000e+00,  1.357875457496105e-01,  0.000000000000000e+00
5063        ,  0.000000000000000e+00,  1.357875457496105e-01,  0.000000000000000e+00
3895        ,  0.000000000000000e+00,  1.551207481891462e-01,  9.232283464567035e-03
5264        ,  0.000000000000000e+00,  1.357875457496105e-01,  0.000000000000000e+00
4917        ,  2.182400000000000e+00,  2.035551174201756e+00,  9.072038834951457e-01
5320        ,  0.000000000000000e+00,  1.357875457496105e-01,  0.000000000000000e+00
4778        ,  3.289100000000000e+00,  3.118062707994713e+00,  1.424141176470588e+00
5692        ,  2.643300000000000e+00,  2.344966618541905e+00,  1.054960629921260e+00
3460        ,  0.000000000000000e+00,  1.357875457496105e-01,  0.000000000000000e+00
4414        ,  0.000000000000000e+00,  1.357875457496105e-01,  0.000000000000000e+00
3363        ,  3.151200000000000e+00,  2.751178710075190e+00,  1.248941176470588e+00
3704        ,  2.006600000000000e+00,  2.401913650736841e+00,  1.082154838709678e+00
5803        ,  2.048100000000000e+00,  2.170628223776237e+00,  9.717079207920793e-01
3368        ,  0.000000000000000e+00,  1.357875457496105e-01,  0.000000000000000e+00
3042        ,  0.000000000000000e+00,  1.357875457496105e-01,  0.000000000000000e+00
3753        ,  0.000000000000000e+00,  1.357875457496105e-01,  0.000000000000000e+00
5374        ,  2.020000000000000e+00,  1.932957427581019e+00,  8.582117647058822e-01
5835        ,  0.000000000000000e+00,  1.357875457496105e-01,  0.000000000000000e+00
4198        ,  4.097700000000001e+00,  3.852365179091326e+00,  1.774796407185629e+00
4087        ,  0.000000000000000e+00,  1.357875457496105e-01,  0.000000000000000e+00
5415        ,  1.726200000000000e+00,  1.789831684690889e+00,  7.898641935483871e-01
5656        ,  2.185500000000000e+00,  2.217425193493029e+00,  9.940551181102363e-01
4422        ,  4.267999999999996e-01,  6.796588281879256e-01,  2.597176470588237e-01
3253        ,  0.000000000000000e+00,  1.357875457496105e-01,  0.000000000000000e+00
4771        ,  2.747500000000000e+00,  2.413956835006534e+00,  1.087905882352941e+00
4474        ,  1.164100000000000e+00,  9.166374147657983e-01,  3.728832487309646e-01
5360        ,  2.079200000000000e+00,  1.239109500109477e+00,  5.268750000000000e-01
4693        ,  4.030700000000000e+00,  3.604554987076339e+00,  1.656458333333333e+00
3240        ,  1.162500000000000e+00,  1.188812514297547e+00,  5.028564220183488e-01
5703        ,  3.516900000000001e+00,  3.280465294234673e+00,  1.501694117647059e+00
3813        ,  0.000000000000000e+00,  1.357875457496105e-01,  0.000000000000000e+00
5209        ,  1.572700000000000e+00,  1.216012583190510e+00,  5.158454106280191e-01
3161        ,  0.000000000000000e+00,  1.357875457496105e-01,  0.000000000000000e+00
5496        ,  2.170000000000000e+00,  2.232343401358324e+00,  1.001179086538462e+00
5233        ,  6.469999999999976e-02,  1.357875457496105e-01,  0.000000000000000e+00
3652        ,  1.815100000000000e+00,  1.700466873900433e+00,  7.471893564356434e-01
5796        ,  1.643200000000000e+00,  1.472356888694141e+00,  6.382588235294118e-01
5833        ,  5.220599999999999e+00,  5.505894319121378e+00,  2.564414670658683e+00
5181        ,  0.000000000000000e+00,  1.357875457496105e-01,  0.000000000000000e+00
2997        ,  0.000000000000000e+00,  1.357875457496105e-01,  0.000000000000000e+00
4903        ,  1.562900000000000e+00,  1.923195013082386e+00,  8.535498687664042e-01
5700        ,  2.603800000000000e+00,  2.157443526764655e+00,  9.654117647058824e-01
5019        ,  1.267900000000000e+00,  1.360800810774108e+00,  5.849868766404200e-01
3728        ,  0.000000000000000e+00,  1.357875457496105e-01,  0.000000000000000e+00
3412        ,  4.977500000000000e+00,  4.921668907858900e+00,  2.285426509186351e+00
4657        ,  7.240000000000002e-01,  5.153055497514959e-01,  1.812331818181819e-01
5471        ,  2.481200000000000e+00,  2.064219712090503e+00,  9.208941176470589e-01
4615        ,  0.000000000000000e+00,  1.357875457496105e-01,  0.000000000000000e+00
5698        ,  2.943900000000000e+00,  3.006509475213381e+00,  1.370870588235294e+00
4055        ,  1.163999999999996e-01,  3.060737526808312e-01,  8.131764705882347e-02
3563        ,  0.000000000000000e+00,  7.876338787482774e-01,  3.112795275590552e-01
3429        ,  4.021700000000000e+00,  3.513723974463556e+00,  1.613083333333333e+00
3238        ,  0.000000000000000e+00,  1.357875457496105e-01,  0.000000000000000e+00
4089        ,  4.025900000000000e+00,  4.315831252823700e+00,  1.996117741935484e+00
5882        ,  0.000000000000000e+00,  1.357875457496105e-01,  0.000000000000000e+00
5695        ,  2.888000000000000e+00,  2.045693203466041e+00,  9.120470588235294e-01
3906        ,  1.246300000000000e+00,  1.323458454352336e+00,  5.671545893719806e-01
4715        ,  0.000000000000000e+00,  1.357875457496105e-01,  0.000000000000000e+00
3782        ,  1.082200000000000e+00,  6.627320542697229e-01,  2.516345177664973e-01
5548        ,  0.000000000000000e+00,  1.357875457496105e-01,  0.000000000000000e+00
5285        ,  3.423700000000000e+00,  3.068520907068678e+00,  1.400483225806451e+00
3230        ,  0.000000000000000e+00,  1.357875457496105e-01,  0.000000000000000e+00
3651        ,  2.001500000000000e+00,  1.869971968765146e+00,  8.281339950372208e-01
3745        ,  2.101100000000000e+00,  1.169401449457518e+00,  4.935869565217393e-01
3293        ,  2.504400000000000e+00,  2.768897863064583e+00,  1.257402694610779e+00
4029        ,  2.932100000000001e+00,  2.782039353045688e+00,  1.263678217821782e+00
3226        ,  0.000000000000000e+00,  1.357875457496105e-01,  0.000000000000000e+00
4324        ,  0.000000000000000e+00,  1.686346130038071e-01,  1.568562874251489e-02
4839        ,  2.247100000000000e+00,  1.985383505177900e+00,  8.832470588235294e-01
4618        ,  9.976000000000003e-01,  1.090402785687373e+00,  4.558623188405797e-01
3455        ,  0.000000000000000e+00,  1.357875457496105e-01,  0.000000000000000e+00
3479        ,  2.809000000000000e+00,  2.631741856602598e+00,  1.191905882352941e+00
5562        ,  3.304500000000000e+00,  3.044125021647045e+00,  1.388833333333334e+00
3645        ,  0.000000000000000e+00,  1.357875457496105e-01,  0.000000000000000e+00
3194        ,  0.000000000000000e+00,  1.357875457496105e-01,  0.000000000000000e+00
5373        ,  3.522100000000000e+00,  3.202121813615275e+00,  1.464282352941177e+00
4502        ,  7.188000000000000e+00,  6.893169046317178e+00,  3.226887096774193e+00
3402        ,  0.000000000000000e+00,  1.357875457496105e-01,  0.000000000000000e+00
5728        ,  3.545400000000000e+00,  3.795553149045002e+00,  1.747666666666667e+00
5254        ,  4.435099999999999e+00,  6.265204087945795e+00,  2.927011764705882e+00
3620        ,  9.683000000000000e-01,  1.220768967522777e+00,  5.181167512690357e-01
4550        ,  0.000000000000000e+00,  1.357875457496105e-01,  0.000000000000000e+00
4091        ,  5.020000000000000e-01,  6.327103035130409e-01,  2.372980769230773e-01
2987        ,  0.000000000000000e+00,  1.357875457496105e-01,  0.000000000000000e+00
3179        ,  0.000000000000000e+00,  1.357875457496105e-01,  0.000000000000000e+00
5741        ,  1.094500000000000e+00,  1.203848832856598e+00,  5.100367924528301e-01
5538        ,  0.000000000000000e+00,  1.357875457496105e-01,  0.000000000000000e+00
3710        ,  3.456000000000000e+00,  3.361469496837372e+00,  1.540376470588235e+00
4147        ,  2.493800000000000e+00,  2.577282607534399e+00,  1.165899677419355e+00
5595        ,  1.449800000000000e+00,  1.423816762868067e+00,  6.150792079207923e-01
3514        ,  0.000000000000000e+00,  1.357875457496105e-01,  0.000000000000000e+00
4109        ,  3.027700000000000e+00,  2.935655434250680e+00,  1.337035294117647e+00
4239        ,  4.587000000000003e-01,  5.715546794590195e-01,  2.080941176470589e-01
4065        ,  0.000000000000000e+00,  1.357875457496105e-01,  0.000000000000000e+00
4072        ,  9.394999999999998e-01,  9.640604446251380e-01,  3.955294117647059e-01
5813        ,  4.605999999999999e-01,  1.357875457496105e-01,  0.000000000000000e+00
5501        ,  0.000000000000000e+00,  1.357875457496105e-01,  0.000000000000000e+00
4100        ,  0.000000000000000e+00,  1.357875457496105e-01,  0.000000000000000e+00
4901        ,  1.536700000000000e+00,  1.524930906443572e+00,  6.633647642679903e-01
3917        ,  4.013700000000000e+00,  3.846608193099258e+00,  1.772047244094488e+00
5315        ,  1.127500000000000e+00,  1.183171075030328e+00,  5.001624365482232e-01
5018        ,  1.576900000000000e+00,  1.321582642973790e+00,  5.662588235294120e-01
3870        ,  1.333400000000000e+00,  6.042717053277494e-01,  2.237176470588235e-01
3146        ,  0.000000000000000e+00,  1.357875457496105e-01,  0.000000000000000e+00
4918        ,  1.971800000000000e+00,  1.639798914385176e+00,  7.182182741116752e-01
3936        ,  7.376000000000000e-01,  9.259990322217800e-01,  3.773537500000000e-01
5518        ,  0.000000000000000e+00,  1.357875457496105e-01,  0.000000000000000e+00
4299        ,  3.159100000000000e+00,  2.603163731596779e+00,  1.178258823529412e+00
4572        ,  2.515200000000000e+00,  2.374538731550233e+00,  1.069082352941176e+00
4645        ,  3.145100000000000e+00,  2.613747864358755e+00,  1.183313118811881e+00
4955        ,  4.844999999999997e-01,  1.357875457496105e-01,  0.000000000000000e+00
3330        ,  0.000000000000000e+00,  1.357875457496105e-01,  0.000000000000000e+00
3631        ,  3.243400000000000e+00,  3.481201986085887e+00,  1.597552941176471e+00
4587        ,  0.000000000000000e+00,  1.357875457496105e-01,  0.000000000000000e+00
3642        ,  5.232000000000000e-01,  6.895174403638079e-01,  2.644254807692311e-01
4357        ,  2.144500000000000e+00,  1.357875457496105e-01,  0.000000000000000e+00
5777        ,  6.503000000000001e-01,  7.657675001078064e-01,  3.008375634517767e-01
5478        ,  5.165000000000000e+00,  4.867376548598705e+00,  2.259500000000000e+00
4935        ,  3.557399999999999e+00,  3.776233735203065e+00,  1.738440967741935e+00
4094        ,  1.604600000000000e+00,  1.346317502892619e+00,  5.780705882352944e-01
4780        ,  3.433200000000000e+00,  3.563290186533634e+00,  1.636752941176471e+00
4269        ,  0.000000000000000e+00,  1.357875457496105e-01,  0.000000000000000e+00
4192        ,  2.623400000000000e+00,  2.151149386069998e+00,  9.624060913705584e-01
3151        ,  1.532600000000000e+00,  1.235810301848235e+00,  5.252995169082126e-01
4437        ,  0.000000000000000e+00,  1.357875457496105e-01,  0.000000000000000e+00
3656        ,  2.389100000000000e+00,  2.112309798307189e+00,  9.438588235294118e-01
3799        ,  3.415900000000000e+00,  3.141307984804402e+00,  1.435241612903225e+00
5062        ,  4.345800000000000e+00,  4.247788632591635e+00,  1.963625000000000e+00
5012        ,  0.000000000000000e+00,  1.357875457496105e-01,  0.000000000000000e+00
4716        ,  3.336500000000000e+00,  3.318897945104567e+00,  1.520047058823530e+00
4389        ,  1.188300000000000e+00,  1.306012492108550e+00,  5.588235294117647e-01
3320        ,  0.000000000000000e+00,  1.357875457496105e-01,  0.000000000000000e+00
3210        ,  7.141999999999999e-01,  7.277894528881488e-01,  2.827017114914425e-01
3051        ,  3.296900000000000e+00,  3.380208227928729e+00,  1.549324873096447e+00
4912        ,  0.000000000000000e+00,  1.357875457496105e-01,  0.000000000000000e+00
3612        ,  2.530999999999999e-01,  4.031319725144271e-01,  1.276663573085848e-01
3466        ,  8.565000000000000e-01,  1.007974675506923e+00,  4.165000000000001e-01
3630        ,  3.936000000000000e+00,  3.674096117770274e+00,  1.689666666666667e+00
3988        ,  1.247000000000000e+00,  1.270483014302845e+00,  5.418569553805774e-01
5274        ,  2.598400000000000e+00,  4.775062224540759e+00,  2.215416666666667e+00
5098        ,  2.883100000000000e+00,  2.330241637331736e+00,  1.047928934010152e+00
4104        ,  3.053999999999999e+00,  2.971658256970018e+00,  1.354227906976744e+00
5253        ,  4.834600000000000e+00,  4.873252309645161e+00,  2.262305882352941e+00
3828        ,  3.228500000000000e+00,  3.363046220975624e+00,  1.541129411764706e+00
3094        ,  0.000000000000000e+00,  1.357875457496105e-01,  0.000000000000000e+00
3008        ,  0.000000000000000e+00,  1.357875457496105e-01,  0.000000000000000e+00
5311        ,  0.000000000000000e+00,  1.357875457496105e-01,  0.000000000000000e+00
5039        ,  8.927999999999998e-01,  1.357875457496105e-01,  0.000000000000000e+00
3787        ,  0.000000000000000e+00,  1.357875457496105e-01,  0.000000000000000e+00
3613        ,  5.574700000000000e+00,  5.548681512368883e+00,  2.584847058823530e+00
3295        ,  0.000000000000000e+00,  1.357875457496105e-01,  0.000000000000000e+00
4347        ,  3.522500000000000e+00,  4.148609644492240e+00,  1.916263548387097e+00
4407        ,  3.911400000000000e+00,  3.207376534229671e+00,  1.466791666666666e+00
5070        ,  2.822200000000000e+00,  2.559212546243004e+00,  1.157270588235294e+00
4605        ,  8.457000000000000e-01,  7.048864143999580e-01,  2.717647058823530e-01
4252        ,  1.628000000000003e-01,  1.357875457496105e-01,  0.000000000000000e+00
3484        ,  1.768600000000000e+00,  2.183703630220818e+00,  9.779518867924528e-01
4910        ,  0.000000000000000e+00,  1.357875457496105e-01,  0.000000000000000e+00
5542        ,  4.253000000000000e-01,  1.357875457496105e-01,  0.000000000000000e+00
3732        ,  0.000000000000000e+00,  1.357875457496105e-01,  0.000000000000000e+00
5911        ,  1.002100000000000e+00,  1.699083760922597e+00,  7.465288713910762e-01
3440        ,  2.282500000000000e+00,  2.608288085046099e+00,  1.180705882352941e+00
3322        ,  0.000000000000000e+00,  1.357875457496105e-01,  0.000000000000000e+00
4277        ,  2.930600000000000e+00,  2.700822082909765e+00,  1.224894117647059e+00
3649        ,  1.546300000000000e+00,  1.106359798102385e+00,  4.634823529411765e-01
4231        ,  3.127200000000000e+00,  3.301356889066513e+00,  1.511670588235294e+00
5198        ,  3.256600000000000e+00,  3.235134475259927e+00,  1.480047058823529e+00
4920        ,  3.948700000000000e+00,  3.728254949498254e+00,  1.715529411764706e+00
5137        ,  3.959000000000001e-01,  5.526537117841717e-01,  1.990682414698163e-01
3327        ,  1.875800000000000e+00,  1.284580148928535e+00,  5.485888324873096e-01
3038        ,  0.000000000000000e+00,  1.357875457496105e-01,  0.000000000000000e+00
4382        ,  1.551700000000000e+00,  1.557637962897990e+00,  6.789835329341317e-01
3812        ,  9.600000000000053e-03,  1.357875457496105e-01,  0.000000000000000e+00
5842        ,  5.800000000000005e-02,  1.357875457496105e-01,  0.000000000000000e+00
3141        ,  3.993400000000000e+00,  3.944069065921503e+00,  1.818588235294118e+00
4658        ,  2.303800000000000e+00,  2.249680862339288e+00,  1.009458333333333e+00
3939        ,  0.000000000000000e+00,  1.357875457496105e-01,  0.000000000000000e+00
4383        ,  5.411300000000000e+00,  4.781431738393529e+00,  2.218458333333333e+00
3396        ,  2.201400000000000e+00,  2.258681271977153e+00,  1.013756345177665e+00
3007        ,  1.782999999999997e-01,  1.856167061298324e+00,  8.215416666666667e-01
3512        ,  2.296399999999999e+00,  2.224350519740026e+00,  9.973622047244096e-01
4011        ,  0.000000000000000e+00,  1.357875457496105e-01,  0.000000000000000e+00
5603        ,  1.377800000000001e+00,  1.599147455774948e+00,  6.988057742782152e-01
4512        ,  7.999000000000001e-01,  4.762062265693331e-01,  1.625618811881186e-01
3018        ,  0.000000000000000e+00,  1.794125813133674e-01,  2.083248730964481e-02
4102        ,  1.217700000000000e+00,  1.113844211206217e+00,  4.670564231738035e-01
4496        ,  1.123700000000000e+00,  5.071060803079671e-01,  1.773176470588235e-01
5524        ,  0.000000000000000e+00,  1.357875457496105e-01,  0.000000000000000e+00
3934        ,  1.132800000000000e+00,  1.022596328257745e+00,  4.234823529411765e-01
5810        ,  1.667300000000000e+00,  1.677575800373853e+00,  7.362580645161290e-01
4197        ,  1.164100000000000e+00,  9.711557032472727e-01,  3.989176470588238e-01
4773        ,  2.457200000000000e+00,  2.013049060028181e+00,  8.964583333333334e-01
3301        ,  1.573000000000000e+00,  1.357875457496105e-01,  0.000000000000000e+00
4813        ,  4.401000000000000e+00,  3.420796813995658e+00,  1.568707349081365e+00
4227        ,  4.606999999999999e-01,  1.042428173585737e+00,  4.329527559055119e-01
3814        ,  2.086700000000000e+00,  1.980948968539066e+00,  8.811294117647057e-01
5086        ,  4.665000000000000e+00,  4.186490402177755e+00,  1.934352941176471e+00
3760        ,  3.901500000000000e+00,  3.713078979667578e+00,  1.708282352941176e+00
4553        ,  3.322600000000000e+00,  3.356739324422617e+00,  1.538117647058824e+00
4307        ,  0.000000000000000e+00,  1.357875457496105e-01,  0.000000000000000e+00
3411        ,  0.000000000000000e+00,  1.357875457496105e-01,  0.000000000000000e+00
5704        ,  2.854299999999999e+00,  3.044753567867629e+00,  1.389133486238532e+00
3736        ,  4.481999999999999e-01,  6.710947929511953e-01,  2.556280193236717e-01
3449        ,  5.802000000000000e-01,  6.752374579627648e-01,  2.576062874251498e-01
4770        ,  2.630999999999999e-01,  7.886919147026794e-01,  3.117847769028871e-01
3622        ,  0.000000000000000e+00,  1.357875457496105e-01,  0.000000000000000e+00
4439        ,  0.000000000000000e+00,  1.357875457496105e-01,  0.000000000000000e+00
3560        ,  1.123000000000000e+00,  3.532741346934501e-01,  1.038574879227054e-01
4365        ,  4.376200000000001e+00,  4.676640147473307e+00,  2.168416666666666e+00
3203        ,  2.789999999999981e-02,  1.357875457496105e-01,  0.000000000000000e+00
4589        ,  1.158500000000000e+00,  1.262002279645538e+00,  5.378071065989847e-01
5874        ,  4.438800000000000e+00,  4.724018860104182e+00,  2.191041666666667e+00
3136        ,  1.730999999999998e-01,  4.930189579905795e-01,  1.705905511811023e-01
3534        ,  0.000000000000000e+00,  5.568265403024458e-01,  2.010609137055838e-01
5473        ,  0.000000000000000e+00,  1.357875457496105e-01,  0.000000000000000e+00
3749        ,  2.032700000000000e+00,  1.948139900398306e+00,  8.654619289340102e-01
3192        ,  1.573799999999999e+00,  1.629658006995355e+00,  7.133756345177665e-01
4965        ,  2.943700000000000e+00,  2.783994281202561e+00,  1.264611764705882e+00
5122        ,  0.000000000000000e+00,  1.357875457496105e-01,  0.000000000000000e+00
5199        ,  0.000000000000000e+00,  1.386086748378987e-01,  1.347188264058635e-03
5599        ,  1.938499999999999e+00,  1.861382511704991e+00,  8.240322274881516e-01
4563        ,  0.000000000000000e+00,  1.357875457496105e-01,  0.000000000000000e+00
5191        ,  2.255300000000000e+00,  2.139130532867248e+00,  9.566666666666666e-01
