0             12|30|div
1             30|12|div
2             48|17|div
3             236|201|div
4             64|28|div
5             204|201|div
6             207|201|div
7             21|17|div
8             7|12|div
9             22|17|div
10            12|7|div
11            225|201|div
12            129|53|div
13            25|17|div
14            7|53|div
15            7|16|div
16            86|17|div
17            200|213|div
18            85|17|div
19            87|17|div
20            84|17|div
21            112|17|div
22            29|16|div
23            16|7|div
24            197|214|div
25            89|17|div
26            124|12|div
27            123|12|div
28            234|201|div
29            7|13|div
30            164|53|div
31            124|53|div
32            144|17|div
33            129|16|div
34            214|197|div
35            124|17|div
36            129|12|div
37            237|191|div
38            218|201|div
39            123|58|div
40            58|123|div
41            12|94|div
42            223|201|div
43            244|201|div
44            12|123|div
45            105|17|div
46            243|196|div
47            197|191|div
48            117|17|div
49            60|12|div
50            213|237|div
51            42|12|div
52            105|58|div
53            129|13|div
54            124|16|div
55            156|9|mult
56            196|243|div
57            28|63|div
58            64|17|div
59            164|4|div
60            201|236|div
61            244|237|div
62            164|134|div
63            147|17|div
64            94|12|div
65            9|cbrt
66            129|4|div
67            114|58|div
68            226|200|div
69            123|16|div
70            164|133|div
71            164|138|div
72            206|237|div
73            78|12|div
74            12|124|div
75            105|57|div
76            129|134|div
77            156|40|mult
78            164|16|div
79            182|17|div
80            129|135|div
81            41|53|div
82            58|inv
83            9|sqrt
84            129|133|div
85            1|17|div
86            12|78|div
87            118|40|div
88            114|17|div
89            63|17|div
90            17|inv
91            25|53|div
92            103|17|div
93            129|138|div
94            138|129|div
95            25|179|div
96            22|179|div
97            105|12|div
98            16|94|div
99            138|28|mult
100           69|12|div
101           179|58|add
102           164|135|div
103           123|53|div
104           16|9|mult
105           94|16|div
106           164|17|div
107           34|53|div
108           70|17|div
109           12|9|mult
110           78|16|div
111           5|12|div
112           55|41|mult
113           79|17|div
114           129|175|div
115           58|cbrt
116           12|69|div
117           190|196|div
118           164|12|div
119           87|53|div
120           134|129|div
121           9|5|mult
122           58|57|add
123           63|28|div
124           58|sqrt
125           84|53|div
126           98|17|div
127           164|8|div
128           129|125|div
129           86|53|div
130           48|138|div
131           55|12|div
132           12|34|div
133           83|17|div
134           114|12|div
135           78|58|abd
136           53|129|div
137           138|164|div
138           89|53|div
139           112|53|div
140           129|8|div
141           134|28|mult
142           196|226|div
143           164|175|div
144           105|53|div
145           16|123|div
146           78|58|sub
147           94|53|div
148           16|78|div
149           196|244|div
150           58|9|mult
151           58
152           77|12|div
153           127|9|mult
154           226|237|div
155           58|114|div
156           135|129|div
157           123|17|div
158           25|180|div
159           12|6|div
160           87|12|div
161           58|12|add
162           13|9|mult
163           193|209|div
164           48|175|div
165           124|25|mult
166           239|200|div
167           84|12|div
168           12|5|div
169           55|134|div
170           5|17|div
171           111|133|div
172           161|17|div
173           179|58|mult
174           28|16|mult
175           9|22|div
176           69|16|div
177           79|58|sub
178           79|58|abd
179           114|57|div
180           129|154|div
181           64|9|div
182           127|17|div
183           57|105|div
184           55|135|div
185           58|57|mult
186           48|134|div
187           138|7|div
188           124|133|div
189           41|179|div
190           86|12|div
191           12|inv
192           124|179|div
193           129|17|div
194           209|242|div
195           135|28|mult
196           134|7|div
197           122|17|div
198           264|211|add
199           22|12|div
200           79|53|div
201           57|123|div
202           35|16|mult
203           134|164|div
204           85|53|div
205           124|13|div
206           70|12|div
207           60|16|div
208           151|17|div
209           16|124|div
210           48|135|div
211           55|138|div
212           128|9|mult
213           164|125|div
214           79|12|div
215           55|9|div
216           9|6|mult
217           12|77|div
218           14|9|mult
219           78|53|div
220           57|9|mult
221           89|12|div
222           209|196|div
223           91|21|add
224           55|17|div
225           138|35|mult
226           123|57|div
227           179|12|add
228           63|28|abd
229           129|55|mult
230           16|42|div
231           15|9|mult
232           40|16|mult
233           22|180|div
234           41|180|div
235           179|25|div
236           134|151|div
237           179|9|mult
238           12|cbrt
239           25|57|div
240           63|28|sub
241           243|242|div
242           180|9|mult
243           181|9|mult
244           181|58|add
245           19|17|div
246           124|134|div
247           27|25|add
248           30|9|mult
249           59|9|mult
250           134|9|mult
251           20|53|div
252           124|180|div
253           129|140|div
254           41|12|div
255           9|89|div
256           57|inv
257           105|61|sub
258           16|129|div
259           12|79|div
260           12|sqrt
261           57|25|div
262           12|129|div
263           22|57|div
264           22|58|div
265           55|133|div
266           12|105|div
267           34|12|div
268           123|13|div
269           180|58|add
270           58|sq
271           91|85|add
272           138|151|div
273           57|12|add
274           58|59|div
275           78|12|sub
276           12|114|div
277           23|53|div
278           112|12|div
279           151|12|div
280           64|35|div
281           135|9|mult
282           124|58|div
283           91|25|add
284           53|124|div
285           134|35|mult
286           122|9|mult
287           134|58|add
288           16|69|div
289           9|20|div
290           270|21|add
291           12|25|div
292           64|133|div
293           87|179|div
294           9|23|div
295           22|134|div
296           40|12|mult
297           186|201|div
298           270|85|add
299           9|105|div
300           48|162|div
301           25|134|div
302           135|151|div
303           63|9|div
304           180|57|add
305           242|209|div
306           84|179|div
307           85|12|div
308           57|cbrt
309           135|164|div
310           164|13|div
311           48|131|div
312           94|17|div
313           142|17|div
314           123|25|mult
315           303|133|div
316           89|179|div
317           232|17|div
318           135|7|div
319           243|200|div
320           162|9|add
321           124|138|div
322           57|sqrt
323           179|57|add
324           138|9|mult
325           87|58|div
326           114|58|mult
327           58|12|mult
328           58|6|add
329           180|12|add
330           25|135|div
331           84|58|div
332           53|nexp
333           64|40|div
334           118|9|div
335           20|179|div
336           138|58|add
337           121|17|div
338           16|34|div
339           179|22|div
340           12
341           175|61|add
342           89|58|div
343           135|58|add
344           23|179|div
345           86|58|div
346           204|17|div
347           20|134|div
348           86|179|div
349           53|164|div
350           53|9|mult
351           25|175|div
352           40|cbrt
353           94|133|div
354           179|124|div
355           78|16|sub
356           23|134|div
357           207|17|div
358           9|21|div
359           87|9|div
360           17|144|div
361           105|16|div
362           48|33|mult
363           22|175|div
364           84|9|div
365           64|150|div
366           57
367           89|9|div
368           29|17|div
369           58|105|div
370           123|58|sub
371           17|129|div
372           22|135|div
373           239|17|div
374           105|179|div
375           77|16|div
376           86|9|div
377           123|58|abd
378           55|175|div
379           9|114|div
380           9|41|div
381           57|114|div
382           131|9|add
383           55|22|mult
384           55|40|div
385           181|58|mult
386           205|17|div
387           17|117|div
388           42|9|mult
389           58|16|add
390           79|16|div
391           128|58|add
392           145|17|div
393           55|179|div
394           135|35|mult
395           87|16|div
396           55|180|div
397           53|29|div
398           111|17|div
399           22|138|div
400           239|129|mult
401           179|12|mult
402           134|40|mult
403           85|9|div
404           25|138|div
405           239|197|div
406           7|4|div
407           114|53|div
408           6|17|div
409           47|133|div
410           57|12|div
411           58|6|mult
412           143|17|div
413           121|9|mult
414           152|9|mult
415           21|134|div
416           61|53|add
417           9
418           40|13|mult
419           136|9|mult
420           84|16|div
421           78|17|div
422           22|4|div
423           17|cbrt
424           87|134|div
425           209|17|div
426           134|29|div
427           266|9|div
428           9|87|div
429           127|40|mult
430           21|53|div
431           70|9|mult
432           206|17|div
433           20|138|div
434           9|84|div
435           172|131|div
436           16|14|sub
437           41|181|div
438           89|134|div
439           20|175|div
440           16|79|div
441           135|131|div
442           23|138|div
443           114|12|mult
444           40|15|mult
445           175|131|div
446           12|70|div
447           84|134|div
448           179|105|div
449           23|175|div
450           243|201|div
451           137|9|mult
452           172|162|div
453           124|135|div
454           138|40|mult
455           57|12|mult
456           16|59|div
457           12|89|div
458           9|86|div
459           234|17|div
460           179|16|add
461           112|4|div
462           47|17|div
463           20|135|div
464           175|129|div
465           112|134|div
466           69|53|div
467           108|105|sub
468           114|9|mult
469           138|29|div
470           79|9|mult
471           13|123|div
472           172|17|div
473           93|9|mult
474           23|135|div
475           91|89|add
476           9|161|div
477           164|140|div
478           89|135|div
479           21|138|div
480           87|57|div
481           77|17|div
482           57|17|div
483           69|17|div
484           129|32|div
485           86|16|div
486           28|25|add
487           35|12|mult
488           135|40|mult
489           181|12|add
490           121|12|div
491           9|124|div
492           160|125|div
493           14|12|sub
494           123|133|div
495           84|57|div
496           179|57|mult
497           181|57|add
498           40|25|div
499           5|16|div
#-----------------------------------------------------------------------
500           108|62|mult
501           62|18|div
502           62|3|div
503           62|48|mult
504           143|62|mult
505           164|143|div
506           62|41|mult
507           164|145|div
508           62|21|mult
509           62|39|mult
510           62|12|div
511           62|13|div
512           62|22|mult
513           145|62|mult
514           62|23|mult
515           164|144|div
516           62|16|div
517           164|142|div
518           129|145|div
519           62|20|mult
520           129|143|div
521           112|62|mult
522           129|142|div
523           62|25|mult
524           62|180|div
525           129|144|div
526           62|134|div
527           86|62|mult
528           62|58|div
529           142|62|mult
530           62|135|div
531           62|138|div
532           85|62|mult
533           62|6|div
534           287|62|mult
535           84|62|mult
536           108|129|div
537           87|62|mult
538           103|62|mult
539           62|59|div
540           105|62|mult
541           108|164|div
542           62|179|div
543           83|81|div
544           266|164|mult
545           89|62|mult
546           62|181|div
547           161|62|mult
548           62|127|div
549           62|175|div
550           62|40|div
551           62|128|div
552           62|57|div
553           164|55|mult
554           62|9|div
555           108|116|div
556           62|50|div
557           156|62|mult
558           303|266|mult
559           124|62|mult
560           62|5|div
561           62|14|div
562           62|60|mult
563           147|62|mult
564           117|62|mult
565           144|62|mult
566           62|30|div
567           62|1|mult
568           62|114|div
569           62|118|div
570           303|263|mult
571           245|cbrt
572           62|70|div
573           62|152|div
574           182|62|mult
575           266|129|mult
576           62|19|mult
577           62|34|mult
578           62|123|div
579           108|96|div
580           62|15|div
581           164|147|div
582           62|77|div
583           163|62|mult
584           79|62|mult
585           263|164|mult
586           62|52|mult
587           184|62|mult
588           164|182|div
589           129|147|div
590           62|35|div
591           62
592           62|136|div
593           129|182|div
594           62|32|div
595           62|53|div
596           116|62|mult
597           62|122|div
598           121|62|mult
599           62|76|div
600           101|62|mult
601           62|7|mult
602           122|62|mult
603           93|62|mult
604           62|42|mult
605           62|82|div
606           185|62|mult
607           62|121|div
608           114|62|mult
609           62|69|div
610           291|129|mult
611           98|81|div
612           62|78|div
613           62|137|div
614           263|129|mult
615           98|62|mult
616           62|125|div
617           291|164|mult
618           62|94|div
619           62|154|div
620           123|62|mult
621           81|62|mult
622           108|32|div
623           78|62|mult
624           80|62|mult
625           70|62|mult
626           62|98|div
627           69|62|mult
628           62|11|div
629           62|140|div
630           266|160|mult
631           63|150|div
632           156|129|div
633           160|145|div
634           145|129|div
635           68|62|mult
636           62|99|div
637           62|164|div
638           62|80|div
639           62|129|div
640           62|37|mult
641           129|184|div
642           106|62|mult
643           62|54|div
644           102|62|mult
645           303|264|mult
646           62|182|div
647           62|24|div
648           62|38|mult
649           62|60|div
650           160|143|div
651           62|34|div
652           160|142|div
653           143|129|div
654           145|164|div
655           62|36|div
656           62|79|div
657           62|50|mult
658           62|29|mult
659           62|5|mult
660           62|sqrt
661           62|7|div
662           62|202|div
663           77|62|mult
664           151|62|mult
665           71|62|mult
666           129|63|mult
667           62|38|div
668           62|42|div
669           62|57|mult
670           19|81|div
671           143|164|div
672           142|129|div
673           62|187|div
674           76|62|mult
675           62|73|div
676           156|164|div
677           62|133|div
678           62|124|div
679           62|177|div
680           72|62|mult
681           66|62|sub
682           62|59|mult
683           142|164|div
684           111|62|mult
685           62|155|div
686           179|62|mult
687           62|47|mult
688           164|184|div
689           284|164|mult
690           181|62|mult
691           164|119|mult
692           62|6|mult
693           62|105|div
694           263|160|mult
695           34|81|div
696           62|147|div
697           62|158|div
698           129|119|mult
699           127|62|mult
700           108|38|div
701           128|62|mult
702           284|129|mult
703           164|117|div
704           127|81|div
705           164|83|mult
706           48|81|div
707           301|62|mult
708           62|53|mult
709           62|161|div
710           62|67|div
711           262|150|div
712           34|145|div
713           129|156|div
714           129|1|mult
715           100|81|div
716           34|143|div
717           184|145|mult
718           62|160|div
719           112|81|div
720           164|60|div
721           62|58|mult
722           62|15|mult
723           83|62|mult
724           62|63|div
725           129|117|div
726           108|72|div
727           108|3|div
728           108|68|div
729           164|63|mult
730           164|1|mult
731           129|60|div
732           108|160|div
733           184|143|mult
734           108|42|div
735           34|142|div
736           164|87|mult
737           145|124|div
738           164|81|div
739           62|28|div
740           143|124|div
741           62|96|div
742           62|26|div
743           62|14|mult
744           164|84|mult
745           96|62|mult
746           108|nexp
747           145|5|div
748           266|36|mult
749           62|sq
750           62|144|div
751           129|64|mult
752           62|106|div
753           164|34|mult
754           108|11|div
755           157|62|mult
756           62|28|mult
757           62|148|div
758           262|143|sub
759           145|42|div
760           184|142|mult
761           108|16|div
762           62|162|div
763           50|81|div
764           184|108|mult
765           164|156|div
766           108|13|div
767           129|87|mult
768           62|cbrt
769           291|81|div
770           228|62|mult
771           2|187|div
772           264|164|mult
773           303|81|div
774           129|84|mult
775           62|1|div
776           108|92|mult
777           164|28|div
778           62|71|div
779           129|152|div
780           20|81|div
781           129|69|mult
782           164|69|mult
783           129|80|mult
784           266|150|div
785           150|143|sub
786           157|108|mult
787           145|34|div
788           23|81|div
789           145|94|div
790           141|62|mult
791           129|77|mult
792           143|42|div
793           129|123|mult
794           62|17|mult
795           164|80|mult
796           266|81|div
797           129|76|mult
798           108|7|div
799           263|36|mult
800           164|157|div
801           143|28|sub
802           143|5|div
803           164|76|mult
804           160|144|div
805           164|77|mult
806           124|81|div
807           259|62|mult
808           172|81|div
809           164|112|mult
810           164|89|mult
811           145|98|div
812           62|10|mult
813           143|50|div
814           87|81|div
815           129|83|mult
816           84|81|div
817           143|83|sub
818           129|161|div
819           62|150|div
820           129|34|mult
821           164|163|div
822           108|98|div
823           120|108|mult
824           62|117|div
825           164|123|mult
826           62|200|div
827           180|62|mult
828           266|125|mult
829           62|55|mult
830           264|129|mult
831           164|152|div
832           62|157|div
833           164|181|div
834           120|62|mult
835           62|25|div
836           174|62|mult
837           263|81|div
838           145|7|div
839           142|42|div
840           164|161|div
841           142|5|div
842           129|163|div
843           263|150|div
844           143|94|div
845           145|29|div
846           62|4|mult
847           129|62|mult
848           164|128|div
849           129|122|mult
850           299|140|div
851           228|nexp
852           160|62|mult
853           108|18|div
854           262|164|mult
855           299|133|div
856           62|89|div
857           129|181|div
858           117|81|div
859           145|50|div
860           129|81|div
861           145|59|div
862           86|81|div
863           299|125|div
864           108|12|div
865           159|62|mult
866           55|81|div
867           143|7|div
868           284|184|div
869           164|64|mult
870           284|160|mult
871           1|81|div
872           164|86|mult
873           129|128|div
874           129|112|mult
875           62|196|div
876           108|102|div
877           62|197|div
878           63|62|mult
879           108|195|div
880           70|81|div
881           5|81|div
882           85|81|div
883           145|123|div
884           62|13|mult
885           62|55|div
886           262|99|div
887           143|34|div
888           164|122|mult
889           164|98|mult
890           164|78|mult
891           129|78|mult
892           143|98|div
893           21|81|div
894           108|36|div
895           287|120|mult
896           258|62|mult
897           129|105|mult
898           129|5|mult
899           296|62|mult
900           89|81|div
901           62|131|div
902           22|81|div
903           164|67|mult
904           156|160|div
905           145|60|div
906           62|104|div
907           108|cbrt
908           25|81|div
909           62|32|mult
910           236|62|mult
911           164|62|mult
912           129|70|mult
913           129|86|mult
914           108|94|div
915           143|60|div
916           129|98|mult
917           129|67|mult
918           63|81|div
919           164|105|mult
920           62|35|mult
921           164|179|div
922           143|92|sub
923           142|124|div
924           164|174|div
925           137|62|mult
926           83|145|div
927           62|12|mult
928           108|34|div
929           143|29|div
930           164|85|mult
931           2|195|div
932           164|180|div
933           266|154|mult
934           62|184|div
935           184|129|div
936           143|123|div
937           129|118|mult
938           108|53|div
939           62|41|div
940           83|143|div
941           145|114|div
942           164|82|mult
943           142|34|div
944           79|81|div
945           62|8|mult
946           98|143|div
947           136|62|mult
948           160|147|div
949           184|3|div
950           145|6|div
951           143|121|mult
952           143|182|div
953           41|81|div
954           164|41|div
955           92|62|mult
956           143|59|div
957           142|98|div
958           175|62|mult
959           203|81|div
960           303|265|mult
961           129|82|mult
962           108|14|div
963           164|70|mult
964           145|69|div
965           129|28|div
966           98|145|div
967           123|81|div
968           83|142|div
969           145|121|mult
970           151|81|div
971           145|122|mult
972           142|94|div
973           62|16|mult
974           120|3|div
975           61|18|div
976           105|81|div
977           74|62|mult
978           303|268|mult
979           164|5|mult
980           129|180|div
981           129|114|mult
982           62|119|div
983           150|62|mult
984           164|35|div
985           129|174|div
986           122|81|div
987           129|41|div
988           62|159|div
989           291|150|div
990           120|11|div
991           17|4|div
992           64|81|div
993           129|89|mult
994           129|85|mult
995           147|129|div
996           142|7|div
997           108|78|div
998           81|68|div
999           62|224|div
#-----------------------------------------------------------------------
1000          184|164|div
1001          160|184|div
1002          184|50|div
1003          172|184|div
1004          265|62|mult
1005          184|76|mult
1006          164|76|div
1007          184|180|div
1008          184|121|mult
1009          185|184|mult
1010          263|62|mult
1011          184|181|div
1012          184|151|div
1013          184|1|mult
1014          164|121|div
1015          184|86|mult
1016          184|59|div
1017          164|70|div
1018          184|122|mult
1019          50|184|div
1020          164|14|div
1021          268|62|mult
1022          184|105|mult
1023          164|77|div
1024          184|29|div
1025          184|128|div
1026          164|50|mult
1027          184|58|div
1028          164|15|div
1029          184|6|div
1030          164|159|div
1031          184|150|mult
1032          184|114|div
1033          184|5|div
1034          164|122|div
1035          184|70|mult
1036          266|62|mult
1037          164|20|mult
1038          291|62|mult
1039          255|62|mult
1040          184|147|div
1041          47|184|div
1042          172|150|div
1043          42|184|div
1044          184|42|div
1045          164|6|div
1046          256|62|mult
1047          164|114|mult
1048          164|23|mult
1049          164|57|div
1050          124|184|div
1051          265|120|mult
1052          164|sq
1053          302|62|mult
1054          5|184|div
1055          184|77|mult
1056          184|179|div
1057          127|184|div
1058          164|150|div
1059          184|57|div
1060          129|159|div
1061          172|164|mult
1062          184|80|mult
1063          164|59|div
1064          184|22|mult
1065          164|41|mult
1066          184|98|div
1067          164|30|div
1068          301|120|mult
1069          255|120|mult
1070          184|182|div
1071          164|58|div
1072          264|62|mult
1073          184|cbrt
1074          164|123|div
1075          164
1076          164|80|div
1077          184|sqrt
1078          164|79|div
1079          114|184|div
1080          164|103|mult
1081          301|184|mult
1082          299|264|mult
1083          184|25|mult
1084          184|60|div
1085          182|184|div
1086          164|118|mult
1087          113|62|mult
1088          184|124|div
1089          184|89|mult
1090          184|34|div
1091          164|127|mult
1092          184|127|div
1093          299|263|mult
1094          41|184|div
1095          164|105|div
1096          184|123|mult
1097          59|184|div
1098          184|144|div
1099          164|124|mult
1100          184|21|mult
1101          34|184|div
1102          300|62|mult
1103          184|inv
1104          184
1105          184|85|mult
1106          151|184|div
1107          164|69|div
1108          184|84|mult
1109          184|13|div
1110          60|184|div
1111          164|78|div
1112          184|87|mult
1113          164|22|mult
1114          123|184|div
1115          129|76|div
1116          164|7|div
1117          47|176|div
1118          164|39|mult
1119          164|25|mult
1120          42|76|div
1121          184|69|mult
1122          268|120|mult
1123          299|266|mult
1124          184|161|div
1125          301|257|sub
1126          164|cb
1127          184|16|div
1128          164|sqrt
1129          249|62|mult
1130          299|255|mult
1131          263|120|mult
1132          164|93|div
1133          164|21|mult
1134          164|129|mult
1135          62|142|div
1136          79|184|div
1137          144|184|div
1138          257|62|mult
1139          184|23|mult
1140          105|184|div
1141          184|78|mult
1142          164|114|div
1143          161|184|div
1144          164|37|div
1145          78|184|div
1146          259|120|mult
1147          181|184|div
1148          164|79|mult
1149          164|cbrt
1150          62|145|div
1151          29|184|div
1152          184|79|mult
1153          180|184|div
1154          129|121|div
1155          184|12|div
1156          184|114|mult
1157          299|265|mult
1158          164|124|div
1159          6|184|div
1160          184|7|div
1161          184|93|div
1162          264|120|mult
1163          94|184|div
1164          58|184|div
1165          184|20|mult
1166          62|143|div
1167          164|42|mult
1168          172|129|mult
1169          120|125|div
1170          147|184|div
1171          184|sq
1172          221|62|mult
1173          299|249|mult
1174          129|50|mult
1175          65|81|div
1176          164|65|mult
1177          299|268|mult
1178          62|33|mult
1179          164|60|mult
1180          164|59|mult
1181          184|123|div
1182          129|77|div
1183          164|5|div
1184          57|184|div
1185          164|147|mult
1186          266|120|mult
1187          120|140|div
1188          129|70|div
1189          76|42|div
1190          164|99|div
1191          184|117|mult
1192          129|65|mult
1193          64|62|mult
1194          62|174|div
1195          50|150|div
1196          301|164|div
1197          62|49|mult
1198          169|176|div
1199          299|148|div
1200          120|133|div
1201          184|154|div
1202          180|164|mult
1203          181|164|mult
1204          111|184|div
1205          184|41|mult
1206          128|184|div
1207          129|150|div
1208          129|103|mult
1209          296|49|mult
1210          7|184|div
1211          184|14|div
1212          160|156|div
1213          299|259|mult
1214          164|136|div
1215          69|184|div
1216          164|6|mult
1217          129|122|div
1218          61|164|div
1219          164|57|mult
1220          179|164|mult
1221          39|184|div
1222          129|14|div
1223          62|126|div
1224          302|299|mult
1225          103|184|div
1226          164|94|mult
1227          164|58|mult
1228          299|256|mult
1229          184|156|mult
1230          160|159|div
1231          179|184|div
1232          20|184|div
1233          129|127|mult
1234          70|184|div
1235          62|146|div
1236          22|184|div
1237          249|120|mult
1238          164|176|div
1239          164|29|mult
1240          164|54|div
1241          299|162|div
1242          294|170|mult
1243          300|299|mult
1244          172|28|div
1245          164|42|add
1246          76|164|div
1247          184|70|div
1248          301|129|div
1249          184|113|mult
1250          169|178|div
1251          98|184|div
1252          23|184|div
1253          184|60|mult
1254          184|94|mult
1255          129|37|div
1256          203|62|mult
1257          129|39|mult
1258          65|184|div
1259          164|128|mult
1260          182|164|mult
1261          127|150|div
1262          184|142|div
1263          164|151|mult
1264          164|48|mult
1265          184|15|div
1266          184|32|div
1267          129|15|div
1268          292|62|mult
1269          164|63|div
1270          164|137|div
1271          301|176|mult
1272          129|54|div
1273          301|299|mult
1274          255|184|mult
1275          82|62|mult
1276          301|113|mult
1277          129|80|div
1278          301|257|abd
1279          231|164|mult
1280          184|124|mult
1281          129|41|mult
1282          67|62|mult
1283          184|145|div
1284          120|138|div
1285          184|38|div
1286          120|134|div
1287          184|57|mult
1288          231|129|mult
1289          122|184|div
1290          121|184|div
1291          184|cb
1292          184|79|div
1293          98|47|mult
1294          42|150|div
1295          61|129|div
1296          302|120|mult
1297          164|71|div
1298          184|160|div
1299          129|123|div
1300          184|143|div
1301          124|150|div
1302          184|69|div
1303          180|150|div
1304          87|184|div
1305          164|121|mult
1306          164|86|div
1307          84|184|div
1308          129|124|mult
1309          184|134|div
1310          300|120|mult
1311          231|81|div
1312          296|113|mult
1313          129|105|div
1314          172|54|div
1315          184|28|mult
1316          294|169|mult
1317          129
1318          129|69|div
1319          256|120|mult
1320          164|144|mult
1321          299|174|div
1322          184|63|mult
1323          231|126|abd
1324          184|73|mult
1325          70|164|div
1326          184|78|div
1327          77|184|div
1328          80|184|div
1329          103|150|div
1330          129|20|mult
1331          256|255|sub
1332          299|131|div
1333          181|150|div
1334          98|150|div
1335          120|113|mult
1336          129|42|mult
1337          47|157|div
1338          184|99|mult
1339          257|255|sub
1340          299|138|div
1341          169|61|abd
1342          129|7|div
1343          25|184|div
1344          184|101|mult
1345          129|78|div
1346          47|178|div
1347          122|164|div
1348          301|258|sub
1349          284|169|mult
1350          47|34|mult
1351          41|150|div
1352          184|120|mult
1353          129|176|div
1354          33|17|mult
1355          265|184|mult
1356          231|73|div
1357          184|39|mult
1358          120|175|div
1359          52|81|div
1360          114|150|div
1361          258|120|mult
1362          293|62|mult
1363          129|79|div
1364          218|164|mult
1365          184|135|div
1366          5|150|div
1367          34|150|div
1368          76|129|div
1369          179|150|div
1370          170|sin
1371          231|176|div
1372          151|150|div
1373          129|sqrt
1374          120|135|div
1375          129|57|div
1376          164|38|div
1377          164|160|mult
1378          128|150|div
1379          184|105|div
1380          62|61|mult
1381          129|6|div
1382          129|23|mult
1383          164|22|div
1384          184|122|div
1385          169|61|sub
1386          21|184|div
1387          169|65|mult
1388          60|150|div
1389          286|49|mult
1390          29|150|div
1391          169|1|mult
1392          164|117|mult
1393          184|53|div
1394          14|184|div
1395          164|161|mult
1396          86|184|div
1397          129|sq
1398          284|170|mult
1399          287|nexp
1400          59|150|div
1401          191|62|mult
1402          65|74|div
1403          6|150|div
1404          164|7|mult
1405          48|184|div
1406          164|142|mult
1407          184|175|div
1408          142|184|div
1409          107|49|mult
1410          65|47|mult
1411          302|301|sub
1412          120|32|div
1413          184|112|mult
1414          129|cbrt
1415          172|43|sub
1416          291|164|div
1417          184|6|mult
1418          134|150|div
1419          113|61|mult
1420          129|59|div
1421          120|164|div
1422          129|30|div
1423          169|119|mult
1424          117|184|div
1425          61|33|mult
1426          299|258|mult
1427          120|cb
1428          150|inv
1429          129|58|div
1430          169|184|div
1431          169|139|div
1432          138|9|div
1433          89|184|div
1434          55|184|div
1435          138|150|div
1436          120|129|div
1437          223|62|mult
1438          172|61|sub
1439          184|59|mult
1440          143|184|div
1441          39|150|div
1442          299|134|div
1443          49|43|mult
1444          172|160|mult
1445          129|79|mult
1446          38|184|div
1447          155|81|mult
1448          291|129|div
1449          222|62|mult
1450          184|5|mult
1451          13|184|div
1452          129|93|div
1453          172|159|div
1454          169|98|mult
1455          164|104|div
1456          172|169|add
1457          299|33|mult
1458          249|113|mult
1459          65|176|div
1460          164|143|mult
1461          112|184|div
1462          184|138|div
1463          169|159|div
1464          160|118|mult
1465          108|52|div
1466          129|60|mult
1467          113|61|add
1468          164|50|div
1469          199|62|mult
1470          118|104|div
1471          122|42|div
1472          184|121|div
1473          58|150|div
1474          184|41|div
1475          172|34|mult
1476          180|129|mult
1477          42|121|div
1478          234|164|mult
1479          129|59|mult
1480          276|260|mult
1481          231|157|div
1482          184|106|mult
1483          205|62|mult
1484          147|150|div
1485          198|62|mult
1486          164|145|mult
1487          79|150|div
1488          119|62|mult
1489          144|150|div
1490          120|137|div
1491          97|62|mult
1492          176|138|div
1493          81|33|mult
1494          164|25|div
1495          15|184|div
1496          169|132|div
1497          181|129|mult
1498          147|129|mult
1499          231|104|div
#-----------------------------------------------------------------------
