# FEAT_ID     Feature Postfix Expression (RPN)
0             6|24|div
1             20|6|div
2             23|3|div
3             15|sqrt
4             3|inv
5             23|16|mult
6             4|25|div
7             23|1|div
8             8|3|div
9             27|10|div
10            22|23|div
11            27|6|div
12            18|16|div
13            19|15|mult
14            29|7|div
15            26|6|div
16            6|sqrt
17            17|inv
18            16|1|div
19            24|23|div
20            21
21            22|13|mult
22            16|3|div
23            11|23|div
24            6|cbrt
25            4|3|div
26            25|cb
27            1|29|div
28            15|cbrt
29            28|10|div
30            7|24|div
31            22|17|add
32            25|15|mult
33            25|7|div
34            24|13|mult
35            26|3|div
36            20|7|div
37            21|26|div
38            1|25|div
39            24|17|add
40            29|15|mult
41            23
42            25|8|mult
43            3|sqrt
44            27|7|div
45            17|sq
46            25|3|div
47            29|3|div
48            21|12|div
49            26|12|div
50            9|7|mult
51            15|10|div
52            25|1|mult
53            22|19|add
54            8|cbrt
55            23|12|div
56            8
57            19|cbrt
58            12|9|sub
59            7|inv
60            25|sq
61            10|23|div
62            8|sqrt
63            29|8|mult
64            22|18|add
65            7|sqrt
66            23|11|div
67            25|4|mult
68            26|11|div
69            16
70            24|19|add
71            19|sqrt
72            24|18|add
73            29|1|mult
74            10|16|div
75            22|26|div
76            17|1|mult
77            19|cb
78            15|log
79            12|9|abd
80            18|sq
81            18|3|div
82            23|4|div
83            16|11|div
84            23|9|div
85            18|1|mult
86            19|1|mult
87            25|10|div
88            26|4|div
89            21|7|div
90            11|26|div
91            16|9|div
92            1|16|div
93            15|13|mult
94            16|sqrt
95            19|8|mult
96            16|cbrt
97            17|8|mult
98            8|1|add
99            16|12|div
100           8|4|add
101           1
102           17|14|mult
103           25|16|div
104           14|sq
105           14|1|mult
106           19|3|div
107           16|4|div
108           25|8|add
109           25
110           29|4|mult
111           4|1|add
112           4
113           18|8|mult
114           24|26|div
115           19
116           17
117           23|sqrt
118           29|16|div
119           12|16|div
120           12|6|mult
121           4|cbrt
122           19|4|mult
123           17|cbrt
124           26|22|div
125           10|26|div
126           17|sqrt
127           26|7|div
128           16|8|div
129           7|cbrt
130           20|10|div
131           26|cb
132           4|sqrt
133           25|sqrt
134           8|16|div
135           1|cbrt
136           17|4|mult
137           26|8|div
138           29|cb
139           19|sq
140           25|cbrt
141           3|cbrt
142           18|21|div
143           23|8|div
144           23|cbrt
145           1|sqrt
146           25|1|add
147           18|4|mult
148           25|4|add
149           29|25|mult
150           29|12|mult
151           22|14|add
152           21|sq
153           23|16|add
154           14|8|mult
155           21|9|mult
156           24|14|add
157           4|2|div
158           4|16|div
159           19|12|mult
160           14|4|mult
161           8|2|div
162           19|8|add
163           25|inv
164           29|10|div
165           29|8|add
166           28|15|mult
167           11|2|div
168           15|nexp
169           12|5|add
170           18|15|mult
171           19|4|add
172           26|24|div
173           19|1|add
174           29|1|add
175           28|12|mult
176           29|25|add
177           29|sq
178           4|5|div
179           29|4|add
180           19|10|div
181           23|inv
182           23|21|mult
183           12|sqrt
184           25|19|mult
185           11|5|div
186           15|inv
187           28|16|div
188           18|12|mult
189           25|18|mult
190           17|14|add
191           21|16|mult
192           18
193           14|inv
194           21|11|sub
195           18|8|add
196           16|25|div
197           8|5|div
198           12|11|mult
199           18|inv
200           25|12|mult
201           13|1|mult
202           18|1|add
203           17|16|div
204           25|17|mult
205           25|19|add
206           10|sqrt
207           1|21|div
208           8|21|div
209           17|8|add
210           29
211           18|sqrt
212           18|4|add
213           1|2|div
214           13|cb
215           23|25|div
216           18|cbrt
217           26|23|mult
218           17|1|add
219           12|9|add
220           29|19|mult
221           15|21|div
222           9|6|mult
223           29|sqrt
224           29|18|mult
225           29|cbrt
226           1|5|div
227           25|18|add
228           14
229           29|17|mult
230           17|13|mult
231           17|4|add
232           16|29|div
233           28|1|mult
234           21|cb
235           21|19|div
236           4|21|div
237           14|16|div
238           19|17|mult
239           21|17|div
240           18|17|mult
241           13|8|mult
242           29|19|add
243           22|13|add
244           13|4|mult
245           25|17|add
246           29|inv
247           12|23|div
248           24|13|add
249           23|29|div
250           21|15|sub
251           14|13|mult
252           25|21|div
253           14|sqrt
254           28|8|mult
255           1|23|div
256           28|17|mult
257           14|cbrt
258           18|23|div
259           12|cbrt
260           12|26|div
261           19|17|add
262           29|18|add
263           25|14|mult
264           12|2|add
265           19|18|mult
266           15|16|div
267           28|4|mult
268           25|23|div
269           19|18|add
270           17|21|div
271           14|1|add
272           8|23|div
273           26|16|mult
274           18|14|mult
275           29|17|add
276           14|8|add
277           29|21|div
278           26|sq
279           28|14|mult
280           11|9|mult
281           14|4|add
282           15|12|mult
283           28|cb
284           29|23|div
285           0|27|div
286           29|14|mult
287           17|13|add
288           4|23|div
289           19|14|mult
290           18|17|add
291           10|cbrt
292           26|16|add
293           26|17|div
294           19|16|div
295           5|sqrt
296           16|18|div
297           28|22|add
298           25|14|add
299           26|23|add
300           15|23|div
301           21|18|div
302           9
303           16|17|div
304           21|25|div
305           28|24|add
306           1|26|div
307           28|18|mult
308           13|16|div
309           19|14|add
310           17|12|mult
311           0|sp
312           14|13|add
313           24|12|mult
314           14|21|div
315           13|sq
316           23|17|div
317           29|14|add
318           2|sqrt
319           15|26|div
320           18|14|add
321           21|14|div
322           13|12|mult
323           28|17|add
324           8|26|div
325           13|1|add
326           26|14|div
327           16|19|div
328           28|21|div
329           13|8|add
330           23|18|div
331           13|4|add
332           9|16|div
333           4|26|div
334           19|21|div
335           5|cbrt
336           9|21|div
337           22|12|mult
338           17|26|div
339           12|8|mult
340           13|inv
341           23|19|div
342           17|23|div
343           28|sq
344           12|1|mult
345           26
346           28|14|add
347           21|29|div
348           12|4|mult
349           14|26|div
350           21|sp
351           25|13|mult
352           25|13|add
353           26|inv
354           18|26|div
355           14|12|mult
356           9|2|add
357           18|13|mult
358           26|sqrt
359           19|13|mult
360           26|cbrt
361           28|1|add
362           23|14|div
363           21|15|div
364           19|13|add
365           19|23|div
366           14|23|div
367           2|cbrt
368           15|9|mult
369           28|18|add
370           13
371           28|25|mult
372           29|13|mult
373           16|14|div
374           28|8|add
375           10|inv
376           9|5|add
377           25|26|div
378           28|13|mult
379           28|4|add
380           28|23|div
381           13|sqrt
382           13|cbrt
383           29|13|add
384           28
385           18|13|add
386           19|9|mult
387           26|25|div
388           9|23|div
389           29|26|div
390           18|9|mult
391           29|9|mult
392           6|0|mult
393           28|sqrt
394           28|25|add
395           28|19|mult
396           29|28|mult
397           28|cbrt
398           26|19|div
399           26|29|div
400           28|9|mult
401           16|28|div
402           28|26|div
403           9|26|div
404           26|21|mult
405           26|13|div
406           28|inv
407           28|13|add
408           13|21|div
409           24|9|mult
410           22|9|mult
411           25|9|mult
412           9|1|mult
413           28|19|add
414           29|28|add
415           26|18|div
416           16|13|div
417           21|13|div
418           9|sqrt
419           16|15|div
420           9|8|mult
421           23|13|div
422           13|23|div
423           13|26|div
424           9|4|mult
425           19|26|div
426           23|28|div
427           23|15|div
428           26|15|div
429           17|9|mult
430           21|10|div
431           9|cbrt
432           26|28|div
433           13|9|mult
434           14|9|mult
435           21|28|div
436           7|0|mult
437           16|10|div
438           23|10|div
439           26|10|div
440           0|20|div
441           0|2|div
442           0|5|div
443           12|0|mult
444           16|0|add
445           10|0|mult
446           27|0|mult
447           0|3|div
448           0|9|div
449           0|12|div
450           9|0|mult
451           20|0|mult
452           0|10|div
453           0|cb
454           0|1|div
455           23|0|add
456           1|0|mult
457           0|4|div
458           0|8|div
459           0|11|div
460           26|0|add
461           0|6|div
462           4|0|mult
463           11|0|mult
464           8|0|mult
465           0|7|div
466           0|sq
467           0|cbrt
468           0|15|div
469           22|0|mult
470           0|14|div
471           24|0|mult
472           0|13|div
473           0|17|div
474           15|0|mult
475           14|0|mult
476           0|19|div
477           0|22|div
478           0|24|div
479           13|0|mult
480           0|18|div
481           0|sqrt
482           17|0|mult
483           16|0|mult
484           0|16|div
485           0|28|div
486           0|25|div
487           0|29|div
488           26|0|mult
489           23|0|mult
490           0|23|div
491           19|0|mult
492           18|0|mult
493           0|26|div
494           25|0|mult
495           28|0|mult
496           21|0|mult
497           29|0|mult
498           0|abs
499           0|21|div
#-----------------------------------------------------------------------
500           29|25|abd
501           24|18|div
502           3|12|div
503           27|3|mult
504           9|2|div
505           19|1|sub
506           3|5|div
507           23|14|mult
508           25|23|mult
509           6|9|div
510           16|3|mult
511           3|6|div
512           19|4|sub
513           22|16|div
514           26|9|div
515           28|15|div
516           23|3|mult
517           11|1|div
518           18|6|mult
519           6|1|mult
520           24|25|div
521           29|25|sub
522           19|28|div
523           15|22|div
524           22|24|div
525           9|3|div
526           9|5|div
527           29|sp
528           25|16|mult
529           17|4|abd
530           17|4|sub
531           28|19|div
532           21|7|mult
533           24|22|div
534           14|6|mult
535           24|6|mult
536           6|15|div
537           9|6|div
538           22|11|div
539           8|6|mult
540           11|sin
541           6|4|mult
542           28|6|mult
543           24|28|div
544           14|cb
545           11|6|mult
546           26|0|sub
547           17|6|mult
548           24|19|div
549           13|6|mult
550           3|2|div
551           25|8|sub
552           3|9|div
553           24|16|mult
554           22|6|mult
555           14|29|div
556           17|1|sub
557           25|17|div
558           15|6|mult
559           7|4|div
560           11|sq
561           28|18|div
562           28|24|div
563           22|18|div
564           23|16|abd
565           23|18|mult
566           24|cb
567           29|6|mult
568           7|8|div
569           28|26|mult
570           17|1|abd
571           11|16|div
572           19|14|div
573           11|14|div
574           17|29|div
575           22|25|div
576           18|28|div
577           1|cb
578           6|19|div
579           25|6|mult
580           26|7|mult
581           19|sp
582           24|21|div
583           19|13|div
584           8|22|div
585           26|16|abd
586           21|15|mult
587           13|29|div
588           15|11|mult
589           22|28|div
590           26|23|sub
591           28|22|div
592           21|16|div
593           24|29|div
594           15
595           26|24|mult
596           11|24|div
597           24|15|mult
598           14|11|div
599           25|24|div
600           15|sin
601           15|14|mult
602           25|19|sub
603           18|cb
604           25|14|div
605           22|19|div
606           19|6|mult
607           22|cb
608           6
609           22|21|div
610           25|13|div
611           25|sp
612           22|8|div
613           11|13|div
614           18|24|div
615           6|13|div
616           24|sq
617           7|1|div
618           22|15|mult
619           17|15|mult
620           17|cb
621           23|7|mult
622           6|14|div
623           6|22|div
624           6|17|div
625           24|8|abd
626           22|16|mult
627           6|4|div
628           24|23|mult
629           22|29|div
630           22|8|sub
631           16|7|mult
632           24|11|mult
633           6|25|div
634           6|8|div
635           29|25|div
636           8|cb
637           24|22|mult
638           29|24|div
639           25|22|div
640           25|29|div
641           10|2|div
642           6|29|div
643           4|cb
644           29|16|mult
645           22|11|mult
646           23|19|mult
647           24|11|div
648           6|28|div
649           22|sq
650           4|22|div
651           18|29|div
652           11|17|div
653           26|22|mult
654           6|18|div
655           24
656           28|16|mult
657           29|22|div
658           19|16|mult
659           11|1|mult
660           10|5|div
661           13|11|div
662           29|24|mult
663           22|4|div
664           10|3|div
665           24|22|add
666           18|22|div
667           19|24|div
668           24|sqrt
669           6|2|div
670           18|16|mult
671           28|24|mult
672           15|1|mult
673           22
674           24|14|mult
675           11|4|mult
676           24|cbrt
677           25|4|sub
678           3|7|div
679           6|1|div
680           29|22|mult
681           14|11|mult
682           11|8|mult
683           25|24|mult
684           23|22|mult
685           16|24|div
686           24|18|mult
687           24|17|mult
688           28|23|mult
689           22|sqrt
690           29|17|div
691           16|22|div
692           2|0|mult
693           22|cbrt
694           11|21|div
695           15|4|mult
696           16|0|sub
697           28|22|mult
698           15|8|mult
699           25|1|sub
700           22|14|mult
701           8|15|div
702           21|6|mult
703           1|sq
704           17|11|mult
705           29|11|mult
706           13|11|mult
707           29|14|div
708           24|21|mult
709           25|22|mult
710           21|24|div
711           11|18|div
712           29|23|mult
713           24|1|mult
714           22|17|mult
715           22|18|mult
716           21|22|div
717           27|11|div
718           25|11|mult
719           24|inv
720           24|8|mult
721           14|8|div
722           27|8|div
723           22|21|mult
724           13|6|div
725           22|7|div
726           22|inv
727           17|11|div
728           13|7|div
729           22|1|mult
730           19|11|mult
731           18|11|mult
732           4|1|mult
733           14|6|div
734           24|4|mult
735           19|22|div
736           8|1|mult
737           24|8|div
738           29|24|add
739           15|11|add
740           24|19|mult
741           14|7|div
742           28|7|div
743           11|cos
744           16|21|div
745           29|13|div
746           20|11|div
747           22|4|sub
748           22|8|mult
749           27|4|div
750           28|11|mult
751           20|8|div
752           24|7|div
753           11|28|div
754           29|22|add
755           22|4|mult
756           26|21|div
757           8|14|div
758           22|19|mult
759           11|15|div
760           16|sq
761           8|sq
762           20|4|div
763           15|11|div
764           23|0|sub
765           26|6|mult
766           10|7|div
767           25|24|add
768           19|29|div
769           4|sq
770           16|7|div
771           8|4|mult
772           28|21|mult
773           23|24|div
774           17|6|div
775           28|6|div
776           13|8|div
777           10|6|div
778           25|22|add
779           26|sp
780           17|7|div
781           29|18|div
782           11|19|div
783           24|8|sub
784           21|23|div
785           24|4|div
786           22|1|div
787           14|4|div
788           11
789           16|6|div
790           23|22|div
791           15|8|div
792           14|28|div
793           6|5|div
794           22|1|sub
795           27|1|div
796           1|3|div
797           29|19|div
798           8|13|div
799           24|1|add
800           1|8|div
801           8|24|div
802           4|15|div
803           24|8|add
804           20|1|div
805           24|4|add
806           22|1|add
807           23|6|mult
808           22|8|add
809           18|6|div
810           23|6|div
811           23|7|div
812           17|28|div
813           13|4|div
814           25|6|div
815           22|6|div
816           16|cb
817           22|4|add
818           11|25|div
819           29|6|div
820           18|7|div
821           11|3|div
822           16|6|mult
823           24|6|div
824           21|14|mult
825           16|11|mult
826           7|2|div
827           4|24|div
828           21|11|mult
829           13|28|div
830           15|4|div
831           5|0|mult
832           1|22|div
833           4|14|div
834           19|6|div
835           17|8|div
836           15|6|div
837           8|1|div
838           11|29|div
839           24|4|sub
840           6|inv
841           21|6|div
842           15|7|div
843           19|7|div
844           26|17|mult
845           24|1|div
846           26|11|mult
847           27|3|div
848           1|15|div
849           4|13|div
850           8|17|div
851           14|1|div
852           17|4|div
853           20|3|div
854           28|14|div
855           21|17|mult
856           21|13|mult
857           29|21|mult
858           13|1|div
859           3|0|mult
860           24|1|sub
861           28|17|div
862           11|sqrt
863           14|3|div
864           1|13|div
865           23|sq
866           4|17|div
867           23|11|mult
868           13|3|div
869           1|14|div
870           26|13|mult
871           25|21|mult
872           8|19|div
873           1|19|div
874           29|1|sub
875           15|3|div
876           23|21|div
877           17|3|div
878           16|sp
879           4|6|div
880           27|2|div
881           1|6|div
882           27|5|div
883           15|1|div
884           7|5|div
885           1|17|div
886           17|1|div
887           26|14|mult
888           29|8|sub
889           11|cbrt
890           28|13|div
891           4|19|div
892           8|28|div
893           1|28|div
894           20|2|div
895           22|2|div
896           1|4|div
897           20|5|div
898           1|7|div
899           4|7|div
900           14|2|div
901           4|28|div
902           13|2|div
903           23|cb
904           11|6|div
905           1|24|div
906           29|4|sub
907           24|2|div
908           22|5|div
909           1|18|div
910           18|11|div
911           8|18|div
912           8|6|div
913           14|5|div
914           17|2|div
915           13|5|div
916           21|1|mult
917           15|2|div
918           4|18|div
919           11|7|div
920           28|11|div
921           23|sp
922           11|log
923           24|5|div
924           8|7|div
925           22|3|div
926           4|1|div
927           17|5|div
928           19|11|div
929           21|8|mult
930           21|4|mult
931           28|3|div
932           15|5|div
933           6|3|div
934           24|3|div
935           28|2|div
936           4|29|div
937           8|29|div
938           8|25|div
939           25|11|div
940           28|8|div
941           28|4|div
942           21|19|mult
943           28|5|div
944           28|1|div
945           21|exp
946           29|11|div
947           25|2|div
948           18|2|div
949           29|2|div
950           19|2|div
951           21|3|div
952           21|18|mult
953           21|2|div
954           26|8|mult
955           2|inv
956           16|2|div
957           19|inv
958           19|8|div
959           16|8|mult
960           26|1|div
961           26|1|mult
962           21|11|div
963           23|2|div
964           25|5|div
965           26|2|div
966           16|5|div
967           19|4|div
968           18|5|div
969           19|5|div
970           29|5|div
971           21|5|div
972           7|3|div
973           21|8|div
974           5|inv
975           11|inv
976           21|4|div
977           18|8|div
978           21|1|div
979           26|4|mult
980           18|4|div
981           19|1|div
982           23|5|div
983           26|5|div
984           11|nexp
985           18|1|div
986           25|1|div
987           25|8|div
988           25|4|div
989           1|inv
990           4|inv
991           8|inv
992           23|8|mult
993           29|1|div
994           29|8|div
995           29|4|div
996           16|4|mult
997           16|1|mult
998           23|1|mult
999           23|4|mult
#-----------------------------------------------------------------------
1000          22|14|sub
1001          26|27|div
1002          25|17|sub
1003          5|9|div
1004          7|sp
1005          22|8|abd
1006          20|14|mult
1007          22|17|sub
1008          23|27|div
1009          14|8|abd
1010          23|15|mult
1011          6|sp
1012          27|18|mult
1013          7|12|div
1014          1|12|div
1015          19|15|div
1016          27|19|mult
1017          17|14|div
1018          20|17|mult
1019          18|17|div
1020          11|10|mult
1021          16|27|div
1022          24|14|sub
1023          2|cb
1024          17|24|div
1025          19|13|sub
1026          28|4|sub
1027          24|14|div
1028          20|13|mult
1029          19|13|abd
1030          23|17|mult
1031          13|9|div
1032          22|19|abd
1033          22|19|sub
1034          12|7|div
1035          24|10|mult
1036          17|9|div
1037          10|8|mult
1038          24|17|sub
1039          14|22|div
1040          27|24|mult
1041          7|9|div
1042          24|20|mult
1043          10|29|div
1044          11|12|div
1045          22|10|mult
1046          8|12|div
1047          27|14|mult
1048          9|13|div
1049          24|19|abd
1050          18|14|div
1051          13|1|abd
1052          24|19|sub
1053          4|12|div
1054          27|17|mult
1055          5|2|mult
1056          12|8|div
1057          14|9|div
1058          15|sq
1059          17|8|sub
1060          17|8|abd
1061          27|13|mult
1062          15|19|div
1063          10|4|mult
1064          26|18|mult
1065          15|cb
1066          13|1|sub
1067          28|29|div
1068          17|22|div
1069          22|13|div
1070          26|10|mult
1071          27|22|mult
1072          7|20|div
1073          15|sp
1074          9|2|abd
1075          9|2|sub
1076          10|28|div
1077          10|5|mult
1078          10|9|mult
1079          11|4|div
1080          28|18|sub
1081          28|18|abd
1082          15|exp
1083          22|20|mult
1084          9|14|div
1085          20|9|mult
1086          4|11|div
1087          6|20|div
1088          10|25|div
1089          28|14|sub
1090          10|2|mult
1091          27|9|mult
1092          9|22|div
1093          3|20|div
1094          12|11|div
1095          29|28|sub
1096          18|9|div
1097          2|9|div
1098          12|2|abd
1099          18|14|sub
1100          24|10|div
1101          10|1|mult
1102          29|28|div
1103          9|20|div
1104          14|4|sub
1105          23|16|div
1106          14|25|div
1107          19|9|div
1108          3|sp
1109          18|15|div
1110          10|19|div
1111          22|13|abd
1112          10|15|div
1113          9|24|div
1114          28|1|sub
1115          12|cb
1116          5|1|div
1117          24|13|abd
1118          2|20|div
1119          9|17|div
1120          22|10|div
1121          12|5|mult
1122          12|6|div
1123          13|14|div
1124          28|17|sub
1125          16|9|mult
1126          11|sp
1127          23|13|mult
1128          23|10|mult
1129          14|4|abd
1130          13|18|div
1131          5|13|div
1132          25|9|div
1133          5|4|div
1134          17|12|div
1135          9|18|div
1136          23|9|mult
1137          18|17|sub
1138          28|9|div
1139          13|12|div
1140          29|13|sub
1141          24|15|div
1142          5|22|div
1143          8|4|abd
1144          12|20|div
1145          27|12|mult
1146          5|14|div
1147          25|22|sub
1148          24|13|div
1149          2|sq
1150          29|9|div
1151          12|3|div
1152          5|11|div
1153          28|22|sub
1154          20|11|mult
1155          16|23|div
1156          12|13|div
1157          5|2|abd
1158          5|24|div
1159          17|25|div
1160          20|12|mult
1161          10|18|div
1162          15|18|div
1163          5|8|div
1164          25|24|sub
1165          14|13|div
1166          12|14|div
1167          5|17|div
1168          26|16|div
1169          2|1|div
1170          14|12|div
1171          7|cb
1172          18|10|div
1173          27|11|mult
1174          12|10|mult
1175          20|8|mult
1176          5|15|div
1177          11|exp
1178          28|24|sub
1179          9|inv
1180          18|12|div
1181          5|28|div
1182          2|4|div
1183          26|9|mult
1184          5|18|div
1185          21|9|div
1186          18|13|div
1187          10|17|div
1188          27|8|mult
1189          20|4|mult
1190          22|15|div
1191          22|9|div
1192          9|5|mult
1193          2|22|div
1194          8|4|div
1195          9|25|div
1196          24|9|div
1197          18|8|sub
1198          2|13|div
1199          2|11|div
1200          14|1|abd
1201          14|1|sub
1202          22|13|sub
1203          4|8|div
1204          19|18|abd
1205          18|19|div
1206          16|5|mult
1207          19|12|div
1208          14|19|div
1209          27|4|mult
1210          2|24|div
1211          9|28|div
1212          26|5|mult
1213          21|11|add
1214          2|8|div
1215          5|2|sub
1216          10|7|mult
1217          6|cb
1218          15|2|mult
1219          19|18|div
1220          12|2|mult
1221          12|17|div
1222          9|19|div
1223          9|7|div
1224          1|11|div
1225          2|14|div
1226          10|14|div
1227          12|22|div
1228          2|18|div
1229          15|5|mult
1230          9|29|div
1231          5|25|div
1232          5|10|div
1233          3|cb
1234          16|2|mult
1235          19|8|sub
1236          23|5|mult
1237          19|18|sub
1238          2|17|div
1239          15|9|div
1240          5|19|div
1241          20|1|mult
1242          2|28|div
1243          16|26|div
1244          9|5|abd
1245          10|3|mult
1246          21|5|mult
1247          25|12|div
1248          28|12|div
1249          24|13|sub
1250          14|sp
1251          5|29|div
1252          11|5|mult
1253          9|15|div
1254          29|5|mult
1255          11|2|mult
1256          5
1257          27|1|mult
1258          17|19|div
1259          9|2|mult
1260          29|12|div
1261          16|15|mult
1262          20|2|mult
1263          5|21|div
1264          19|5|mult
1265          16|10|mult
1266          23|2|mult
1267          5|23|div
1268          21|2|mult
1269          2|25|div
1270          24|sp
1271          9|cb
1272          25|5|mult
1273          26|2|mult
1274          9|5|sub
1275          3|2|mult
1276          10|6|mult
1277          12|24|div
1278          5|26|div
1279          7|5|mult
1280          5|16|div
1281          2|19|div
1282          5|3|mult
1283          25|18|abd
1284          11|cb
1285          21|inv
1286          2|15|div
1287          12|inv
1288          2|29|div
1289          21|15|add
1290          24|5|mult
1291          29|2|mult
1292          8|5|mult
1293          2
1294          2|26|div
1295          23|12|mult
1296          5|2|add
1297          19|2|mult
1298          22|sp
1299          21|log
1300          17|5|mult
1301          22|5|mult
1302          14|2|mult
1303          21|cbrt
1304          21|sqrt
1305          14|5|mult
1306          25|2|mult
1307          12|15|div
1308          17|2|mult
1309          2|23|div
1310          19|17|div
1311          2|21|div
1312          22|2|mult
1313          24|2|mult
1314          18|5|mult
1315          17|10|div
1316          8|2|mult
1317          6|5|mult
1318          12|18|div
1319          28|5|mult
1320          16|12|mult
1321          6|7|div
1322          7|2|mult
1323          10|13|div
1324          26|12|mult
1325          3|sq
1326          5|4|mult
1327          13|25|div
1328          2|16|div
1329          4|1|abd
1330          28|2|mult
1331          5|1|mult
1332          7|sq
1333          4|1|sub
1334          13|2|mult
1335          18|2|mult
1336          13|5|mult
1337          4|2|mult
1338          2|1|mult
1339          27|2|mult
1340          7|3|mult
1341          12|10|div
1342          2|10|div
1343          6|2|mult
1344          7|6|div
1345          25|18|sub
1346          24|12|div
1347          9|sq
1348          14|10|div
1349          8|4|sub
1350          14|13|sub
1351          8|sp
1352          22|12|div
1353          12|28|div
1354          12|25|div
1355          6|3|mult
1356          7|6|mult
1357          12|sq
1358          20|5|mult
1359          12|5|sub
1360          13|10|div
1361          7|11|div
1362          9|10|div
1363          17|sp
1364          12|19|div
1365          11|3|mult
1366          15|3|mult
1367          7|10|div
1368          3|10|div
1369          21|cos
1370          7|16|div
1371          16|inv
1372          21|sin
1373          12|29|div
1374          3|16|div
1375          3|23|div
1376          3|26|div
1377          15|7|mult
1378          7|13|div
1379          24|3|mult
1380          15|12|div
1381          8|3|mult
1382          12|9|mult
1383          22|3|mult
1384          29|3|mult
1385          7|23|div
1386          7|26|div
1387          6|sq
1388          3|13|div
1389          14|3|mult
1390          3|28|div
1391          1|sp
1392          15|11|abd
1393          17|3|mult
1394          3|1|mult
1395          11|7|mult
1396          25|3|mult
1397          3|18|div
1398          3|21|div
1399          19|3|mult
1400          8|10|div
1401          9|3|mult
1402          3|11|div
1403          4|3|mult
1404          21|12|mult
1405          24|7|mult
1406          24|16|div
1407          7|21|div
1408          18|3|mult
1409          10|24|div
1410          7|28|div
1411          8|7|mult
1412          29|7|mult
1413          3
1414          9|12|div
1415          3|4|div
1416          18|sp
1417          21|3|mult
1418          7|18|div
1419          22|7|mult
1420          27|5|mult
1421          3|19|div
1422          14|7|mult
1423          3|1|div
1424          28|3|mult
1425          13|3|mult
1426          17|7|mult
1427          3|25|div
1428          7|22|div
1429          25|7|mult
1430          3|14|div
1431          3|17|div
1432          22|18|abd
1433          22|18|sub
1434          6|10|div
1435          7|19|div
1436          7|14|div
1437          11|10|div
1438          7|17|div
1439          7|1|mult
1440          13|19|div
1441          3|22|div
1442          15|24|div
1443          6|16|div
1444          28|sp
1445          25|18|div
1446          20|7|mult
1447          18|25|div
1448          18|7|mult
1449          7|4|mult
1450          19|7|mult
1451          3|24|div
1452          3|8|div
1453          7
1454          3|29|div
1455          6|11|div
1456          28|7|mult
1457          7|25|div
1458          26|3|mult
1459          4|sp
1460          3|15|div
1461          12
1462          20|3|mult
1463          27|7|mult
1464          13|7|mult
1465          7|15|div
1466          6|23|div
1467          12|3|mult
1468          7|29|div
1469          10|22|div
1470          24|18|sub
1471          24|18|abd
1472          6|26|div
1473          13|sp
1474          10|11|div
1475          4|10|div
1476          12|21|div
1477          8|1|sub
1478          10|8|div
1479          20|6|mult
1480          6|21|div
1481          12|7|mult
1482          27|6|mult
1483          17|15|div
1484          1|10|div
1485          15|17|div
1486          17|13|div
1487          13|17|div
1488          29|18|sub
1489          29|18|abd
1490          14|15|div
1491          10|4|div
1492          15|14|div
1493          10|1|div
1494          17|13|sub
1495          10|9|div
1496          13|15|div
1497          17|13|abd
1498          15|13|div
1499          10|12|div
#-----------------------------------------------------------------------
