# c0 + a0 * (mp_bandgap / max:mendeleev_number)
# Property Label: $bandgap$; Unit of the Property: eV
# RMSE: 0.493447278420521; Max AE: 4.2858657943245
# Coefficients
# Task   a0                      c0
# all ,  9.421423192693467e+01,  1.571644311871309e-01, 
# Feature Rung, Units, and Expressions
# 0;  1; eV;                                               0|21|div; (mp_bandgap / max:mendeleev_number); $\left(\frac{ mp_{bandgap} }{ max:mendeleev_{number} } \right)$; (mp_bandgap ./ max:mendeleev_number); mp_bandgap,max:mendeleev_number
# Number of Samples Per Task
# Task, n_mats_train            
# all , 1014                  

# Sample ID , Property Value        ,  Property Value (EST) ,  Feature 0 Value      
3266        ,  1.678000000000000e+00,  5.784233137436032e-01,  4.471287128712873e-03
4239        ,  4.587000000000003e-01,  5.696548604751558e-01,  4.378217821782179e-03
3034        ,  1.700700000000000e+00,  2.061594878893179e+00,  2.021382978723404e-02
3402        ,  0.000000000000000e+00,  1.571644311871309e-01,  0.000000000000000e+00
3895        ,  0.000000000000000e+00,  1.762927752450239e-01,  2.030303030303053e-04
5388        ,  1.719900000000000e+00,  1.669202625708128e+00,  1.604893617021277e-02
3975        ,  1.985400000000000e+00,  1.784831889497114e+00,  1.727623762376238e-02
4837        ,  2.507100000000000e+00,  2.611125027435484e+00,  2.604660194174757e-02
5529        ,  0.000000000000000e+00,  1.571644311871309e-01,  0.000000000000000e+00
4451        ,  1.030000000000000e-01,  1.571644311871309e-01,  0.000000000000000e+00
4305        ,  7.780300000000000e+00,  6.417330675155756e+00,  6.644607843137255e-02
4944        ,  2.979200000000000e+00,  3.042451001930968e+00,  3.062474226804124e-02
4056        ,  2.421900000000000e+00,  2.482837681022227e+00,  2.468494623655914e-02
3594        ,  6.517999999999999e-01,  9.076012698399323e-01,  7.965217391304348e-03
5230        ,  2.302000000000000e-01,  9.934822798476379e-01,  8.876767676767677e-03
5512        ,  0.000000000000000e+00,  1.571644311871309e-01,  0.000000000000000e+00
4489        ,  1.591999999999998e-01,  1.571644311871309e-01,  0.000000000000000e+00
3914        ,  1.235300000000000e+00,  2.015972772317010e+00,  1.972959183673470e-02
5849        ,  0.000000000000000e+00,  1.571644311871309e-01,  0.000000000000000e+00
5700        ,  2.603800000000000e+00,  2.070832716316898e+00,  2.031188118811882e-02
4149        ,  0.000000000000000e+00,  1.449391911270127e+00,  1.371584158415841e-02
3977        ,  3.184500000000000e+00,  3.233536204283686e+00,  3.265294117647059e-02
5832        ,  3.573500000000000e+00,  3.378090393465699e+00,  3.418725490196078e-02
3860        ,  1.860999999999999e-01,  1.571644311871309e-01,  0.000000000000000e+00
5825        ,  2.044100000000000e+00,  2.196702096592656e+00,  2.164787234042553e-02
3683        ,  2.536900000000000e+00,  2.243869746242110e+00,  2.214851485148515e-02
4119        ,  3.041100000000000e+00,  2.601063313346199e+00,  2.593980582524271e-02
5350        ,  5.800999999999998e-01,  6.542659146944007e-01,  5.276288659793815e-03
5125        ,  9.231000000000000e-01,  1.130369462567041e+00,  1.032970297029703e-02
3088        ,  1.459500000000000e+00,  1.076777260213080e+00,  9.760869565217389e-03
3447        ,  1.737800000000000e+00,  1.643370148361817e+00,  1.577474747474748e-02
3023        ,  2.116900000000000e+00,  1.928485272831252e+00,  1.880099009900990e-02
4765        ,  2.740200000000000e+00,  2.758809554842222e+00,  2.761414141414141e-02
4685        ,  7.060000000000000e-01,  6.443431853125374e-01,  5.170967741935475e-03
5367        ,  0.000000000000000e+00,  1.571644311871309e-01,  0.000000000000000e+00
4091        ,  5.020000000000000e-01,  7.036069763633528e-01,  5.800000000000008e-03
4848        ,  7.781000000000002e-01,  7.298727622338912e-01,  6.078787878787878e-03
3748        ,  5.403900000000000e+00,  4.778834341673506e+00,  4.905490196078431e-02
5254        ,  4.435099999999999e+00,  5.959175333784566e+00,  6.158316831683168e-02
5773        ,  3.998000000000000e+00,  3.717986568571086e+00,  3.779494949494950e-02
5108        ,  2.033300000000000e+00,  1.858562619514716e+00,  1.805882352941176e-02
5284        ,  5.591300000000000e+00,  5.287652772008318e+00,  5.445555555555556e-02
4269        ,  0.000000000000000e+00,  1.571644311871309e-01,  0.000000000000000e+00
4641        ,  4.323000000000001e-01,  4.462175798619326e-01,  3.068041237113403e-03
5628        ,  0.000000000000000e+00,  1.571644311871309e-01,  0.000000000000000e+00
3602        ,  1.873300000000000e+00,  1.171972974883291e+00,  1.077128712871287e-02
3203        ,  2.789999999999981e-02,  1.571644311871309e-01,  0.000000000000000e+00
3128        ,  0.000000000000000e+00,  1.571644311871309e-01,  0.000000000000000e+00
5676        ,  4.641999999999999e-01,  1.571644311871309e-01,  0.000000000000000e+00
3581        ,  3.809500000000000e+00,  3.595069195239402e+00,  3.649029126213592e-02
3339        ,  0.000000000000000e+00,  2.006633425236093e-01,  4.617021276595756e-04
4743        ,  0.000000000000000e+00,  1.571644311871309e-01,  0.000000000000000e+00
3180        ,  1.234700000000000e+00,  1.501621566365750e+00,  1.427021276595745e-02
5373        ,  3.522100000000000e+00,  3.059709025878715e+00,  3.080792079207921e-02
4011        ,  0.000000000000000e+00,  1.571644311871309e-01,  0.000000000000000e+00
4560        ,  4.276800000000000e+00,  3.643837263825709e+00,  3.700792079207921e-02
3973        ,  2.406300000000000e+00,  1.991170385558876e+00,  1.946633663366337e-02
3866        ,  4.189600000000000e+00,  4.045348836054107e+00,  4.126960784313725e-02
3283        ,  0.000000000000000e+00,  1.571644311871309e-01,  0.000000000000000e+00
4284        ,  2.943400000000000e+00,  2.697651195096924e+00,  2.696500000000000e-02
3835        ,  1.736000000000000e+00,  1.762103872062463e+00,  1.703500000000000e-02
3489        ,  2.194900000000000e+00,  2.287452897535043e+00,  2.261111111111111e-02
3712        ,  0.000000000000000e+00,  1.571644311871309e-01,  0.000000000000000e+00
5650        ,  4.359699999999999e+00,  4.343601536928687e+00,  4.443529411764706e-02
3446        ,  1.277400000000000e+00,  1.262206196626920e+00,  1.172903225806452e-02
4672        ,  6.372000000000000e-01,  6.302877820122921e-01,  5.021782178217823e-03
5001        ,  3.887400000000000e+00,  3.861742655688401e+00,  3.932079207920792e-02
4958        ,  3.220400000000000e+00,  3.110080991463412e+00,  3.134257425742575e-02
3871        ,  2.856000000000001e-01,  3.124294854027190e-01,  1.647999999999998e-03
5893        ,  4.026400000000000e+00,  3.701618035347415e+00,  3.762121212121212e-02
4716        ,  3.336500000000000e+00,  3.170247505911801e+00,  3.198118811881188e-02
5360        ,  2.079200000000000e+00,  1.313804200814402e+00,  1.227669902912621e-02
4850        ,  2.079800000000000e+00,  2.299906875042911e+00,  2.274329896907217e-02
4956        ,  3.796700000000000e+00,  4.181667126644676e+00,  4.271650485436893e-02
3642        ,  5.232000000000000e-01,  7.660751084018637e-01,  6.463043478260877e-03
5895        ,  2.015800000000000e+00,  3.915192908058831e+00,  3.988811881188119e-02
4395        ,  9.707000000000000e-01,  5.525569849587564e-01,  4.196739130434791e-03
4190        ,  0.000000000000000e+00,  1.571644311871309e-01,  0.000000000000000e+00
4195        ,  5.205000000000000e+00,  6.087813125795542e+00,  6.294854368932039e-02
3452        ,  0.000000000000000e+00,  1.571644311871309e-01,  0.000000000000000e+00
3615        ,  3.120000000000012e-02,  1.711081375123173e-01,  1.480000000000015e-04
5582        ,  0.000000000000000e+00,  6.450595608087569e-01,  5.178571428571429e-03
3084        ,  8.620000000000028e-02,  1.044348448499099e+00,  9.416666666666667e-03
4262        ,  2.272100000000000e+00,  1.659103934333021e+00,  1.594174757281553e-02
4065        ,  0.000000000000000e+00,  1.571644311871309e-01,  0.000000000000000e+00
5625        ,  8.441999999999998e-01,  1.573549478294632e+00,  1.503366336633664e-02
3791        ,  2.952400000000000e+00,  2.405005164690937e+00,  2.385882352941177e-02
3770        ,  7.553000000000001e-01,  1.571644311871309e-01,  0.000000000000000e+00
4450        ,  5.732999999999999e-01,  3.857842854694052e-01,  2.426595744680851e-03
4869        ,  2.777500000000000e+00,  4.216425775316749e+00,  4.308543689320388e-02
3136        ,  1.730999999999998e-01,  5.106105497493888e-01,  3.751515151515151e-03
4745        ,  0.000000000000000e+00,  1.571644311871309e-01,  0.000000000000000e+00
3197        ,  1.631300000000000e+00,  1.721922504424689e+00,  1.660851063829788e-02
5724        ,  0.000000000000000e+00,  1.571644311871309e-01,  0.000000000000000e+00
5875        ,  4.952999999999994e-01,  3.644357414263871e-01,  2.200000000000000e-03
5642        ,  5.254999999999996e-01,  8.762111080586197e-01,  7.632038834951457e-03
3361        ,  0.000000000000000e+00,  1.571644311871309e-01,  0.000000000000000e+00
3183        ,  1.126200000000000e+00,  1.201338759075222e+00,  1.108297872340426e-02
4240        ,  1.907300000000000e+00,  1.854724480279144e+00,  1.801808510638298e-02
5318        ,  2.948200000000000e+00,  2.951193229648868e+00,  2.965612244897959e-02
3279        ,  0.000000000000000e+00,  1.571644311871309e-01,  0.000000000000000e+00
3707        ,  1.609999999999999e+00,  1.743449454140930e+00,  1.683700000000000e-02
4605        ,  8.457000000000000e-01,  6.958646186901486e-01,  5.717821782178219e-03
3035        ,  2.801000000000000e-01,  1.665858543798243e-01,  9.999999999999998e-05
5370        ,  3.720300000000000e+00,  4.015008553274895e+00,  4.094757281553398e-02
4447        ,  2.571900000000000e+00,  2.575018779252622e+00,  2.566336633663366e-02
4889        ,  0.000000000000000e+00,  1.571644311871309e-01,  0.000000000000000e+00
4038        ,  0.000000000000000e+00,  3.860849691883212e-01,  2.429787234042555e-03
3302        ,  1.491900000000000e+00,  1.409573424918771e+00,  1.329320388349515e-02
3475        ,  0.000000000000000e+00,  1.571644311871309e-01,  0.000000000000000e+00
4953        ,  2.663900000000000e+00,  2.507952266600403e+00,  2.495151515151515e-02
3969        ,  2.773000000000000e+00,  1.833711352397821e+00,  1.779504950495049e-02
5229        ,  4.162100000000001e+00,  4.440926978494677e+00,  4.546831683168317e-02
3068        ,  4.846000000000000e+00,  4.671816210893914e+00,  4.791900000000000e-02
3250        ,  1.199900000000000e+00,  1.571644311871309e-01,  0.000000000000000e+00
3509        ,  0.000000000000000e+00,  1.571644311871309e-01,  0.000000000000000e+00
5085        ,  0.000000000000000e+00,  1.571644311871309e-01,  0.000000000000000e+00
4930        ,  7.380000000000009e-02,  7.494514273628500e-01,  6.286597938144329e-03
4805        ,  8.720000000000001e-01,  7.047094833327092e-01,  5.811702127659570e-03
4252        ,  1.628000000000003e-01,  1.571644311871309e-01,  0.000000000000000e+00
4859        ,  0.000000000000000e+00,  1.571644311871309e-01,  0.000000000000000e+00
4901        ,  1.536700000000000e+00,  1.711908622941391e+00,  1.650222222222223e-02
3503        ,  7.069999999999999e-01,  4.124756715673489e-01,  2.709900990099010e-03
5307        ,  0.000000000000000e+00,  1.571644311871309e-01,  0.000000000000000e+00
4272        ,  2.407300000000000e+00,  2.417559746091567e+00,  2.399207920792079e-02
5162        ,  0.000000000000000e+00,  1.571644311871309e-01,  0.000000000000000e+00
5909        ,  1.706400000000000e+00,  1.458583496742799e+00,  1.381340206185567e-02
5855        ,  0.000000000000000e+00,  1.571644311871309e-01,  0.000000000000000e+00
3622        ,  0.000000000000000e+00,  1.571644311871309e-01,  0.000000000000000e+00
3842        ,  2.475500000000000e+00,  2.468491400182762e+00,  2.453267326732674e-02
3813        ,  0.000000000000000e+00,  1.571644311871309e-01,  0.000000000000000e+00
3401        ,  2.284600000000000e+00,  2.048400799460239e+00,  2.007378640776699e-02
4464        ,  2.394400000000000e+00,  1.958988296435319e+00,  1.912475247524752e-02
5833        ,  5.220599999999999e+00,  5.363348673237614e+00,  5.525900000000000e-02
5256        ,  1.496700000000000e+00,  1.535097687071703e+00,  1.462553191489362e-02
3666        ,  4.611900000000000e+00,  5.716901756413289e+00,  5.901165048543689e-02
4401        ,  0.000000000000000e+00,  1.571644311871309e-01,  0.000000000000000e+00
3081        ,  9.398000000000002e-01,  1.393074743837164e+00,  1.311808510638298e-02
4753        ,  7.596999999999996e-01,  1.385946413652364e+00,  1.304242424242424e-02
3512        ,  2.296399999999999e+00,  2.223596584784565e+00,  2.193333333333334e-02
4475        ,  4.044100000000000e+00,  4.052826784394526e+00,  4.134897959183673e-02
3178        ,  0.000000000000000e+00,  1.571644311871309e-01,  0.000000000000000e+00
4452        ,  1.246100000000000e+00,  8.737522823383310e-01,  7.605940594059406e-03
4851        ,  0.000000000000000e+00,  1.571644311871309e-01,  0.000000000000000e+00
4688        ,  2.151000000000000e+00,  2.283098551827782e+00,  2.256489361702128e-02
3725        ,  0.000000000000000e+00,  1.571644311871309e-01,  0.000000000000000e+00
5751        ,  5.041900000000000e+00,  4.990171588782711e+00,  5.129805825242718e-02
3488        ,  3.973200000000000e+00,  3.073981082794379e+00,  3.095940594059406e-02
4840        ,  3.246200000000000e+00,  3.228175266334203e+00,  3.259603960396040e-02
5501        ,  0.000000000000000e+00,  1.571644311871309e-01,  0.000000000000000e+00
4061        ,  1.667600000000000e+00,  1.703303930384103e+00,  1.641089108910891e-02
3468        ,  3.429900000000000e+00,  3.183213622978973e+00,  3.211881188118812e-02
5755        ,  1.744400000000000e+00,  1.577000890751361e+00,  1.507029702970297e-02
4118        ,  3.832100000000000e+00,  3.757995428676955e+00,  3.821960784313725e-02
3201        ,  0.000000000000000e+00,  5.801261957952841e-01,  4.489361702127656e-03
3689        ,  1.522999999999999e-01,  7.722921906068588e-01,  6.529032258064513e-03
4310        ,  1.386300000000000e+00,  1.411768707992797e+00,  1.331650485436893e-02
5787        ,  2.082800000000000e+00,  1.580305861412484e+00,  1.510537634408602e-02
5017        ,  3.460900000000000e+00,  3.456621458402583e+00,  3.502079207920792e-02
3275        ,  0.000000000000000e+00,  1.572646590934363e-01,  1.063829787236288e-06
5898        ,  3.282200000000000e+00,  3.078452189180427e+00,  3.100686274509803e-02
3568        ,  3.916600000000000e+00,  4.447549959154887e+00,  4.553861386138614e-02
4102        ,  1.217700000000000e+00,  1.242958127738621e+00,  1.152473118279570e-02
3341        ,  1.408900000000000e+00,  1.764820048323335e+00,  1.706382978723404e-02
3225        ,  2.281000000000004e-01,  1.571644311871309e-01,  0.000000000000000e+00
4937        ,  0.000000000000000e+00,  1.571644311871309e-01,  0.000000000000000e+00
4839        ,  2.247100000000000e+00,  1.907963360926375e+00,  1.858316831683168e-02
3619        ,  0.000000000000000e+00,  1.571644311871309e-01,  0.000000000000000e+00
4244        ,  6.532000000000000e-01,  1.571644311871309e-01,  0.000000000000000e+00
3322        ,  0.000000000000000e+00,  1.571644311871309e-01,  0.000000000000000e+00
3797        ,  5.508700000000000e+00,  5.337026314478766e+00,  5.497961165048544e-02
5806        ,  3.925800000000000e+00,  2.936390991613954e+00,  2.949900990099009e-02
4535        ,  1.017200000000000e+00,  8.553520265094992e-01,  7.410638297872332e-03
3001        ,  0.000000000000000e+00,  1.571644311871309e-01,  0.000000000000000e+00
4868        ,  0.000000000000000e+00,  1.624323237249813e-01,  5.591397849462705e-05
3462        ,  9.331000000000000e-01,  7.861947711588778e-01,  6.676595744680853e-03
3491        ,  8.259000000000001e-01,  1.005675286974452e+00,  9.006185567010310e-03
5163        ,  8.546999999999993e-01,  1.015633318735230e+00,  9.111881188118813e-03
3481        ,  8.867999999999998e-01,  1.571644311871309e-01,  0.000000000000000e+00
4049        ,  4.949900000000000e+00,  6.063116191212753e+00,  6.268640776699029e-02
5896        ,  0.000000000000000e+00,  1.571644311871309e-01,  0.000000000000000e+00
4354        ,  2.761100000000000e+00,  2.613544004783142e+00,  2.607227722772277e-02
3907        ,  1.832000000000000e+00,  1.115794241043691e+00,  1.017500000000000e-02
3543        ,  2.136700000000000e+00,  1.902533191586748e+00,  1.852553191489362e-02
3529        ,  3.656900000000000e+00,  3.728175205440409e+00,  3.790309278350516e-02
5749        ,  1.189500000000000e+00,  1.085417435852816e+00,  9.852577319587632e-03
3611        ,  1.296200000000000e+00,  1.355873992148413e+00,  1.272323232323232e-02
5459        ,  6.888000000000001e-01,  7.192445963017401e-01,  5.965979381443299e-03
3217        ,  3.489100000000000e+00,  3.170830741183943e+00,  3.198737864077670e-02
4680        ,  2.538000000000000e+00,  2.523340873819433e+00,  2.511485148514852e-02
3692        ,  1.994200000000000e+00,  2.067585921163619e+00,  2.027741935483870e-02
5730        ,  0.000000000000000e+00,  1.571644311871309e-01,  0.000000000000000e+00
5371        ,  4.331500000000000e+00,  3.554380384203996e+00,  3.605841584158416e-02
5636        ,  2.208800000000000e+00,  1.429522969289496e+00,  1.350495049504951e-02
3253        ,  0.000000000000000e+00,  1.571644311871309e-01,  0.000000000000000e+00
5413        ,  7.898000000000001e-01,  2.017222552944613e+00,  1.974285714285715e-02
3824        ,  2.338300000000000e+00,  2.388029385037626e+00,  2.367864077669903e-02
5357        ,  3.189999999999982e-02,  1.571644311871309e-01,  0.000000000000000e+00
5584        ,  3.728300000000000e+00,  4.042358121572131e+00,  4.123786407766990e-02
3710        ,  3.456000000000000e+00,  3.210545078379559e+00,  3.240891089108910e-02
4749        ,  2.372800000000001e+00,  2.266454823621915e+00,  2.238823529411765e-02
3853        ,  0.000000000000000e+00,  1.571644311871309e-01,  0.000000000000000e+00
4604        ,  2.293100000000000e+00,  2.545394982628619e+00,  2.534893617021276e-02
4755        ,  2.301300000000000e+00,  2.270268387465202e+00,  2.242871287128713e-02
5285        ,  3.423700000000000e+00,  2.885128279942120e+00,  2.895490196078431e-02
4303        ,  0.000000000000000e+00,  1.571644311871309e-01,  0.000000000000000e+00
3150        ,  0.000000000000000e+00,  1.571644311871309e-01,  0.000000000000000e+00
3950        ,  0.000000000000000e+00,  1.571644311871309e-01,  0.000000000000000e+00
5107        ,  2.169700000000000e+00,  4.244141224126324e+00,  4.337961165048544e-02
5441        ,  3.915400000000000e+00,  4.051688074636740e+00,  4.133689320388349e-02
3251        ,  0.000000000000000e+00,  1.571644311871309e-01,  0.000000000000000e+00
3917        ,  4.013700000000000e+00,  3.828664499612525e+00,  3.896969696969697e-02
3965        ,  4.246200000000000e+00,  3.440950180220677e+00,  3.485445544554455e-02
3695        ,  1.607300000000000e+00,  9.769234148422975e-01,  8.701010101010098e-03
3680        ,  2.891000000000000e+00,  2.918878583227176e+00,  2.931313131313132e-02
3633        ,  4.639500000000000e+00,  4.137808096994167e+00,  4.225098039215687e-02
4977        ,  0.000000000000000e+00,  1.571644311871309e-01,  0.000000000000000e+00
4879        ,  4.412000000000000e+00,  4.732042887328526e+00,  4.855825242718446e-02
5403        ,  1.062500000000000e+00,  5.704943932349007e-01,  4.387128712871288e-03
3959        ,  2.491400000000000e+00,  1.978390831327203e+00,  1.933069306930693e-02
3665        ,  1.944300000000001e+00,  1.943130455417915e+00,  1.895643564356436e-02
3506        ,  1.599000000000000e+00,  1.114880939815828e+00,  1.016530612244898e-02
5281        ,  1.805600000000000e+00,  1.922779228660409e+00,  1.874042553191490e-02
5869        ,  4.138300000000000e+00,  4.058731274499238e+00,  4.141165048543689e-02
4232        ,  0.000000000000000e+00,  5.963775825001191e-01,  4.661855670103092e-03
3579        ,  1.574400000000000e+00,  1.448482177031045e+00,  1.370618556701031e-02
3199        ,  2.250400000000000e+00,  1.718815439329225e+00,  1.657553191489361e-02
3286        ,  0.000000000000000e+00,  1.571644311871309e-01,  0.000000000000000e+00
5768        ,  1.701800000000000e+00,  1.984619846850748e+00,  1.939680851063830e-02
5291        ,  4.676600000000000e+00,  4.894402364678341e+00,  5.028155339805825e-02
3486        ,  7.329999999999992e-02,  1.571644311871309e-01,  0.000000000000000e+00
5647        ,  3.195000000000000e+00,  3.091709080390935e+00,  3.114757281553398e-02
4658        ,  2.303800000000000e+00,  2.373211224287953e+00,  2.352135922330097e-02
4386        ,  1.767900000000000e+00,  1.554986476162493e+00,  1.483663366336634e-02
4931        ,  7.595999999999998e-01,  1.011053010753492e+00,  9.063265306122448e-03
5559        ,  3.416700000000000e+00,  2.767644906905217e+00,  2.770792079207921e-02
3393        ,  8.523999999999998e-01,  2.776539655736884e-01,  1.278888888888889e-03
3139        ,  1.653300000000000e+00,  1.625403030652733e+00,  1.558404255319149e-02
4492        ,  1.135700000000000e+00,  1.127672325660286e+00,  1.030107526881720e-02
4563        ,  0.000000000000000e+00,  1.571644311871309e-01,  0.000000000000000e+00
5631        ,  1.302400000000000e+00,  3.700272521564121e+00,  3.760693069306931e-02
4514        ,  3.202900000000000e+00,  3.069969981831153e+00,  3.091683168316832e-02
4055        ,  1.163999999999996e-01,  3.183547210581635e-01,  1.710891089108909e-03
5780        ,  9.264000000000001e-01,  1.028445620698666e+00,  9.247872340425529e-03
4399        ,  4.730000000000034e-02,  1.571644311871309e-01,  0.000000000000000e+00
3479        ,  2.809000000000000e+00,  2.519796179944954e+00,  2.507722772277228e-02
3466        ,  8.565000000000000e-01,  9.965275883543672e-01,  8.909090909090910e-03
5826        ,  4.010000000000025e-02,  1.856209747079191e-01,  3.020408163265291e-04
5763        ,  3.147600000000001e+00,  4.113602483611891e+00,  4.199405940594060e-02
3440        ,  2.282500000000000e+00,  2.497595202520588e+00,  2.484158415841585e-02
3534        ,  0.000000000000000e+00,  5.982674468365348e-01,  4.681914893617023e-03
3574        ,  2.645500000000000e+00,  2.368587001773112e+00,  2.347227722772277e-02
3733        ,  0.000000000000000e+00,  1.571644311871309e-01,  0.000000000000000e+00
3658        ,  2.646900000000000e+00,  2.236593795657654e+00,  2.207128712871288e-02
4695        ,  2.482000000000000e+00,  2.312126558051908e+00,  2.287300000000000e-02
3968        ,  3.180000000000000e+00,  2.950339307138606e+00,  2.964705882352941e-02
5590        ,  2.527500000000000e+00,  1.725038500719724e+00,  1.664158415841585e-02
4965        ,  2.943700000000000e+00,  2.663915970367839e+00,  2.660693069306931e-02
4770        ,  2.630999999999999e-01,  8.031504981770626e-01,  6.856565656565655e-03
3864        ,  2.564400000000000e+00,  2.482243616964560e+00,  2.467864077669903e-02
5202        ,  3.249999999999975e-02,  2.068410262031511e-01,  5.272727272727287e-04
4744        ,  1.614900000000000e+00,  1.718689346156777e+00,  1.657419354838710e-02
3545        ,  5.858400000000000e+00,  5.378405226876550e+00,  5.541881188118811e-02
3700        ,  6.755000000000000e-01,  7.918257571676636e-01,  6.736363636363637e-03
4175        ,  6.012000000000000e-01,  4.905165517991968e-01,  3.538235294117647e-03
5492        ,  0.000000000000000e+00,  1.571644311871309e-01,  0.000000000000000e+00
5359        ,  1.056300000000000e+00,  1.303813077802226e+00,  1.217065217391304e-02
4377        ,  4.062600000000000e+00,  4.663806171777562e+00,  4.783398058252427e-02
4075        ,  2.952200000000000e+00,  2.429686330398995e+00,  2.412079207920792e-02
4948        ,  0.000000000000000e+00,  1.571644311871309e-01,  0.000000000000000e+00
5633        ,  4.619200000000000e+00,  4.251472419045562e+00,  4.345742574257425e-02
4041        ,  2.202900000000001e+00,  2.214821729850193e+00,  2.184019607843137e-02
4910        ,  0.000000000000000e+00,  1.571644311871309e-01,  0.000000000000000e+00
3741        ,  4.134000000000000e+00,  3.922257843397310e+00,  3.996310679611650e-02
5199        ,  0.000000000000000e+00,  1.601022943332395e-01,  3.118279569892368e-05
3958        ,  3.969900000000000e+00,  3.683690547479032e+00,  3.743092783505154e-02
3537        ,  2.426400000000000e+00,  2.538265900659343e+00,  2.527326732673267e-02
3156        ,  1.755100000000000e+00,  1.044871860898693e+00,  9.422222222222221e-03
3519        ,  1.893400000000000e+00,  1.421154723393974e+00,  1.341612903225806e-02
5109        ,  0.000000000000000e+00,  1.571644311871309e-01,  0.000000000000000e+00
3131        ,  6.086400000000000e+00,  5.465489832011578e+00,  5.634313725490196e-02
3204        ,  3.863100000000000e+00,  3.148709115052686e+00,  3.175257731958763e-02
4783        ,  0.000000000000000e+00,  1.571644311871309e-01,  0.000000000000000e+00
3007        ,  1.782999999999997e-01,  1.960680946627297e+00,  1.914271844660194e-02
3982        ,  9.999999999976694e-05,  1.571644311871309e-01,  0.000000000000000e+00
3276        ,  1.351600000000000e+00,  8.402682654702713e-01,  7.250537634408603e-03
5510        ,  3.329200000000000e+00,  3.364311100211914e+00,  3.404099999999999e-02
5602        ,  1.740300000000000e+00,  1.471966014365492e+00,  1.395544554455446e-02
5228        ,  8.589000000000000e-01,  1.011600099497693e+00,  9.069072164948460e-03
4312        ,  5.035999999999996e-01,  4.690042107235097e-01,  3.309900990099010e-03
4346        ,  2.214600000000000e+00,  1.190535977015430e+00,  1.096831683168317e-02
5274        ,  2.598400000000000e+00,  5.020631141434817e+00,  5.162135922330097e-02
4358        ,  3.600000000000003e-02,  1.571644311871309e-01,  0.000000000000000e+00
3583        ,  1.527200000000000e+00,  1.687791130309772e+00,  1.624623655913979e-02
3222        ,  0.000000000000000e+00,  1.571644311871309e-01,  0.000000000000000e+00
3620        ,  9.683000000000000e-01,  1.247453823313015e+00,  1.157244897959184e-02
3484        ,  1.768600000000000e+00,  2.191220560067405e+00,  2.158969072164948e-02
5246        ,  1.909999999999989e-02,  1.571644311871309e-01,  0.000000000000000e+00
3226        ,  0.000000000000000e+00,  1.571644311871309e-01,  0.000000000000000e+00
4565        ,  1.903700000000000e+00,  2.135663301652759e+00,  2.100000000000000e-02
5473        ,  0.000000000000000e+00,  1.571644311871309e-01,  0.000000000000000e+00
3365        ,  8.793000000000000e-01,  1.197492758827391e+00,  1.104215686274510e-02
4647        ,  3.913400000000000e+00,  3.633486649034852e+00,  3.689805825242719e-02
3663        ,  0.000000000000000e+00,  1.571644311871309e-01,  0.000000000000000e+00
3532        ,  2.109100000000000e+00,  2.178761301364016e+00,  2.145744680851063e-02
3492        ,  0.000000000000000e+00,  1.571644311871309e-01,  0.000000000000000e+00
5277        ,  4.523999999999999e-01,  8.786029160613023e-01,  7.657425742574261e-03
4570        ,  0.000000000000000e+00,  1.571644311871309e-01,  0.000000000000000e+00
4007        ,  2.537700000000000e+00,  2.149189107226428e+00,  2.114356435643564e-02
5635        ,  2.510199999999999e+00,  2.301984069500011e+00,  2.276534653465347e-02
5843        ,  9.450000000000003e-02,  9.827285341832502e-01,  8.762626262626262e-03
3809        ,  4.851000000000000e+00,  4.445161764490261e+00,  4.551326530612245e-02
4679        ,  0.000000000000000e+00,  9.638497578186708e-01,  8.562244897959186e-03
2989        ,  0.000000000000000e+00,  1.571644311871309e-01,  0.000000000000000e+00
4157        ,  1.256900000000000e+00,  1.747196135263115e+00,  1.687676767676767e-02
2992        ,  0.000000000000000e+00,  1.571644311871309e-01,  0.000000000000000e+00
4587        ,  0.000000000000000e+00,  1.571644311871309e-01,  0.000000000000000e+00
4161        ,  5.473999999999997e-01,  6.872894599059037e-01,  5.626804123711343e-03
3400        ,  6.249000000000002e-01,  2.510091955378814e-01,  9.960784313725482e-04
3218        ,  0.000000000000000e+00,  1.571644311871309e-01,  0.000000000000000e+00
4771        ,  2.747500000000000e+00,  2.313644246718691e+00,  2.288910891089109e-02
4881        ,  3.677999999999999e-01,  1.571644311871309e-01,  0.000000000000000e+00
5571        ,  2.085500000000000e+00,  1.774861248161141e+00,  1.717040816326531e-02
4741        ,  0.000000000000000e+00,  1.571644311871309e-01,  0.000000000000000e+00
4233        ,  3.497600000000000e+00,  3.292259600328069e+00,  3.327623762376238e-02
3613        ,  5.574700000000000e+00,  5.280926145328387e+00,  5.438415841584159e-02
3514        ,  0.000000000000000e+00,  1.571644311871309e-01,  0.000000000000000e+00
3520        ,  8.754999999999997e-01,  1.025049726797937e+00,  9.211827956989252e-03
3686        ,  1.206600000000000e+00,  1.084936700940349e+00,  9.847474747474747e-03
4534        ,  1.043000000000000e+00,  1.186887531359985e+00,  1.092959183673469e-02
5157        ,  4.291200000000000e+00,  4.236169602463767e+00,  4.329499999999999e-02
3368        ,  0.000000000000000e+00,  1.571644311871309e-01,  0.000000000000000e+00
4533        ,  1.544200000000000e+00,  1.410493560068610e+00,  1.330297029702970e-02
5696        ,  0.000000000000000e+00,  1.571644311871309e-01,  0.000000000000000e+00
5280        ,  9.822000000000002e-01,  2.698118824041183e-01,  1.195652173913047e-03
4042        ,  1.349900000000000e+00,  1.585913235568465e+00,  1.516489361702128e-02
3097        ,  9.430000000000005e-02,  1.571644311871309e-01,  0.000000000000000e+00
5025        ,  2.353300000000000e+00,  2.203830069458718e+00,  2.172352941176471e-02
4693        ,  4.030700000000000e+00,  3.793559373182556e+00,  3.859708737864077e-02
3343        ,  0.000000000000000e+00,  1.571644311871309e-01,  0.000000000000000e+00
4703        ,  0.000000000000000e+00,  1.571644311871309e-01,  0.000000000000000e+00
4225        ,  6.553999999999998e-01,  3.762626343704065e-01,  2.325531914893616e-03
3867        ,  1.943600000000000e+00,  1.906530630801331e+00,  1.856796116504855e-02
5800        ,  5.573999999999995e-01,  6.895224245197294e-01,  5.650505050505051e-03
4466        ,  0.000000000000000e+00,  1.571644311871309e-01,  0.000000000000000e+00
3987        ,  6.479999999999997e-02,  1.571644311871309e-01,  0.000000000000000e+00
5532        ,  0.000000000000000e+00,  1.309147539748287e+00,  1.222727272727273e-02
4730        ,  1.903900000000000e+00,  2.078433167152462e+00,  2.039255319148936e-02
4643        ,  0.000000000000000e+00,  1.571644311871309e-01,  0.000000000000000e+00
3449        ,  5.802000000000000e-01,  6.801476326135454e-01,  5.551000000000001e-03
5471        ,  2.481200000000000e+00,  1.982588495125928e+00,  1.937524752475248e-02
3593        ,  0.000000000000000e+00,  1.571644311871309e-01,  0.000000000000000e+00
2988        ,  1.057200000000000e+00,  1.149721387328018e+00,  1.053510638297872e-02
3510        ,  2.562800000000000e+00,  1.329854517995329e+00,  1.244705882352941e-02
3990        ,  0.000000000000000e+00,  1.571644311871309e-01,  0.000000000000000e+00
5435        ,  2.611900000000000e+00,  2.629999608355104e+00,  2.624693877551021e-02
5846        ,  0.000000000000000e+00,  1.571644311871309e-01,  0.000000000000000e+00
3349        ,  2.150700000000000e+00,  1.097459412575557e+00,  9.980392156862743e-03
4243        ,  2.519600000000000e+00,  2.215512195246280e+00,  2.184752475247525e-02
4167        ,  1.737100000000000e+00,  1.595937018554498e+00,  1.527128712871287e-02
4577        ,  1.650400000000000e+00,  8.334955859974519e-01,  7.178651685393259e-03
3025        ,  0.000000000000000e+00,  1.571644311871309e-01,  0.000000000000000e+00
3551        ,  1.471900000000000e+00,  1.373305047637800e+00,  1.290824742268041e-02
3960        ,  2.898200000000000e+00,  2.323718639835631e+00,  2.299603960396039e-02
3067        ,  0.000000000000000e+00,  8.619055422841522e-01,  7.480198019801981e-03
3170        ,  1.528999999999998e-01,  1.571644311871309e-01,  0.000000000000000e+00
3575        ,  2.196800000000000e+00,  1.500230283943571e+00,  1.425544554455445e-02
3082        ,  3.936999999999999e-01,  1.571644311871309e-01,  0.000000000000000e+00
4655        ,  5.565700000000001e+00,  5.194009535426395e+00,  5.346161616161616e-02
3346        ,  2.480700000000000e+00,  1.109847550662165e+00,  1.011188118811881e-02
3194        ,  0.000000000000000e+00,  1.571644311871309e-01,  0.000000000000000e+00
5052        ,  0.000000000000000e+00,  1.571644311871309e-01,  0.000000000000000e+00
4127        ,  2.794999999999999e-01,  3.326896415379637e-01,  1.863043478260872e-03
4220        ,  1.188700000000000e+00,  1.263316423586427e+00,  1.174081632653061e-02
5311        ,  0.000000000000000e+00,  1.571644311871309e-01,  0.000000000000000e+00
5337        ,  8.550000000000000e-01,  9.861535351728018e-01,  8.798979591836733e-03
3836        ,  2.259999999999995e-02,  2.367344944558573e-01,  8.445652173913055e-04
4382        ,  1.551700000000000e+00,  1.535612858510112e+00,  1.463100000000000e-02
4369        ,  2.673600000000000e+00,  3.419629489573518e+00,  3.462815533980582e-02
4238        ,  5.243000000000000e+00,  5.066274735348933e+00,  5.210582524271844e-02
4024        ,  4.102000000000000e+00,  4.033940152853868e+00,  4.114851485148514e-02
3752        ,  3.178199999999999e+00,  3.038989357368209e+00,  3.058800000000000e-02
4294        ,  1.687000000000000e+00,  1.547726403266165e+00,  1.475957446808511e-02
5374        ,  2.020000000000000e+00,  1.858337646683673e+00,  1.805643564356435e-02
5165        ,  7.931000000000000e-01,  6.231152521301231e-01,  4.945652173913045e-03
3143        ,  0.000000000000000e+00,  6.069872746850916e-01,  4.774468085106386e-03
4069        ,  2.483500000000000e+00,  2.384444842790516e+00,  2.364059405940594e-02
3315        ,  3.259000000000000e+00,  3.662866673046595e+00,  3.720990099009901e-02
3588        ,  0.000000000000000e+00,  1.571644311871309e-01,  0.000000000000000e+00
3830        ,  6.069000000000000e-01,  6.563056042515817e-01,  5.297938144329897e-03
4264        ,  0.000000000000000e+00,  1.571644311871309e-01,  0.000000000000000e+00
5491        ,  9.824000000000006e-01,  1.176620697481055e+00,  1.082061855670103e-02
3291        ,  2.689400000000000e+00,  2.256137245031669e+00,  2.227872340425532e-02
3179        ,  0.000000000000000e+00,  1.571644311871309e-01,  0.000000000000000e+00
5103        ,  3.941999999999997e-01,  1.608024064793593e-01,  3.861386138614095e-05
4465        ,  9.755000000000003e-01,  8.295368903250964e-01,  7.136633663366337e-03
3077        ,  2.134800000000000e+00,  1.775037340633423e+00,  1.717227722772277e-02
3897        ,  3.892500000000000e+00,  3.532412157501586e+00,  3.582524271844660e-02
5136        ,  1.867100000000000e+00,  1.552537342768816e+00,  1.481063829787234e-02
4657        ,  7.240000000000002e-01,  5.535810526970921e-01,  4.207608695652176e-03
4739        ,  2.321700000000000e+00,  1.899381470493427e+00,  1.849207920792079e-02
4171        ,  4.364300000000000e+00,  3.962113461186799e+00,  4.038613861386138e-02
3219        ,  0.000000000000000e+00,  1.571644311871309e-01,  0.000000000000000e+00
4584        ,  0.000000000000000e+00,  1.571644311871309e-01,  0.000000000000000e+00
3126        ,  0.000000000000000e+00,  1.571644311871309e-01,  0.000000000000000e+00
3883        ,  6.357800000000000e+00,  6.337892455978298e+00,  6.560291262135921e-02
4390        ,  2.926900000000000e+00,  3.472945706508735e+00,  3.519405940594059e-02
3407        ,  2.927999999999997e-01,  1.571644311871309e-01,  0.000000000000000e+00
3504        ,  0.000000000000000e+00,  1.571644311871309e-01,  0.000000000000000e+00
3723        ,  6.068800000000000e+00,  5.556401247727170e+00,  5.730808080808081e-02
4715        ,  0.000000000000000e+00,  1.571644311871309e-01,  0.000000000000000e+00
3548        ,  0.000000000000000e+00,  1.571644311871309e-01,  0.000000000000000e+00
3151        ,  1.532600000000000e+00,  1.316708623268523e+00,  1.230752688172043e-02
5399        ,  1.045000000000000e+00,  6.845593164302983e-01,  5.597826086956528e-03
4516        ,  0.000000000000000e+00,  1.571644311871309e-01,  0.000000000000000e+00
3161        ,  0.000000000000000e+00,  1.571644311871309e-01,  0.000000000000000e+00
3704        ,  2.006600000000000e+00,  2.484547344004872e+00,  2.470309278350516e-02
4747        ,  3.408700000000000e+00,  2.739660481580384e+00,  2.741089108910891e-02
5516        ,  0.000000000000000e+00,  1.571644311871309e-01,  0.000000000000000e+00
5554        ,  1.662000000000000e+00,  1.185101838253771e+00,  1.091063829787234e-02
5336        ,  4.309000000000003e-01,  5.980124114709855e-01,  4.679207920792078e-03
5265        ,  0.000000000000000e+00,  1.571644311871309e-01,  0.000000000000000e+00
3630        ,  3.936000000000000e+00,  3.866461065265825e+00,  3.937087378640777e-02
3392        ,  3.340500000000000e+00,  3.131008951892610e+00,  3.156470588235294e-02
5299        ,  3.388300000000000e+00,  2.584906609534063e+00,  2.576831683168317e-02
3502        ,  0.000000000000000e+00,  1.571644311871309e-01,  0.000000000000000e+00
3188        ,  8.198000000000000e-01,  6.928542651108208e-01,  5.685869565217386e-03
5297        ,  1.494600000000000e+00,  1.579612770448346e+00,  1.509801980198020e-02
4176        ,  4.014700000000000e+00,  3.941192159910782e+00,  4.016407766990291e-02
4955        ,  4.844999999999997e-01,  1.571644311871309e-01,  0.000000000000000e+00
4925        ,  4.453400000000000e+00,  5.142469352043241e+00,  5.291456310679611e-02
3109        ,  0.000000000000000e+00,  1.571644311871309e-01,  0.000000000000000e+00
3038        ,  0.000000000000000e+00,  1.571644311871309e-01,  0.000000000000000e+00
4974        ,  1.457600000000000e+00,  1.309957484232244e+00,  1.223586956521739e-02
3726        ,  5.565000000000002e-01,  1.571644311871309e-01,  0.000000000000000e+00
3722        ,  0.000000000000000e+00,  1.571644311871309e-01,  0.000000000000000e+00
4407        ,  3.911400000000000e+00,  3.377187350142355e+00,  3.417766990291262e-02
5091        ,  3.107900000000000e+00,  3.483018288336010e+00,  3.530097087378641e-02
4902        ,  1.785500000000000e+00,  1.343486728873296e+00,  1.259175257731959e-02
4733        ,  4.222000000000001e-01,  5.619784081514488e-01,  4.296739130434780e-03
3117        ,  0.000000000000000e+00,  1.571644311871309e-01,  0.000000000000000e+00
3133        ,  0.000000000000000e+00,  1.571644311871309e-01,  0.000000000000000e+00
3130        ,  0.000000000000000e+00,  1.571644311871309e-01,  0.000000000000000e+00
3738        ,  1.802400000000000e+00,  1.726432760208424e+00,  1.665638297872340e-02
5279        ,  2.576100000000000e+00,  2.565224230388932e+00,  2.555940594059406e-02
5335        ,  4.263500000000000e+00,  4.779607353932415e+00,  4.906310679611650e-02
3708        ,  3.914400000000000e+00,  3.114382910964328e+00,  3.138823529411765e-02
4104        ,  3.053999999999999e+00,  3.193468624798363e+00,  3.222765957446808e-02
5601        ,  8.203000000000000e-01,  1.203513400921117e+00,  1.110606060606061e-02
3657        ,  7.258000000000000e-01,  7.749961108646890e-01,  6.557731958762886e-03
5456        ,  0.000000000000000e+00,  1.571644311871309e-01,  0.000000000000000e+00
5503        ,  8.586999999999998e-01,  7.347386356087739e-01,  6.130434782608696e-03
3167        ,  0.000000000000000e+00,  1.571644311871309e-01,  0.000000000000000e+00
4293        ,  1.136700000000000e+00,  1.668629894814954e+00,  1.604285714285714e-02
5777        ,  6.503000000000001e-01,  7.902263875533195e-01,  6.719387755102042e-03
4496        ,  1.123700000000000e+00,  5.086488132670218e-01,  3.730693069306931e-03
3093        ,  0.000000000000000e+00,  1.571644311871309e-01,  0.000000000000000e+00
3461        ,  1.653900000000000e+00,  1.658495927011049e+00,  1.593529411764706e-02
4673        ,  1.365500000000000e+00,  1.315189038882604e+00,  1.229139784946237e-02
3395        ,  2.411100000000000e+00,  2.310379397097461e+00,  2.285445544554456e-02
3231        ,  1.677200000000000e+00,  1.680127467495399e+00,  1.616489361702127e-02
5651        ,  5.059999999999998e-01,  5.000669228340732e-01,  3.639603960396039e-03
3608        ,  1.196200000000000e+00,  9.199821337326267e-01,  8.096629213483147e-03
3191        ,  0.000000000000000e+00,  1.571644311871309e-01,  0.000000000000000e+00
5053        ,  0.000000000000000e+00,  1.571644311871309e-01,  0.000000000000000e+00
5766        ,  2.967000000000000e+00,  2.576791126189862e+00,  2.568217821782178e-02
3000        ,  0.000000000000000e+00,  1.571644311871309e-01,  0.000000000000000e+00
3728        ,  0.000000000000000e+00,  1.571644311871309e-01,  0.000000000000000e+00
3419        ,  4.336800000000000e+00,  3.878257124724866e+00,  3.949607843137255e-02
3631        ,  3.243400000000000e+00,  3.323882000945130e+00,  3.361188118811882e-02
5095        ,  9.836999999999998e-01,  6.813381579078949e-01,  5.563636363636365e-03
5209        ,  1.572700000000000e+00,  1.295839664368577e+00,  1.208602150537634e-02
3928        ,  1.122600000000000e+00,  1.265143026042153e+00,  1.176020408163265e-02
4307        ,  0.000000000000000e+00,  1.571644311871309e-01,  0.000000000000000e+00
3745        ,  2.101100000000000e+00,  1.246706435890553e+00,  1.156451612903226e-02
3230        ,  0.000000000000000e+00,  1.571644311871309e-01,  0.000000000000000e+00
3801        ,  0.000000000000000e+00,  1.571644311871309e-01,  0.000000000000000e+00
4963        ,  4.657000000000000e+00,  4.994928035443100e+00,  5.134854368932039e-02
4299        ,  3.159100000000000e+00,  2.492744568797616e+00,  2.479009900990099e-02
5627        ,  1.765000000000000e+00,  1.526277631316841e+00,  1.453191489361702e-02
4285        ,  0.000000000000000e+00,  1.571644311871309e-01,  0.000000000000000e+00
3285        ,  0.000000000000000e+00,  1.571644311871309e-01,  0.000000000000000e+00
5770        ,  1.462100000000000e+00,  1.058213308871325e+00,  9.563829787234043e-03
4228        ,  0.000000000000000e+00,  1.571644311871309e-01,  0.000000000000000e+00
5070        ,  2.822200000000000e+00,  2.451141056481366e+00,  2.434851485148515e-02
4947        ,  8.538999999999999e-01,  9.206882220919078e-01,  8.104123711340208e-03
5131        ,  2.770000000000028e-02,  1.911188672479271e-01,  3.603960396039604e-04
4434        ,  1.092800000000000e+00,  6.403356539418321e-01,  5.128431372549020e-03
5901        ,  2.864800000000001e+00,  3.996441022918594e+00,  4.075049504950495e-02
2996        ,  0.000000000000000e+00,  1.571644311871309e-01,  0.000000000000000e+00
5415        ,  1.726200000000000e+00,  1.695719785311592e+00,  1.633039215686274e-02
5130        ,  3.741200000000000e+00,  2.986296550109905e+00,  3.002871287128714e-02
3586        ,  2.156900000000000e+00,  2.096470181171154e+00,  2.058400000000000e-02
4710        ,  0.000000000000000e+00,  1.571644311871309e-01,  0.000000000000000e+00
3538        ,  1.800000000000246e-03,  1.571644311871309e-01,  0.000000000000000e+00
4802        ,  0.000000000000000e+00,  1.571644311871309e-01,  0.000000000000000e+00
5102        ,  3.760100000000000e+00,  3.694816473149482e+00,  3.754901960784314e-02
5019        ,  1.267900000000000e+00,  1.369197216865353e+00,  1.286464646464647e-02
3426        ,  3.814500000000001e+00,  3.709880507592313e+00,  3.770891089108910e-02
5160        ,  4.105000000000000e+00,  3.962571472947949e+00,  4.039100000000000e-02
5248        ,  3.171000000000000e+00,  2.894041227955708e+00,  2.904950495049505e-02
5521        ,  0.000000000000000e+00,  1.571644311871309e-01,  0.000000000000000e+00
3227        ,  0.000000000000000e+00,  3.011919325477745e-01,  1.528723404255319e-03
3841        ,  1.915000000000000e+00,  1.630544424539540e+00,  1.563861386138614e-02
4794        ,  8.492000000000002e-01,  1.863884083634959e+00,  1.811530612244898e-02
5039        ,  8.927999999999998e-01,  1.571644311871309e-01,  0.000000000000000e+00
5729        ,  3.487600000000000e+00,  3.137972135370495e+00,  3.163861386138614e-02
3717        ,  1.106800000000000e+00,  1.306869444918188e+00,  1.220309278350515e-02
3858        ,  3.167000000000000e-01,  3.289888026815998e-01,  1.823762376237624e-03
3367        ,  2.085999999999997e-01,  4.261368266491247e-01,  2.854901960784313e-03
4738        ,  4.309900000000000e+00,  3.726671162787212e+00,  3.788712871287129e-02
3369        ,  0.000000000000000e+00,  1.571644311871309e-01,  0.000000000000000e+00
5429        ,  3.010400000000000e+00,  2.729865932716693e+00,  2.730693069306931e-02
5431        ,  0.000000000000000e+00,  1.571644311871309e-01,  0.000000000000000e+00
3345        ,  1.220300000000000e+00,  1.571644311871309e-01,  0.000000000000000e+00
3120        ,  0.000000000000000e+00,  1.571644311871309e-01,  0.000000000000000e+00
4457        ,  5.621100000000000e+00,  5.119327409637888e+00,  5.266893203883496e-02
4172        ,  2.572000000000000e+00,  1.822495194727628e+00,  1.767599999999999e-02
5121        ,  2.568900000000000e+00,  2.697069283664435e+00,  2.695882352941176e-02
4808        ,  8.830000000000001e-01,  7.084696463982901e-01,  5.851612903225802e-03
4444        ,  9.563000000000001e-01,  3.505568707016667e-01,  2.052688172043011e-03
3662        ,  2.304500000000000e+00,  2.354408226275196e+00,  2.332178217821782e-02
4731        ,  1.348900000000000e+00,  1.267026739569971e+00,  1.178019801980198e-02
3814        ,  2.086700000000000e+00,  1.894903962441454e+00,  1.844455445544555e-02
5174        ,  1.404900000000000e+00,  1.329618570879846e+00,  1.244455445544554e-02
3810        ,  2.148500000000000e+00,  2.256538156656890e+00,  2.228297872340425e-02
4712        ,  1.100500000000000e+00,  1.125950130022912e+00,  1.028279569892473e-02
2981        ,  2.159200000000000e+00,  1.448935765137332e+00,  1.371100000000000e-02
3590        ,  1.610000000000000e+00,  1.632376953036618e+00,  1.565806451612903e-02
5874        ,  4.438800000000000e+00,  4.967121116505441e+00,  5.105339805825242e-02
5382        ,  5.297999999999998e-01,  8.122798280414500e-01,  6.953465346534655e-03
3086        ,  1.589400000000000e+00,  1.431855004733233e+00,  1.352970297029703e-02
5467        ,  0.000000000000000e+00,  1.247944735507163e+00,  1.157765957446808e-02
5145        ,  8.130000000000002e-01,  9.178962855114510e-01,  8.074489795918363e-03
4547        ,  3.463000000000000e+00,  2.264359942464952e+00,  2.236600000000000e-02
3277        ,  1.579500000000000e+00,  1.696564844129460e+00,  1.633936170212766e-02
3200        ,  0.000000000000000e+00,  1.233445429180173e+00,  1.142376237623762e-02
3857        ,  2.970300000000000e+00,  2.994358729786821e+00,  3.011428571428571e-02
4247        ,  1.700000000000035e-03,  8.967947158506437e-01,  7.850515463917525e-03
3141        ,  3.993400000000000e+00,  3.762024820114250e+00,  3.826237623762376e-02
5779        ,  0.000000000000000e+00,  1.571644311871309e-01,  0.000000000000000e+00
3289        ,  0.000000000000000e+00,  1.571644311871309e-01,  0.000000000000000e+00
4669        ,  0.000000000000000e+00,  1.571644311871309e-01,  0.000000000000000e+00
4404        ,  2.805900000000000e+00,  2.206930304813331e+00,  2.175643564356436e-02
3672        ,  0.000000000000000e+00,  1.571644311871309e-01,  0.000000000000000e+00
3412        ,  4.977500000000000e+00,  4.892333661478533e+00,  5.025959595959596e-02
3103        ,  0.000000000000000e+00,  1.571644311871309e-01,  0.000000000000000e+00
4441        ,  4.190000000000000e+00,  4.063510362280440e+00,  4.146237623762376e-02
3209        ,  2.847000000000008e-01,  1.571644311871309e-01,  0.000000000000000e+00
3495        ,  1.237600000000000e+00,  4.783032647445318e-01,  3.408602150537634e-03
3533        ,  0.000000000000000e+00,  1.571644311871309e-01,  0.000000000000000e+00
5012        ,  0.000000000000000e+00,  1.571644311871309e-01,  0.000000000000000e+00
3799        ,  3.415900000000000e+00,  2.952833213277847e+00,  2.967352941176470e-02
4895        ,  2.159000000000000e-01,  8.405540920571463e-01,  7.253571428571428e-03
4502        ,  7.188000000000000e+00,  6.442731571018410e+00,  6.671568627450980e-02
3595        ,  1.518500000000000e+00,  1.705642628786250e+00,  1.643571428571429e-02
3794        ,  0.000000000000000e+00,  1.717772508329410e-01,  1.551020408163253e-04
5645        ,  2.352200000000000e+00,  2.097417920375488e+00,  2.059405940594060e-02
3267        ,  2.079300000000000e+00,  9.029602820044931e-01,  7.915957446808506e-03
3827        ,  1.014500000000000e+00,  1.082867328354941e+00,  9.825510204081636e-03
3313        ,  3.882800000000000e+00,  3.408591789217573e+00,  3.451100000000000e-02
4700        ,  7.430000000000003e-02,  1.571644311871309e-01,  0.000000000000000e+00
5556        ,  1.465900000000000e+00,  1.531375244185914e+00,  1.458602150537634e-02
5555        ,  0.000000000000000e+00,  1.571644311871309e-01,  0.000000000000000e+00
3273        ,  3.100000000000014e-02,  1.571644311871309e-01,  0.000000000000000e+00
4814        ,  2.224100000000000e+00,  2.209113814504534e+00,  2.177961165048543e-02
4123        ,  0.000000000000000e+00,  1.571644311871309e-01,  0.000000000000000e+00
3278        ,  1.245800000000000e+00,  9.665963807529460e-01,  8.591397849462366e-03
5245        ,  1.697300000000000e+00,  1.847796846477986e+00,  1.794455445544554e-02
3789        ,  4.554000000000000e+00,  4.188070035610585e+00,  4.278446601941748e-02
5317        ,  4.574800000000001e+00,  4.223793278360638e+00,  4.316363636363636e-02
3985        ,  2.974100000000000e+00,  2.632437567279149e+00,  2.627281553398058e-02
4326        ,  3.563700000000000e+00,  4.162220946990208e+00,  4.251010101010101e-02
4136        ,  0.000000000000000e+00,  1.571644311871309e-01,  0.000000000000000e+00
3390        ,  0.000000000000000e+00,  1.571644311871309e-01,  0.000000000000000e+00
3348        ,  0.000000000000000e+00,  1.571644311871309e-01,  0.000000000000000e+00
3265        ,  0.000000000000000e+00,  1.571644311871309e-01,  0.000000000000000e+00
3210        ,  7.141999999999999e-01,  7.903245919864230e-01,  6.720430107526882e-03
4984        ,  0.000000000000000e+00,  1.571644311871309e-01,  0.000000000000000e+00
4950        ,  1.466200000000001e+00,  9.987493821225811e-01,  8.932673267326734e-03
5269        ,  0.000000000000000e+00,  1.571644311871309e-01,  0.000000000000000e+00
3295        ,  0.000000000000000e+00,  1.571644311871309e-01,  0.000000000000000e+00
3054        ,  2.297200000000000e+00,  1.398180412925684e+00,  1.317227722772277e-02
4218        ,  2.750400000000000e+00,  2.769603816677956e+00,  2.772871287128713e-02
3173        ,  0.000000000000000e+00,  1.571644311871309e-01,  0.000000000000000e+00
3046        ,  0.000000000000000e+00,  1.571644311871309e-01,  0.000000000000000e+00
3952        ,  2.400100000000000e+00,  2.519702898527205e+00,  2.507623762376238e-02
4639        ,  4.481400000000000e+00,  4.683106368803371e+00,  4.803883495145631e-02
5526        ,  0.000000000000000e+00,  1.571644311871309e-01,  0.000000000000000e+00
5760        ,  2.773000000000000e+00,  2.914190014189588e+00,  2.926336633663366e-02
3779        ,  3.920900000000000e+00,  3.491788552894121e+00,  3.539405940594059e-02
3024        ,  0.000000000000000e+00,  1.571644311871309e-01,  0.000000000000000e+00
4846        ,  0.000000000000000e+00,  1.571644311871309e-01,  0.000000000000000e+00
3101        ,  0.000000000000000e+00,  1.571644311871309e-01,  0.000000000000000e+00
4636        ,  3.054200000000000e+00,  2.479865393634366e+00,  2.465339805825243e-02
5348        ,  7.317000000000000e-01,  4.432889572782779e-01,  3.036956521739129e-03
3597        ,  2.477700000000000e+00,  2.172647399079396e+00,  2.139255319148936e-02
4549        ,  4.942399999999999e+00,  4.918916359004961e+00,  5.054174757281554e-02
3623        ,  2.059900000000000e+00,  1.976912320855874e+00,  1.931500000000000e-02
4290        ,  4.068000000000001e-01,  5.338209030822598e-01,  3.997872340425541e-03
5507        ,  2.815200000000000e+00,  3.172212126791748e+00,  3.200204081632653e-02
3436        ,  6.292000000000000e-01,  2.394166314199717e-01,  8.730337078651696e-04
3384        ,  0.000000000000000e+00,  1.571644311871309e-01,  0.000000000000000e+00
3721        ,  1.803700000000000e+00,  1.641561996435946e+00,  1.575555555555556e-02
3017        ,  0.000000000000000e+00,  1.571644311871309e-01,  0.000000000000000e+00
5474        ,  0.000000000000000e+00,  1.571644311871309e-01,  0.000000000000000e+00
4804        ,  4.575000000000000e-01,  4.824039871476660e-01,  3.452127659574468e-03
3561        ,  0.000000000000000e+00,  1.571644311871309e-01,  0.000000000000000e+00
4742        ,  2.144300000000000e+00,  1.619864173325501e+00,  1.552525252525253e-02
3091        ,  0.000000000000000e+00,  1.571644311871309e-01,  0.000000000000000e+00
5334        ,  2.209999999999979e-02,  1.571644311871309e-01,  0.000000000000000e+00
5233        ,  6.469999999999976e-02,  1.571644311871309e-01,  0.000000000000000e+00
5193        ,  3.476700000000000e+00,  3.337183169635238e+00,  3.375306122448980e-02
5683        ,  0.000000000000000e+00,  1.571644311871309e-01,  0.000000000000000e+00
3457        ,  2.942700000000000e+00,  2.779958054048143e+00,  2.783861386138614e-02
4222        ,  2.760500000000000e+00,  2.490814009259684e+00,  2.476960784313725e-02
3042        ,  0.000000000000000e+00,  1.571644311871309e-01,  0.000000000000000e+00
5502        ,  4.470800000000000e+00,  4.713382981199309e+00,  4.836019417475728e-02
5533        ,  0.000000000000000e+00,  1.571644311871309e-01,  0.000000000000000e+00
3906        ,  1.246300000000000e+00,  1.409099353932355e+00,  1.328817204301075e-02
4210        ,  3.155900000000000e+00,  2.971029491404913e+00,  2.986666666666666e-02
3305        ,  0.000000000000000e+00,  1.571644311871309e-01,  0.000000000000000e+00
4705        ,  2.014900000000000e+00,  1.926643686078776e+00,  1.878144329896907e-02
3736        ,  4.481999999999999e-01,  7.214367664914605e-01,  5.989247311827962e-03
4589        ,  1.158500000000000e+00,  1.337047344212529e+00,  1.252340425531915e-02
3639        ,  3.916900000000000e+00,  4.058639804371155e+00,  4.141067961165049e-02
4347        ,  3.522500000000000e+00,  3.889802986480619e+00,  3.961862745098040e-02
5841        ,  3.369700000000000e+00,  3.234798246994414e+00,  3.266633663366337e-02
4279        ,  3.202400000000000e+00,  3.126125395316316e+00,  3.151287128712871e-02
3667        ,  2.740100000000000e+00,  2.618954327012609e+00,  2.612970297029703e-02
3113        ,  1.532700000000000e+00,  9.796266914839457e-01,  8.729702970297029e-03
5665        ,  1.656300000000000e+00,  1.393702904873711e+00,  1.312475247524753e-02
5148        ,  0.000000000000000e+00,  1.571644311871309e-01,  0.000000000000000e+00
3800        ,  1.905300000000000e+00,  2.141476520218463e+00,  2.106170212765958e-02
4490        ,  2.250200000000000e+00,  1.706382217169835e+00,  1.644356435643565e-02
5123        ,  5.819999999999992e-02,  9.457006056579556e-01,  8.369607843137254e-03
4048        ,  5.700300000000000e+00,  4.981756336998946e+00,  5.120873786407767e-02
3184        ,  0.000000000000000e+00,  1.571644311871309e-01,  0.000000000000000e+00
3675        ,  1.858500000000000e+00,  1.956753389065734e+00,  1.910103092783505e-02
4019        ,  1.387000000000000e-01,  1.571644311871309e-01,  0.000000000000000e+00
4026        ,  2.560600000000000e+00,  2.536668343174780e+00,  2.525631067961165e-02
5747        ,  9.680999999999997e-01,  1.571644311871309e-01,  0.000000000000000e+00
3140        ,  0.000000000000000e+00,  1.571644311871309e-01,  0.000000000000000e+00
4546        ,  3.642200000000000e+00,  5.032064907445367e+00,  5.174271844660194e-02
5820        ,  0.000000000000000e+00,  1.571644311871309e-01,  0.000000000000000e+00
4331        ,  3.055899999999999e+00,  1.571644311871309e-01,  0.000000000000000e+00
3798        ,  1.146800000000000e+00,  1.295853674721072e+00,  1.208617021276596e-02
5168        ,  0.000000000000000e+00,  1.571644311871309e-01,  0.000000000000000e+00
5757        ,  5.346700000000000e+00,  5.610796407835382e+00,  5.788543689320388e-02
5181        ,  0.000000000000000e+00,  1.571644311871309e-01,  0.000000000000000e+00
3006        ,  1.215300000000000e+00,  8.123542547045480e-01,  6.954255319148938e-03
3644        ,  5.740000000000003e-01,  6.852352011375999e-01,  5.605000000000002e-03
3465        ,  1.376900000000000e+00,  1.341745155187273e+00,  1.257326732673267e-02
3925        ,  4.481500000000000e+00,  4.585324801881145e+00,  4.700097087378641e-02
4527        ,  2.819700000000000e+00,  2.425022259511523e+00,  2.407128712871287e-02
3271        ,  0.000000000000000e+00,  1.571644311871309e-01,  0.000000000000000e+00
3674        ,  4.303999999999999e-01,  3.502011998635137e-01,  2.048913043478265e-03
3441        ,  2.360700000000000e+00,  2.111186074730565e+00,  2.074019607843137e-02
5065        ,  7.812999999999999e-01,  7.760866379546670e-01,  6.569306930693069e-03
3690        ,  2.423100000000000e+00,  2.240698178038629e+00,  2.211485148514852e-02
4214        ,  7.783000000000002e-01,  9.696908071388161e-01,  8.624242424242425e-03
5275        ,  0.000000000000000e+00,  1.571644311871309e-01,  0.000000000000000e+00
5366        ,  4.962000000000000e-01,  4.237706619590950e-01,  2.829787234042553e-03
3896        ,  5.040999999999999e+00,  4.495043785461839e+00,  4.604271844660194e-02
5671        ,  3.270300000000000e+00,  2.420615169784714e+00,  2.402450980392157e-02
4686        ,  5.896000000000001e-01,  2.032127874439436e+00,  1.990106382978724e-02
5490        ,  2.288300000000000e+00,  2.170342157234375e+00,  2.136808510638298e-02
4550        ,  0.000000000000000e+00,  1.571644311871309e-01,  0.000000000000000e+00
5822        ,  0.000000000000000e+00,  1.571644311871309e-01,  0.000000000000000e+00
3256        ,  1.546800000000000e+00,  5.662034480184264e-01,  4.341584158415840e-03
4661        ,  5.475600000000000e+00,  5.059349799894464e+00,  5.203232323232324e-02
4855        ,  1.489400000000000e+00,  1.633924448156155e+00,  1.567448979591837e-02
5656        ,  2.185500000000000e+00,  2.216744640644424e+00,  2.186060606060606e-02
5135        ,  1.470899999999999e+00,  1.571644311871309e-01,  0.000000000000000e+00
3550        ,  2.619400000000000e+00,  1.812256626315450e+00,  1.756732673267327e-02
5684        ,  4.439300000000000e+00,  5.443954894209433e+00,  5.611456310679613e-02
3012        ,  0.000000000000000e+00,  1.571644311871309e-01,  0.000000000000000e+00
3826        ,  3.180200000000001e+00,  3.189805192549533e+00,  3.218877551020408e-02
3531        ,  4.588000000000001e-01,  5.046427274337824e-01,  3.688172043010752e-03
4370        ,  8.121000000000000e-01,  1.000143892206108e+00,  8.947474747474747e-03
4032        ,  5.322200000000000e+00,  4.798416123211261e+00,  4.926274509803921e-02
5577        ,  2.700600000000000e+00,  2.614452010072936e+00,  2.608191489361702e-02
5212        ,  0.000000000000000e+00,  1.571644311871309e-01,  0.000000000000000e+00
4913        ,  1.940700000000000e+00,  1.740058693450469e+00,  1.680101010101010e-02
4684        ,  0.000000000000000e+00,  1.571644311871309e-01,  0.000000000000000e+00
5906        ,  0.000000000000000e+00,  3.371717077776524e+00,  3.411960784313726e-02
3155        ,  0.000000000000000e+00,  1.571644311871309e-01,  0.000000000000000e+00
4511        ,  3.130800000000000e+00,  2.724269047651728e+00,  2.724752475247525e-02
4340        ,  0.000000000000000e+00,  1.571644311871309e-01,  0.000000000000000e+00
3834        ,  0.000000000000000e+00,  1.571644311871309e-01,  0.000000000000000e+00
4348        ,  2.519400000000000e+00,  2.004594679001465e+00,  1.960882352941177e-02
3022        ,  0.000000000000000e+00,  1.571644311871309e-01,  0.000000000000000e+00
3584        ,  3.670800000000000e+00,  3.928020461466628e+00,  4.002427184466020e-02
5286        ,  3.213700000000000e+00,  3.093046158439698e+00,  3.116176470588235e-02
4039        ,  6.776000000000000e-01,  8.340143983770695e-01,  7.184158415841585e-03
5364        ,  0.000000000000000e+00,  1.571644311871309e-01,  0.000000000000000e+00
3560        ,  1.123000000000000e+00,  3.864190622093387e-01,  2.433333333333335e-03
3698        ,  4.599200000000000e+00,  4.351637456710690e+00,  4.452058823529412e-02
3762        ,  3.050900000000000e+00,  3.038989357368209e+00,  3.058800000000000e-02
3353        ,  1.561700000000000e+00,  1.514723523602354e+00,  1.440927835051547e-02
4694        ,  2.325100000000000e+00,  3.018624448051498e+00,  3.037184466019418e-02
5479        ,  1.344900000000000e+00,  1.106081706460212e+00,  1.007191011235955e-02
5805        ,  3.861999999999999e-01,  5.384892503058378e-01,  4.047422680412374e-03
4896        ,  0.000000000000000e+00,  1.571644311871309e-01,  0.000000000000000e+00
4227        ,  4.606999999999999e-01,  1.054198118200552e+00,  9.521212121212123e-03
4874        ,  2.149500000000000e+00,  1.342118280858271e+00,  1.257722772277228e-02
3245        ,  0.000000000000000e+00,  1.571644311871309e-01,  0.000000000000000e+00
5916        ,  9.017999999999997e-01,  1.053971981430250e+00,  9.518811881188121e-03
4408        ,  7.400000000000002e-01,  1.571644311871309e-01,  0.000000000000000e+00
4236        ,  1.189800000000000e+00,  1.406407080181950e+00,  1.325959595959596e-02
5331        ,  1.814300000000000e+00,  1.202102872816361e+00,  1.109108910891089e-02
3784        ,  2.679300000000000e+00,  2.552817801828256e+00,  2.542772277227723e-02
3934        ,  1.132800000000000e+00,  9.966039095143439e-01,  8.909900990099010e-03
4437        ,  0.000000000000000e+00,  1.571644311871309e-01,  0.000000000000000e+00
3823        ,  1.302100000000000e+00,  1.392473376399333e+00,  1.311170212765957e-02
4080        ,  2.228600000000000e+00,  2.674991710948783e+00,  2.672448979591837e-02
5511        ,  1.303200000000000e+00,  1.432517493169494e+00,  1.353673469387755e-02
4409        ,  2.585300000000000e+00,  2.203572173774352e+00,  2.172079207920792e-02
3187        ,  0.000000000000000e+00,  1.571644311871309e-01,  0.000000000000000e+00
4300        ,  4.141800000000000e+00,  3.775364062852420e+00,  3.840396039603960e-02
4498        ,  0.000000000000000e+00,  1.571644311871309e-01,  0.000000000000000e+00
3192        ,  1.573799999999999e+00,  1.722223188143604e+00,  1.661170212765958e-02
4131        ,  8.060000000000000e-01,  5.746449148117518e-01,  4.431182795698921e-03
4086        ,  1.453300000000000e+00,  7.471058876998299e-01,  6.261702127659570e-03
3601        ,  2.851500000000000e+00,  2.907579712557033e+00,  2.919320388349515e-02
3444        ,  2.131800000000000e+00,  2.170823664495594e+00,  2.137319587628866e-02
4129        ,  2.116100000000000e+00,  1.993968828091359e+00,  1.949603960396040e-02
4735        ,  0.000000000000000e+00,  1.571644311871309e-01,  0.000000000000000e+00
4482        ,  1.776600000000000e+00,  2.889377157068237e+00,  2.900000000000000e-02
4586        ,  1.556100000000000e+00,  1.847120320640167e+00,  1.793737373737373e-02
3064        ,  0.000000000000000e+00,  2.161986680009229e-01,  6.265957446808506e-04
5408        ,  2.319000000000000e+00,  1.547803806995786e+00,  1.476039603960396e-02
4861        ,  0.000000000000000e+00,  1.571644311871309e-01,  0.000000000000000e+00
4610        ,  1.037200000000000e+00,  1.024036670540658e+00,  9.201075268817206e-03
4383        ,  5.411300000000000e+00,  5.027308460784978e+00,  5.169223300970874e-02
4891        ,  2.943400000000000e+00,  1.571644311871309e-01,  0.000000000000000e+00
5178        ,  1.411000000000000e+00,  8.406734879731823e-01,  7.254838709677415e-03
5588        ,  0.000000000000000e+00,  1.571644311871309e-01,  0.000000000000000e+00
3720        ,  2.619999999999978e-02,  1.571644311871309e-01,  0.000000000000000e+00
4890        ,  2.595300000000000e+00,  2.814005771526689e+00,  2.820000000000000e-02
4512        ,  7.999000000000001e-01,  4.984506794938836e-01,  3.622448979591832e-03
5514        ,  0.000000000000000e+00,  1.571644311871309e-01,  0.000000000000000e+00
3501        ,  1.934100000000000e+00,  1.887068323350501e+00,  1.836138613861386e-02
5517        ,  1.991000000000000e+00,  1.713191760665544e+00,  1.651584158415842e-02
3513        ,  2.600500000000000e+00,  2.372038414229841e+00,  2.350891089108911e-02
3239        ,  9.895999999999999e-01,  1.244919043563353e+00,  1.154554455445544e-02
3963        ,  0.000000000000000e+00,  1.571644311871309e-01,  0.000000000000000e+00
3071        ,  0.000000000000000e+00,  1.571644311871309e-01,  0.000000000000000e+00
5146        ,  3.059299999999999e+00,  3.099913316928723e+00,  3.123465346534654e-02
4277        ,  2.930600000000000e+00,  2.585186453787311e+00,  2.577128712871287e-02
4506        ,  1.594500000000000e+00,  1.781056969144786e+00,  1.723617021276596e-02
3758        ,  0.000000000000000e+00,  1.571644311871309e-01,  0.000000000000000e+00
4810        ,  2.130700000000000e+00,  2.359271760619771e+00,  2.337340425531915e-02
4125        ,  1.822700000000000e+00,  1.604455398234936e+00,  1.536170212765958e-02
3651        ,  2.001500000000000e+00,  2.035472037807879e+00,  1.993655913978494e-02
3822        ,  1.651400000000000e+00,  1.161448052365732e+00,  1.065957446808510e-02
3521        ,  0.000000000000000e+00,  1.571644311871309e-01,  0.000000000000000e+00
3018        ,  0.000000000000000e+00,  2.028683564623250e-01,  4.851063829787267e-04
4198        ,  4.097700000000001e+00,  3.760293517000821e+00,  3.824400000000000e-02
3040        ,  0.000000000000000e+00,  1.571644311871309e-01,  0.000000000000000e+00
4677        ,  0.000000000000000e+00,  1.671961374020291e+00,  1.607821782178218e-02
4495        ,  0.000000000000000e+00,  1.571644311871309e-01,  0.000000000000000e+00
5520        ,  0.000000000000000e+00,  1.571644311871309e-01,  0.000000000000000e+00
3661        ,  4.347600000000000e+00,  4.124315356335755e+00,  4.210776699029126e-02
4706        ,  3.862500000000000e+00,  3.943508145834238e+00,  4.018865979381443e-02
3787        ,  0.000000000000000e+00,  1.571644311871309e-01,  0.000000000000000e+00
3249        ,  0.000000000000000e+00,  1.571644311871309e-01,  0.000000000000000e+00
4790        ,  1.588000000000000e+00,  6.759505405396387e-01,  5.506451612903224e-03
4553        ,  3.322600000000000e+00,  3.206067570327586e+00,  3.236138613861386e-02
4068        ,  6.594600000000000e+00,  5.718822629103061e+00,  5.903203883495146e-02
4203        ,  1.323500000000000e+00,  1.496484394854339e+00,  1.421568627450980e-02
3957        ,  2.369100000000000e+00,  1.754981835817294e+00,  1.695940594059406e-02
3015        ,  0.000000000000000e+00,  1.571644311871309e-01,  0.000000000000000e+00
3202        ,  0.000000000000000e+00,  1.571644311871309e-01,  0.000000000000000e+00
4841        ,  4.640900000000000e+00,  3.950430642847307e+00,  4.026213592233010e-02
5828        ,  3.484800000000000e+00,  2.881248870392187e+00,  2.891372549019608e-02
3304        ,  2.330000000000010e-02,  3.389155756908389e-01,  1.929126213592234e-03
4031        ,  3.750400000000000e+00,  3.742244631327206e+00,  3.805242718446601e-02
3288        ,  0.000000000000000e+00,  1.571644311871309e-01,  0.000000000000000e+00
3496        ,  4.153700000000000e+00,  3.968633198336102e+00,  4.045533980582524e-02
3796        ,  3.416900000000000e+00,  2.968590287989329e+00,  2.984077669902913e-02
5409        ,  5.116999999999998e-01,  1.571644311871309e-01,  0.000000000000000e+00
5518        ,  0.000000000000000e+00,  1.571644311871309e-01,  0.000000000000000e+00
5282        ,  3.805300000000000e+00,  3.698972983381552e+00,  3.759313725490196e-02
5063        ,  0.000000000000000e+00,  1.571644311871309e-01,  0.000000000000000e+00
3767        ,  0.000000000000000e+00,  1.571644311871309e-01,  0.000000000000000e+00
3252        ,  4.925999999999999e-01,  3.116555104221580e-01,  1.639784946236558e-03
3014        ,  1.998000000000002e-01,  1.571644311871309e-01,  0.000000000000000e+00
5068        ,  2.732000000000000e+00,  2.484994894934785e+00,  2.470784313725490e-02
3899        ,  3.063600000000000e+00,  2.379314364814297e+00,  2.358613861386139e-02
4141        ,  3.190800000000000e+00,  3.399160105068928e+00,  3.441089108910891e-02
5266        ,  2.960300000000000e+00,  2.990121088237632e+00,  3.006930693069307e-02
4921        ,  3.986700000000000e+00,  3.508974282328901e+00,  3.557647058823529e-02
5838        ,  1.495700000000000e+00,  1.830168643234358e+00,  1.775744680851064e-02
4786        ,  1.332600000000000e+00,  1.108266339178941e+00,  1.009509803921569e-02
5692        ,  2.643300000000000e+00,  2.342934611892015e+00,  2.320000000000000e-02
3463        ,  1.951400000000000e+00,  2.061024693470643e+00,  2.020777777777778e-02
3366        ,  0.000000000000000e+00,  1.571644311871309e-01,  0.000000000000000e+00
3028        ,  0.000000000000000e+00,  1.571644311871309e-01,  0.000000000000000e+00
3709        ,  2.167100000000000e+00,  1.825717706007415e+00,  1.771020408163265e-02
5803        ,  2.048100000000000e+00,  2.197190963319329e+00,  2.165306122448980e-02
3373        ,  0.000000000000000e+00,  1.571644311871309e-01,  0.000000000000000e+00
3043        ,  8.247000000000004e-01,  1.026733807447413e+00,  9.229702970297030e-03
4325        ,  2.300000000000000e-01,  4.515865794324504e+00,  4.626372549019608e-02
4983        ,  0.000000000000000e+00,  3.462698468411848e+00,  3.508529411764706e-02
3757        ,  1.403600000000000e+00,  1.397812046510694e+00,  1.316836734693877e-02
5835        ,  0.000000000000000e+00,  1.571644311871309e-01,  0.000000000000000e+00
4208        ,  9.359000000000002e-01,  6.937191460819113e-01,  5.695049504950495e-03
5614        ,  1.138500000000000e+00,  1.165443275640831e+00,  1.070198019801980e-02
4094        ,  1.604600000000000e+00,  1.303033366821256e+00,  1.216237623762377e-02
5313        ,  3.138300000000000e+00,  3.060921684309457e+00,  3.082079207920792e-02
5560        ,  3.030600000000000e+00,  2.454965594609093e+00,  2.438910891089109e-02
3260        ,  0.000000000000000e+00,  1.571644311871309e-01,  0.000000000000000e+00
4778        ,  3.289100000000000e+00,  2.980139976538442e+00,  2.996336633663366e-02
4478        ,  0.000000000000000e+00,  1.571644311871309e-01,  0.000000000000000e+00
5362        ,  1.485500000000000e+00,  1.114418340131887e+00,  1.016039603960396e-02
4615        ,  0.000000000000000e+00,  1.571644311871309e-01,  0.000000000000000e+00
4697        ,  9.560000000000013e-02,  1.571644311871309e-01,  0.000000000000000e+00
3244        ,  0.000000000000000e+00,  1.571644311871309e-01,  0.000000000000000e+00
5219        ,  2.218200000000000e+00,  1.982414832912033e+00,  1.937340425531915e-02
5330        ,  5.059900000000001e+00,  4.590960079183914e+00,  4.706078431372549e-02
3983        ,  0.000000000000000e+00,  1.571644311871309e-01,  0.000000000000000e+00
5497        ,  0.000000000000000e+00,  1.184752529114964e+00,  1.090693069306930e-02
5238        ,  2.869999999999995e-02,  1.571644311871309e-01,  0.000000000000000e+00
3079        ,  3.068500000000000e+00,  2.303383290766252e+00,  2.278019801980198e-02
3656        ,  2.389100000000000e+00,  2.028109826987654e+00,  1.985841584158416e-02
5796        ,  1.643200000000000e+00,  1.422340300122789e+00,  1.342871287128713e-02
5704        ,  2.854299999999999e+00,  3.128215091406723e+00,  3.153505154639175e-02
5189        ,  6.053000000000002e-01,  5.206176846619653e-01,  3.857731958762885e-03
2997        ,  0.000000000000000e+00,  1.571644311871309e-01,  0.000000000000000e+00
4912        ,  0.000000000000000e+00,  1.571644311871309e-01,  0.000000000000000e+00
5034        ,  2.416000000000000e-01,  1.571644311871309e-01,  0.000000000000000e+00
3732        ,  0.000000000000000e+00,  1.571644311871309e-01,  0.000000000000000e+00
3415        ,  1.425400000000000e+00,  1.657754093740014e-01,  9.139784946236746e-05
4663        ,  1.831000000000000e+00,  1.419250591122639e+00,  1.339591836734694e-02
5472        ,  0.000000000000000e+00,  1.571644311871309e-01,  0.000000000000000e+00
4618        ,  9.976000000000003e-01,  1.163433211542230e+00,  1.068064516129032e-02
5698        ,  2.943900000000000e+00,  2.874545411646075e+00,  2.884257425742574e-02
4062        ,  5.457999999999998e-01,  3.297981561591318e-01,  1.832352941176471e-03
3569        ,  2.146999999999997e-01,  1.571644311871309e-01,  0.000000000000000e+00
5396        ,  3.100000000000103e-03,  1.571644311871309e-01,  0.000000000000000e+00
3433        ,  0.000000000000000e+00,  1.571644311871309e-01,  0.000000000000000e+00
3761        ,  3.577100000000000e+00,  2.934636935150784e+00,  2.948039215686275e-02
4096        ,  3.949999999999998e-02,  1.366744575144123e+00,  1.283861386138614e-02
5882        ,  0.000000000000000e+00,  1.571644311871309e-01,  0.000000000000000e+00
3911        ,  1.346200000000000e+00,  1.643027551154809e+00,  1.577111111111111e-02
4721        ,  2.367300000000000e+00,  3.283554276907997e+00,  3.318383838383838e-02
3785        ,  1.859500000000000e+00,  1.707990825448259e+00,  1.646063829787234e-02
5293        ,  2.833800000000000e+00,  2.908128533325539e+00,  2.919902912621360e-02
4773        ,  2.457200000000000e+00,  2.125144236923053e+00,  2.088834951456311e-02
5682        ,  3.568200000000000e+00,  3.307304172285872e+00,  3.343592233009709e-02
4144        ,  7.689000000000000e-01,  4.481020756484585e-01,  3.088043478260870e-03
3749        ,  2.032700000000000e+00,  2.055881888233780e+00,  2.015319148936170e-02
3296        ,  6.007300000000000e+00,  5.789682997733833e+00,  5.978415841584158e-02
5247        ,  0.000000000000000e+00,  1.571644311871309e-01,  0.000000000000000e+00
4033        ,  5.497999999999998e-01,  8.612716093839362e-01,  7.473469387755099e-03
3229        ,  5.016000000000003e-01,  6.457754744252228e-01,  5.186170212765955e-03
4329        ,  2.076200000000000e+00,  1.629117599588454e+00,  1.562346938775510e-02
4845        ,  0.000000000000000e+00,  1.571644311871309e-01,  0.000000000000000e+00
3319        ,  9.309000000000001e-01,  3.627972330450492e-01,  2.182608695652175e-03
4634        ,  1.984300000000000e+00,  1.713844730589790e+00,  1.652277227722772e-02
3485        ,  1.129800000000000e+00,  1.272063936128441e+00,  1.183366336633663e-02
3652        ,  1.815100000000000e+00,  1.725831392770593e+00,  1.665000000000000e-02
3196        ,  0.000000000000000e+00,  1.571644311871309e-01,  0.000000000000000e+00
3326        ,  1.114300000000000e+00,  8.046367059190435e-01,  6.872340425531914e-03
4509        ,  2.598600000000000e+00,  1.329338726626597e+00,  1.244158415841584e-02
3405        ,  2.360100000000000e+00,  2.158016090011894e+00,  2.123725490196078e-02
5728        ,  3.545400000000000e+00,  3.993787483559314e+00,  4.072233009708738e-02
5687        ,  3.023600000000000e+00,  2.839098472901288e+00,  2.846633663366337e-02
5262        ,  2.010999999999994e-01,  2.397619568473464e-01,  8.766990291262135e-04
4558        ,  0.000000000000000e+00,  1.571644311871309e-01,  0.000000000000000e+00
3358        ,  0.000000000000000e+00,  1.571644311871309e-01,  0.000000000000000e+00
3182        ,  0.000000000000000e+00,  1.571644311871309e-01,  0.000000000000000e+00
4229        ,  6.249999999999996e-01,  3.934462623464632e-01,  2.507920792079209e-03
5741        ,  1.094500000000000e+00,  1.217997257069585e+00,  1.125979381443299e-02
4769        ,  1.221900000000000e+00,  1.342359423246708e+00,  1.257978723404255e-02
5538        ,  0.000000000000000e+00,  1.571644311871309e-01,  0.000000000000000e+00
3718        ,  0.000000000000000e+00,  1.571644311871309e-01,  0.000000000000000e+00
5220        ,  2.462000000000000e-01,  8.873247286208746e-01,  7.750000000000001e-03
4156        ,  3.097000000000000e+00,  3.070323902504379e+00,  3.092058823529412e-02
5595        ,  1.449800000000000e+00,  1.448476230414260e+00,  1.370612244897960e-02
3518        ,  1.070500000000000e+00,  1.134708461847205e+00,  1.037575757575758e-02
4242        ,  5.707000000000000e-01,  7.522501939343239e-01,  6.316304347826089e-03
4813        ,  4.401000000000000e+00,  3.407365100884706e+00,  3.449797979797980e-02
4076        ,  3.507100000000000e+00,  3.150775467218457e+00,  3.177450980392157e-02
5496        ,  2.170000000000000e+00,  2.343808764559379e+00,  2.320927835051546e-02
5813        ,  4.605999999999999e-01,  1.571644311871309e-01,  0.000000000000000e+00
4416        ,  8.491000000000000e-01,  1.034289602285118e+00,  9.309900990099011e-03
4109        ,  3.027700000000000e+00,  2.807476072284227e+00,  2.813069306930693e-02
4907        ,  3.617400000000000e+00,  3.550462564658519e+00,  3.601683168316831e-02
3926        ,  7.533000000000000e-01,  7.203224046084526e-01,  5.977419354838703e-03
4193        ,  4.166600000000000e+00,  4.001562444446488e+00,  4.080485436893205e-02
3967        ,  2.306200000000000e+00,  2.170762721390245e+00,  2.137254901960784e-02
5159        ,  2.832700000000000e+00,  2.558866018197282e+00,  2.549191919191919e-02
5320        ,  0.000000000000000e+00,  1.571644311871309e-01,  0.000000000000000e+00
3838        ,  1.593100000000000e+00,  1.049293025210158e+00,  9.469148936170211e-03
5030        ,  2.814400000000000e+00,  2.650548652639861e+00,  2.646504854368932e-02
3875        ,  2.401300000000000e+00,  2.406832383050382e+00,  2.387821782178218e-02
5355        ,  1.801200000000000e+00,  1.204528189677846e+00,  1.111683168316831e-02
4324        ,  0.000000000000000e+00,  1.890088415784346e-01,  3.379999999999983e-04
5629        ,  8.353000000000002e-01,  9.132565099328028e-01,  8.025242718446603e-03
3781        ,  1.123700000000000e+00,  1.247944735507163e+00,  1.157765957446808e-02
3148        ,  4.490000000000016e-02,  1.571644311871309e-01,  0.000000000000000e+00
4923        ,  2.503000000000000e+00,  3.821915112888721e+00,  3.889805825242719e-02
5524        ,  0.000000000000000e+00,  1.571644311871309e-01,  0.000000000000000e+00
4304        ,  3.197500000000000e+00,  3.584976689225813e+00,  3.638316831683169e-02
4579        ,  0.000000000000000e+00,  1.571644311871309e-01,  0.000000000000000e+00
4652        ,  3.696700000000000e+00,  3.382742575545025e+00,  3.423663366336633e-02
4960        ,  0.000000000000000e+00,  1.571644311871309e-01,  0.000000000000000e+00
3333        ,  0.000000000000000e+00,  1.571644311871309e-01,  0.000000000000000e+00
4414        ,  0.000000000000000e+00,  1.571644311871309e-01,  0.000000000000000e+00
3645        ,  0.000000000000000e+00,  1.571644311871309e-01,  0.000000000000000e+00
4365        ,  4.376200000000001e+00,  4.917452836955611e+00,  5.052621359223301e-02
4940        ,  4.171100000000000e+00,  4.790766709558714e+00,  4.918155339805826e-02
4100        ,  0.000000000000000e+00,  1.571644311871309e-01,  0.000000000000000e+00
4040        ,  3.755400000000000e+00,  4.718139427859698e+00,  4.841067961165049e-02
4789        ,  3.575900000000000e+00,  3.475650867623469e+00,  3.522277227722773e-02
4275        ,  3.135000000000000e+00,  2.208019831772644e+00,  2.176800000000000e-02
4197        ,  1.164100000000000e+00,  9.479110094491366e-01,  8.393069306930699e-03
3154        ,  0.000000000000000e+00,  1.571644311871309e-01,  0.000000000000000e+00
4442        ,  8.890999999999998e-01,  7.076592013924675e-01,  5.843010752688173e-03
3802        ,  3.640600000000001e+00,  3.504784520014974e+00,  3.553200000000000e-02
5018        ,  1.576900000000000e+00,  1.279619730966146e+00,  1.191386138613862e-02
4392        ,  4.559800000000000e+00,  5.242354731911409e+00,  5.397475728155340e-02
3324        ,  2.361700000000000e+00,  2.307153249341042e+00,  2.282021276595745e-02
3215        ,  2.198300000000000e+00,  1.861935500936009e+00,  1.809462365591398e-02
4996        ,  0.000000000000000e+00,  1.571644311871309e-01,  0.000000000000000e+00
3052        ,  4.224600000000000e+00,  4.069853498687403e+00,  4.152970297029702e-02
4918        ,  1.971800000000000e+00,  1.732847346211961e+00,  1.672446808510638e-02
3380        ,  3.602999999999998e-01,  7.760404987587910e-01,  6.568817204301075e-03
3617        ,  2.533399999999999e+00,  2.642380464501025e+00,  2.637835051546392e-02
3474        ,  3.947700000000000e+00,  3.577902377261542e+00,  3.630808080808081e-02
3677        ,  0.000000000000000e+00,  1.571644311871309e-01,  0.000000000000000e+00
3637        ,  3.929200000000000e+00,  3.575037237188918e+00,  3.627766990291262e-02
3997        ,  2.932200000000000e+00,  2.802480535388054e+00,  2.807766990291263e-02
5105        ,  1.147400000000000e+00,  1.508378867145684e+00,  1.434193548387097e-02
4114        ,  2.924900000000000e+00,  3.433860792471719e+00,  3.477920792079207e-02
5258        ,  3.733000000000000e-01,  8.957438727505150e-01,  7.839361702127654e-03
3833        ,  2.096400000000000e+00,  1.894903962441454e+00,  1.844455445544555e-02
3095        ,  0.000000000000000e+00,  1.571644311871309e-01,  0.000000000000000e+00
5315        ,  1.127500000000000e+00,  1.254459549417004e+00,  1.164680851063830e-02
5049        ,  3.301000000000000e+00,  3.140024326560982e+00,  3.166039603960396e-02
3790        ,  0.000000000000000e+00,  1.571644311871309e-01,  0.000000000000000e+00
3618        ,  3.023200000000000e+00,  7.445575187553560e-01,  6.234653465346532e-03
3301        ,  1.573000000000000e+00,  1.571644311871309e-01,  0.000000000000000e+00
4357        ,  2.144500000000000e+00,  1.571644311871309e-01,  0.000000000000000e+00
3352        ,  2.475100000000000e+00,  2.103854338200200e+00,  2.066237623762376e-02
4411        ,  0.000000000000000e+00,  1.571644311871309e-01,  0.000000000000000e+00
5077        ,  1.153900000000000e+00,  1.268027135182774e+00,  1.179081632653061e-02
3554        ,  3.720300000000000e+00,  3.405036834387142e+00,  3.447326732673268e-02
4259        ,  0.000000000000000e+00,  1.571644311871309e-01,  0.000000000000000e+00
3487        ,  0.000000000000000e+00,  1.571644311871309e-01,  0.000000000000000e+00
4917        ,  2.182400000000000e+00,  2.150048700506119e+00,  2.115268817204301e-02
5549        ,  2.207500000000000e+00,  3.226627519315428e+00,  3.257961165048543e-02
3735        ,  4.644100000000000e+00,  4.207736113148731e+00,  4.299320388349515e-02
5911        ,  1.002100000000000e+00,  1.703895654933059e+00,  1.641717171717172e-02
4467        ,  1.254100000000000e+00,  1.065774588340547e+00,  9.644086021505377e-03
3445        ,  0.000000000000000e+00,  1.571644311871309e-01,  0.000000000000000e+00
3325        ,  6.866999999999999e-01,  2.063556765732442e+00,  2.023465346534653e-02
3261        ,  0.000000000000000e+00,  1.571644311871309e-01,  0.000000000000000e+00
4281        ,  2.025100000000000e+00,  1.733194738081387e+00,  1.672815533980582e-02
3654        ,  0.000000000000000e+00,  1.571644311871309e-01,  0.000000000000000e+00
4235        ,  2.754999999999999e-01,  3.900940854405312e-01,  2.472340425531917e-03
5206        ,  2.109000000000000e+00,  2.310202450902967e+00,  2.285257731958763e-02
3947        ,  5.163000000000002e-01,  5.270014749473725e-01,  3.925490196078431e-03
4924        ,  3.480100000000000e+00,  3.657451822592965e+00,  3.715242718446602e-02
4935        ,  3.557399999999999e+00,  3.543427133808065e+00,  3.594215686274510e-02
5144        ,  1.861700000000000e+00,  1.217484167460480e+00,  1.125434782608696e-02
3332        ,  0.000000000000000e+00,  1.571644311871309e-01,  0.000000000000000e+00
3039        ,  1.061300000000000e+00,  1.352353888599364e+00,  1.268586956521740e-02
4388        ,  0.000000000000000e+00,  1.571644311871309e-01,  0.000000000000000e+00
3816        ,  3.645000000000000e+00,  3.066052162285676e+00,  3.087524752475247e-02
5842        ,  5.800000000000005e-02,  1.571644311871309e-01,  0.000000000000000e+00
3142        ,  0.000000000000000e+00,  1.571644311871309e-01,  0.000000000000000e+00
3944        ,  1.181500000000000e+00,  1.984064037552146e+00,  1.939090909090909e-02
3008        ,  0.000000000000000e+00,  1.571644311871309e-01,  0.000000000000000e+00
3515        ,  0.000000000000000e+00,  1.571644311871309e-01,  0.000000000000000e+00
4016        ,  1.261500000000000e+00,  2.168385018762867e+00,  2.134731182795700e-02
3628        ,  1.788400000000000e+00,  1.672291369573405e+00,  1.608172043010753e-02
5619        ,  0.000000000000000e+00,  1.571644311871309e-01,  0.000000000000000e+00
3269        ,  0.000000000000000e+00,  1.571644311871309e-01,  0.000000000000000e+00
3019        ,  3.700100000000000e+00,  2.538359182077092e+00,  2.527425742574257e-02
4112        ,  5.923999999999998e-01,  1.571644311871309e-01,  0.000000000000000e+00
5264        ,  0.000000000000000e+00,  1.571644311871309e-01,  0.000000000000000e+00
5530        ,  0.000000000000000e+00,  1.858296123904322e-01,  3.042553191489357e-04
5810        ,  1.667300000000000e+00,  1.827086365685616e+00,  1.772473118279570e-02
4780        ,  3.433200000000000e+00,  3.401585421930413e+00,  3.443663366336634e-02
3303        ,  0.000000000000000e+00,  1.571644311871309e-01,  0.000000000000000e+00
4836        ,  2.266100000000000e+00,  2.223847822736370e+00,  2.193600000000000e-02
3819        ,  0.000000000000000e+00,  1.571644311871309e-01,  0.000000000000000e+00
5097        ,  1.196899999999999e+00,  1.260870165998508e+00,  1.171485148514852e-02
3763        ,  0.000000000000000e+00,  1.571644311871309e-01,  0.000000000000000e+00
3413        ,  1.719700000000000e+00,  1.396983632183069e+00,  1.315957446808511e-02
3021        ,  0.000000000000000e+00,  1.571644311871309e-01,  0.000000000000000e+00
5719        ,  2.343600000000000e+00,  1.900500847506420e+00,  1.850396039603960e-02
3743        ,  0.000000000000000e+00,  1.571644311871309e-01,  0.000000000000000e+00
5328        ,  0.000000000000000e+00,  1.571644311871309e-01,  0.000000000000000e+00
3455        ,  0.000000000000000e+00,  1.571644311871309e-01,  0.000000000000000e+00
4777        ,  1.779300000000000e+00,  1.841694852459461e+00,  1.787978723404255e-02
5400        ,  3.421000000000000e+00,  3.129296963519796e+00,  3.154653465346534e-02
3626        ,  3.394699999999999e+00,  3.303088475500335e+00,  3.339117647058824e-02
4443        ,  2.707600000000000e+00,  2.756637699610783e+00,  2.759108910891089e-02
3567        ,  3.290600000000000e+00,  3.289510542075570e+00,  3.324705882352941e-02
4372        ,  0.000000000000000e+00,  1.571644311871309e-01,  0.000000000000000e+00
5702        ,  3.637999999999995e-01,  4.922715227860711e-01,  3.556862745098039e-03
4597        ,  2.728600000000000e+00,  1.811189486896396e+00,  1.755600000000000e-02
5191        ,  2.255300000000000e+00,  2.255031818802904e+00,  2.226699029126214e-02
3138        ,  0.000000000000000e+00,  1.571644311871309e-01,  0.000000000000000e+00
3539        ,  2.172700000000000e+00,  2.305054662972938e+00,  2.279793814432990e-02
4979        ,  1.930300000000000e+00,  1.985309042866270e+00,  1.940412371134021e-02
5128        ,  4.194100000000000e+00,  4.205723770330874e+00,  4.297184466019417e-02
5207        ,  0.000000000000000e+00,  1.571644311871309e-01,  0.000000000000000e+00
4572        ,  2.515200000000000e+00,  2.276331679618915e+00,  2.249306930693069e-02
5198        ,  3.256600000000000e+00,  3.090958300824777e+00,  3.113960396039604e-02
