# c0 + a0 * (ave:vdw_radius_uff + ave:covalent_radius_pyykko_double)
# Property Label: $Volume$; Unit of the Property: AA^3
# RMSE: 12.9844664250706; Max AE: 29.2315271231911
# Coefficients
# Task   a0                      c0
# all ,  1.038126079869169e+00, -3.836852510922937e+02, 
# Feature Rung, Units, and Expressions
# 0;  1; pm;                                               55|10|add; (ave:vdw_radius_uff + ave:covalent_radius_pyykko_double); $\left(ave:vdw_{radius, uff} + ave:covalent_{radius, pyykko, double}\right)$; (ave:vdw_radius_uff + ave:covalent_radius_pyykko_double); ave:vdw_radius_uff,ave:covalent_radius_pyykko_double
# Number of Samples Per Task
# Task, n_mats_train            
# all , 103                   

# Sample ID , Property Value        ,  Property Value (EST) ,  Feature 0 Value      
64          ,  9.806170819706537e+01,  7.560248916342418e+01,  4.424200000000000e+02
27          ,  9.195581102005919e+01,  1.092585366727827e+02,  4.748400000000000e+02
69          ,  7.310044637476960e+01,  6.542885358070636e+01,  4.326200000000000e+02
125         ,  2.012029980198631e+02,  1.922255729759267e+02,  5.547600000000000e+02
73          ,  1.013508525385564e+02,  1.206779235513436e+02,  4.858400000000000e+02
11          ,  1.617034912836585e+02,  1.695944244347789e+02,  5.329600000000000e+02
119         ,  1.887146035400442e+02,  1.594830764168531e+02,  5.232200000000000e+02
110         ,  1.562326241405194e+02,  1.585695254665682e+02,  5.223399999999999e+02
113         ,  7.050822380170608e+01,  6.976822059455944e+01,  4.368000000000000e+02
55          ,  1.465164071687489e+02,  1.569708113035697e+02,  5.208000000000000e+02
45          ,  6.922252251530169e+01,  8.008719382845904e+01,  4.467400000000000e+02
9           ,  7.063457799019668e+01,  6.335260142096803e+01,  4.306200000000000e+02
4           ,  7.851117738952721e+01,  7.323556170132250e+01,  4.401400000000000e+02
26          ,  5.966202570927710e+01,  7.620460228974834e+01,  4.430000000000000e+02
124         ,  1.885207260436857e+02,  1.735808285814764e+02,  5.368000000000000e+02
98          ,  1.892571838929967e+02,  1.942187750492755e+02,  5.566799999999999e+02
36          ,  1.804786609572536e+02,  1.843981023337132e+02,  5.472200000000000e+02
16          ,  1.473017585346737e+02,  1.377239537827953e+02,  5.022600000000000e+02
93          ,  1.586721939022781e+02,  1.606042525831118e+02,  5.243000000000000e+02
111         ,  9.534692245017716e+01,  9.424723355787449e+01,  4.603800000000000e+02
42          ,  1.922420330482679e+02,  1.834015012970387e+02,  5.462600000000000e+02
127         ,  1.258768321724361e+02,  1.282977689775833e+02,  4.931800000000000e+02
96          ,  9.458888504929534e+01,  1.097775997127173e+02,  4.753400000000000e+02
60          ,  6.700355961656858e+01,  8.071006947638051e+01,  4.473400000000000e+02
0           ,  1.324521624992106e+02,  1.347756757159668e+02,  4.994200000000000e+02
84          ,  1.874396857101914e+02,  1.757608933492018e+02,  5.389000000000001e+02
28          ,  9.362157646373184e+01,  9.493239677058811e+01,  4.610400000000000e+02
40          ,  1.876581343779474e+02,  1.933882741853802e+02,  5.558800000000000e+02
86          ,  6.540869502383295e+01,  8.102150730034127e+01,  4.476400000000000e+02
24          ,  9.809953691058023e+01,  1.173974451389569e+02,  4.826799999999999e+02
23          ,  1.776115625775598e+02,  1.766952068210839e+02,  5.398000000000000e+02
115         ,  1.348472579215662e+02,  1.429145841821411e+02,  5.072600000000000e+02
67          ,  1.178407975639319e+02,  1.451361739930612e+02,  5.094000000000000e+02
44          ,  1.408716465187509e+02,  1.689300237436625e+02,  5.323199999999999e+02
15          ,  1.304908476901080e+02,  1.319727353003202e+02,  4.967200000000000e+02
95          ,  7.035268214247002e+01,  7.180294771110306e+01,  4.387600000000000e+02
39          ,  6.690965549992833e+01,  6.968517050816999e+01,  4.367200000000000e+02
68          ,  1.728438327749059e+02,  1.541471083663256e+02,  5.180800000000000e+02
80          ,  1.635560662373134e+02,  1.765291066483049e+02,  5.396400000000000e+02
140         ,  9.231264108905833e+01,  9.104980523187741e+01,  4.573000000000000e+02
47          ,  5.673059181818780e+01,  6.383013941770788e+01,  4.310800000000000e+02
30          ,  1.575095787725395e+02,  1.416480703647007e+02,  5.060400000000000e+02
112         ,  7.423809586689029e+01,  7.192752284068736e+01,  4.388800000000000e+02
76          ,  6.221586353440775e+01,  4.695020935903520e+01,  4.148200000000001e+02
137         ,  2.091771198782973e+02,  1.842112396393367e+02,  5.470400000000000e+02
33          ,  9.639831336185570e+01,  6.746358069724985e+01,  4.345799999999999e+02
142         ,  6.217869364696995e+01,  7.823932940629189e+01,  4.449600000000000e+02
62          ,  1.284855607921225e+02,  1.388243674274566e+02,  5.033200000000000e+02
135         ,  8.871171279800387e+01,  7.084787171762341e+01,  4.378400000000000e+02
53          ,  1.912036606685361e+02,  2.032089469009424e+02,  5.653399999999999e+02
5           ,  5.646241061036604e+01,  6.111024908845065e+01,  4.284600000000000e+02
85          ,  6.604743166171670e+01,  7.194828536228472e+01,  4.389000000000000e+02
77          ,  1.735436897724758e+02,  1.918310850655764e+02,  5.543800000000000e+02
34          ,  6.288448403712296e+01,  8.604603752690808e+01,  4.524800000000000e+02
7           ,  6.154031610112789e+01,  6.823179399635310e+01,  4.353200000000000e+02
43          ,  9.003176998171779e+01,  9.399808329870589e+01,  4.601400000000000e+02
70          ,  5.876522370994315e+01,  5.101966359212230e+01,  4.187400000000000e+02
89          ,  1.845971359160373e+02,  1.604173898887354e+02,  5.241200000000000e+02
83          ,  8.685815788108755e+01,  1.001437896915315e+02,  4.660600000000001e+02
123         ,  2.218543389191891e+02,  2.162270479425019e+02,  5.778800000000000e+02
129         ,  7.058438955216727e+01,  8.639900039406358e+01,  4.528200000000000e+02
8           ,  1.379771288780131e+02,  1.161516938431140e+02,  4.814800000000000e+02
114         ,  1.245825633863354e+02,  1.345057629352009e+02,  4.991600000000000e+02
17          ,  1.154201413293227e+02,  1.375163285668214e+02,  5.020599999999999e+02
72          ,  1.505744324222536e+02,  1.667914840191320e+02,  5.302600000000000e+02
6           ,  1.752395240612576e+02,  1.668745341055216e+02,  5.303400000000000e+02
101         ,  6.465769186928596e+01,  5.326201592463967e+01,  4.209000000000000e+02
2           ,  5.771548700058894e+01,  6.655002974696505e+01,  4.337000000000000e+02
122         ,  2.014000729838491e+02,  1.906683838561229e+02,  5.532600000000000e+02
54          ,  8.998190321387162e+01,  8.291089676570310e+01,  4.494599999999999e+02
50          ,  1.144884087492389e+02,  1.369972655268868e+02,  5.015599999999999e+02
104         ,  1.531720861969143e+02,  1.524653441169376e+02,  5.164600000000000e+02
46          ,  6.638274984747244e+01,  4.954552455870800e+01,  4.173199999999999e+02
105         ,  6.260542136940490e+01,  6.968517050816999e+01,  4.367200000000000e+02
61          ,  1.513414191693852e+02,  1.529844071568722e+02,  5.169600000000000e+02
141         ,  5.908637035915022e+01,  5.346964114061355e+01,  4.211000000000000e+02
79          ,  6.172344219415545e+01,  7.753340367198085e+01,  4.442800000000000e+02
136         ,  1.878481455563482e+02,  1.667084339327426e+02,  5.301800000000001e+02
41          ,  8.588925575648324e+01,  8.417741058314351e+01,  4.506799999999999e+02
90          ,  1.323141358213091e+02,  1.352947387559015e+02,  4.999200000000000e+02
88          ,  1.252802886728060e+02,  1.306854589612824e+02,  4.954800000000000e+02
126         ,  7.603223118739854e+01,  7.136693475755798e+01,  4.383400000000000e+02
57          ,  1.280373015126955e+02,  1.238338268341458e+02,  4.888800000000000e+02
75          ,  9.416246053996997e+01,  8.880745289936004e+01,  4.551400000000000e+02
32          ,  2.470528593513509e+02,  2.323180021804740e+02,  5.933800000000000e+02
59          ,  7.370978119031361e+01,  7.223896066464812e+01,  4.391800000000000e+02
63          ,  9.527186437700378e+01,  6.798264373718450e+01,  4.350800000000000e+02
128         ,  1.127928271848657e+02,  1.072030470346417e+02,  4.728600000000000e+02
37          ,  6.740982957627959e+01,  6.862628190670345e+01,  4.357000000000000e+02
107         ,  5.684900711217347e+01,  5.214083975838098e+01,  4.198200000000000e+02
134         ,  2.189143114936079e+02,  1.905022836833439e+02,  5.531000000000000e+02
1           ,  6.589429488532184e+01,  7.284107379097227e+01,  4.397600000000000e+02
52          ,  1.685536482338435e+02,  1.704249252986741e+02,  5.337600000000000e+02
103         ,  5.981199781507478e+01,  5.417556687492460e+01,  4.217800000000000e+02
99          ,  1.103591846419842e+02,  1.195152223418901e+02,  4.847200000000000e+02
116         ,  6.928383831454539e+01,  7.246734840221930e+01,  4.394000000000000e+02
74          ,  1.634935249887072e+02,  1.596076515464373e+02,  5.233399999999999e+02
121         ,  7.759315330331438e+01,  6.561571627508282e+01,  4.328000000000000e+02
143         ,  7.259770851342745e+01,  6.461911523840838e+01,  4.318400000000000e+02
71          ,  2.033361364024827e+02,  2.004890565716853e+02,  5.627200000000000e+02
106         ,  2.038799354056747e+02,  2.020462456914891e+02,  5.642200000000000e+02
14          ,  1.651217664757107e+02,  1.748058173557221e+02,  5.379800000000000e+02
102         ,  8.368680399312422e+01,  7.603850211696924e+01,  4.428400000000000e+02
