0             0|21|div
1             0|abs
2             21|0|mult
3             27|0|mult
4             25|0|mult
5             0|24|div
6             14|0|mult
7             0|28|div
8             20|0|mult
9             24|0|mult
10            28|0|mult
11            0|27|div
12            0|25|div
13            0|15|div
14            15|0|mult
15            0|sqrt
16            0|14|div
17            0|22|div
18            18|0|mult
19            0|23|div
20            12|0|mult
21            0|20|div
22            13|0|mult
23            0|18|div
24            0|12|div
25            17|0|mult
26            22|0|mult
27            0|13|div
28            23|0|mult
29            0|17|div
30            0|cbrt
31            0|sq
32            0|8|div
33            0|6|div
34            7|0|mult
35            10|0|mult
36            0|10|div
37            5|0|mult
38            0|7|div
39            0|5|div
40            0|3|div
41            3|0|mult
42            0|cb
43            24|0|add
44            0|11|div
45            9|0|mult
46            29|0|mult
47            16|0|mult
48            26|0|mult
49            0|1|div
50            0|9|div
51            0|19|div
52            11|0|mult
53            19|0|mult
54            15|0|add
55            0|4|div
56            0|2|div
57            0|16|div
58            0|29|div
59            0|26|div
60            28|11|div
61            24|11|div
62            8|0|mult
63            15|11|div
64            13|9|mult
65            21|11|div
66            9|5|mult
67            9|7|mult
68            12|9|mult
69            9|cbrt
70            6|0|mult
71            18|9|mult
72            28|12|div
73            9|3|mult
74            25|9|mult
75            28|17|div
76            9|sqrt
77            22|9|mult
78            23|9|mult
79            21|12|div
80            14|9|mult
81            27|9|mult
82            9|24|div
83            20|9|mult
84            24|17|div
85            9|4|add
86            28|20|div
87            24|12|div
88            2|cbrt
89            11|inv
90            9|2|add
91            20|21|div
92            15|12|div
93            15|17|div
94            12|24|div
95            28|13|div
96            19|5|mult
97            19|3|mult
98            19|7|mult
99            20|12|add
100           14|12|add
101           12|21|div
102           24|20|div
103           20|24|div
104           9|28|div
105           21|14|div
106           9|21|div
107           19|13|mult
108           17|9|mult
109           9|15|div
110           23|19|mult
111           4|cbrt
112           0|sp
113           21|sp
114           28|14|div
115           21|17|div
116           3|2|div
117           21|20|div
118           2|sqrt
119           21|27|div
120           20|12|mult
121           27|12|add
122           15|20|div
123           15|13|div
124           12|cbrt
125           24|14|div
126           22|19|mult
127           12|sqrt
128           24|13|div
129           20|14|add
130           14|12|mult
131           20|28|div
132           12|inv
133           19|12|mult
134           7|2|div
135           10|2|div
136           5|2|div
137           7|4|div
138           3|4|div
139           19|2|add
140           27|12|mult
141           19|18|mult
142           20|13|add
143           12|5|add
144           21|13|div
145           9
146           10|4|div
147           12|3|add
148           12|7|add
149           12
150           5|4|div
151           25|12|add
152           28|18|div
153           20|14|mult
154           14|13|add
155           4|sqrt
156           10|9|mult
157           13|24|div
158           21|25|div
159           12|28|div
160           14|inv
161           25|12|mult
162           19|17|mult
163           15|14|div
164           14|cbrt
165           19|24|div
166           27|20|add
167           20|18|add
168           28|7|div
169           27|13|add
170           14|sqrt
171           20|15|div
172           24|18|div
173           18|24|div
174           18|14|add
175           27|14|add
176           28|10|div
177           19|cbrt
178           28|5|div
179           19|10|mult
180           24|7|div
181           5|24|div
182           19|4|add
183           13|5|add
184           9|6|mult
185           20|13|mult
186           15|18|div
187           27|21|div
188           27|20|mult
189           11|cbrt
190           13|21|div
191           13|3|add
192           14|5|add
193           15|7|div
194           20
195           19|14|mult
196           19|9|add
197           14
198           27|inv
199           20|3|add
200           13|7|add
201           5|21|div
202           13|12|add
203           15|10|div
204           25|13|add
205           25|19|mult
206           29|11|div
207           15|5|div
208           20|5|add
209           20|sqrt
210           28|27|div
211           14|3|add
212           7|24|div
213           25|20|add
214           24|10|div
215           24|5|div
216           20|cbrt
217           12|sq
218           17|28|div
219           14|7|add
220           21|cb
221           25|14|add
222           20|sq
223           20|7|add
224           3|24|div
225           14|24|div
226           21|17|sub
227           12|15|div
228           16|11|div
229           3|cbrt
230           3|21|div
231           27|18|add
232           27|14|mult
233           21|18|div
234           20|19|mult
235           14|13|mult
236           27|24|div
237           7|21|div
238           3|sqrt
239           28|3|div
240           25|21|div
241           19|sqrt
242           20|18|mult
243           27|cbrt
244           5|cbrt
245           25|20|mult
246           18|5|add
247           28|25|div
248           18|12|add
249           5|28|div
250           18|3|add
251           27|13|mult
252           27|sqrt
253           21|10|sub
254           5|sqrt
255           14|1|div
256           25|24|div
257           12|5|mult
258           25|1|div
259           27|19|mult
260           27|1|div
261           15|3|div
262           13|28|div
263           18|21|div
264           17|24|div
265           12|7|mult
266           27|5|add
267           13|cbrt
268           24|3|div
269           18|14|mult
270           20|1|div
271           27|3|add
272           18|7|add
273           27
274           25|14|mult
275           13|inv
276           24|27|div
277           14|21|div
278           25|13|mult
279           20|cb
280           13|sqrt
281           25|18|add
282           17|nexp
283           3|25|div
284           19|6|mult
285           7|cbrt
286           21|9|mult
287           1|inv
288           27|11|div
289           21|1|div
290           12|3|mult
291           7|sqrt
292           28|1|div
293           27|7|add
294           17|inv
295           22|12|add
296           19|15|div
297           7|28|div
298           23|12|add
299           17|15|div
300           11|sqrt
301           15|1|div
302           20|inv
303           5|3|add
304           3|28|div
305           5
306           18|28|div
307           21|sq
308           26|7|div
309           26|11|div
310           3|27|div
311           3
312           24|25|div
313           26|5|div
314           25|inv
315           19|28|div
316           16|8|div
317           15|27|div
318           7|3|add
319           5|25|div
320           26|8|div
321           27|18|mult
322           7|5|add
323           20|5|mult
324           14|5|mult
325           25|3|add
326           25|5|add
327           14|sq
328           27|25|add
329           5|3|div
330           8|1|div
331           13|12|mult
332           27|sq
333           24|1|div
334           13
335           16|1|div
336           26|1|div
337           20|7|mult
338           20|3|mult
339           26|10|div
340           25|11|div
341           22|20|add
342           28|21|mult
343           19|9|abd
344           20|4|div
345           13|15|div
346           5|15|div
347           20|11|div
348           14|7|mult
349           5|27|div
350           18|12|mult
351           26|3|div
352           7
353           21|5|div
354           25|18|mult
355           21|7|div
356           16|6|div
357           26|6|div
358           23|20|add
359           15|25|div
360           25|7|add
361           27|5|mult
362           3|5|div
363           14|3|mult
364           29|1|div
365           16|5|div
366           16|7|div
367           17|21|div
368           19|9|sub
369           11|28|div
370           13|5|mult
371           16|10|div
372           25|cbrt
373           9|8|mult
374           26|12|div
375           7|25|div
376           18|13|add
377           26|20|div
378           12|cb
379           24|inv
380           20|2|div
381           27|3|mult
382           25|sqrt
383           20|3|div
384           27|25|mult
385           24|21|mult
386           13|7|mult
387           18|5|mult
388           20|5|div
389           7|15|div
390           18|15|div
391           17|11|div
392           26|14|div
393           22|14|add
394           29|5|div
395           1|cbrt
396           16|3|div
397           23|14|add
398           28|9|div
399           6|1|div
400           25|5|mult
401           3|15|div
402           17|14|mult
403           16|17|div
404           27|7|mult
405           25|28|div
406           27|cb
407           27|28|div
408           26|13|div
409           29|7|div
410           25
411           29|10|div
412           21|15|mult
413           25|3|mult
414           13|3|mult
415           21|8|div
416           3|20|div
417           29|3|div
418           18|3|mult
419           18|7|mult
420           21|3|div
421           10|28|div
422           21|10|div
423           26|17|div
424           7|27|div
425           15|9|div
426           22|13|add
427           23|13|add
428           14|4|div
429           18|cbrt
430           24|9|div
431           19|21|div
432           18|sqrt
433           8|cbrt
434           21
435           6|22|div
436           25|7|mult
437           8|inv
438           11|15|div
439           14|28|div
440           5|inv
441           5|20|div
442           18
443           26|18|div
444           24|cbrt
445           18|1|div
446           6|23|div
447           4|2|add
448           20|7|div
449           7|inv
450           27|15|div
451           16|12|div
452           14|2|div
453           18|inv
454           25|sq
455           10|24|div
456           6|cbrt
457           25|15|div
458           19|8|mult
459           11|24|div
460           17|log
461           26|25|div
462           29|8|div
463           8|sqrt
464           24|15|add
465           24|sqrt
466           6|sqrt
467           26|27|div
468           28
469           5|1|div
470           8|22|div
471           26|23|div
472           3|inv
473           1|sqrt
474           3|14|div
475           16|20|div
476           28|sqrt
477           29|17|div
478           7|1|div
479           21|2|mult
480           16|13|div
481           13|sq
482           18|13|mult
483           26|22|div
484           28|cbrt
485           25|2|mult
486           26|24|mult
487           21|9|div
488           10|log
489           20|6|mult
490           22|3|add
491           22|5|add
492           21|sqrt
493           28|4|div
494           14|15|div
495           7|2|mult
496           23|3|add
497           5|2|mult
498           28|19|div
499           21|6|div
#-----------------------------------------------------------------------
500           11|6|div
501           11|8|div
502           3|6|div
503           3|8|div
504           5|6|div
505           20|22|div
506           5|8|div
507           20|23|div
508           17|23|div
509           6|3|div
510           17|22|div
511           7|6|div
512           21|cos
513           10|6|div
514           25|20|sub
515           7|8|div
516           10|8|div
517           20|15|mult
518           20|25|div
519           25|20|div
520           8|3|div
521           6|5|div
522           22|20|div
523           6|7|div
524           11|23|div
525           23|20|abd
526           14|22|div
527           23|20|div
528           23|20|sub
529           22|20|abd
530           17|6|div
531           14|23|div
532           22|20|sub
533           27|22|div
534           20|14|div
535           29|16|div
536           11|22|div
537           23|17|div
538           17|8|div
539           27|23|div
540           22|3|abd
541           11|19|div
542           7|23|div
543           8|5|div
544           25|22|div
545           17|12|div
546           8|7|div
547           27|15|mult
548           12|17|div
549           22|17|div
550           24|20|mult
551           6|10|div
552           20|5|sub
553           25|23|div
554           20|6|div
555           11|1|div
556           11|9|div
557           14|20|div
558           15|14|mult
559           20|3|sub
560           20|12|div
561           10|23|div
562           12|20|div
563           25|27|div
564           20|8|div
565           27|25|div
566           22|27|div
567           16|29|div
568           5|23|div
569           20|7|sub
570           27|25|abd
571           27|25|sub
572           23|27|div
573           8|10|div
574           23|3|abd
575           6|20|div
576           6|17|div
577           14|6|div
578           20|12|abd
579           22|25|div
580           6|27|div
581           27|20|sub
582           7|22|div
583           16|6|mult
584           6|25|div
585           1|4|div
586           6|13|div
587           6|18|div
588           28|6|mult
589           22|14|div
590           28|20|mult
591           20|14|sub
592           20|12|sub
593           17|15|mult
594           23|25|div
595           6|14|div
596           13|6|div
597           9|6|div
598           20|18|div
599           14|8|div
600           15|0|sub
601           23|14|div
602           24|6|mult
603           27|24|mult
604           18|20|div
605           27|23|sub
606           25|15|mult
607           21|6|mult
608           12|6|mult
609           27|22|sub
610           26|6|mult
611           15|6|mult
612           6
613           16|8|mult
614           17|13|div
615           22|5|abd
616           8|17|div
617           18|17|div
618           6|12|div
619           13|17|div
620           12|6|div
621           17|18|div
622           24|22|div
623           10|22|div
624           24|23|div
625           22|inv
626           23|inv
627           14|6|mult
628           27|6|div
629           8|20|div
630           13|6|mult
631           18|6|mult
632           23|11|div
633           13|8|div
634           6|21|div
635           18|6|div
636           24|0|sub
637           25|6|mult
638           26|1|mult
639           26|8|mult
640           15|23|div
641           21|23|div
642           20|14|abd
643           15|22|div
644           16|1|mult
645           29|6|mult
646           21|22|div
647           8|27|div
648           25|6|div
649           27|6|mult
650           1|2|div
651           22|cbrt
652           18|23|div
653           28|8|mult
654           15|28|div
655           23|cbrt
656           22|6|mult
657           6|24|div
658           22|sqrt
659           23|6|mult
660           6|5|mult
661           23|sqrt
662           27|20|div
663           28|23|div
664           3|1|div
665           12|11|div
666           28|22|div
667           22|11|div
668           8|25|div
669           23|21|div
670           5|22|div
671           18|22|div
672           8|18|div
673           22|21|div
674           12|sp
675           8|13|div
676           19|1|mult
677           28|15|div
678           15|21|div
679           13|23|div
680           22
681           23|22|add
682           6|3|mult
683           23|15|div
684           23
685           23|12|mult
686           22|12|mult
687           22|24|div
688           21|15|div
689           8|14|div
690           22|15|div
691           23|10|div
692           12|8|mult
693           24|8|mult
694           23|24|div
695           7|6|mult
696           15|11|mult
697           27|8|div
698           12|8|div
699           21|8|mult
700           15|cbrt
701           1|10|div
702           15|sqrt
703           6|15|div
704           13|11|div
705           18|8|div
706           13|22|div
707           1|17|div
708           15|8|mult
709           8
710           15
711           1|7|div
712           1|3|div
713           9|8|div
714           15|inv
715           18|11|div
716           29|1|mult
717           22|21|mult
718           22|sq
719           29|8|mult
720           25|8|div
721           23|22|mult
722           23|21|mult
723           17|6|mult
724           6|11|div
725           13|8|mult
726           14|8|mult
727           23|sq
728           11|5|div
729           23|14|mult
730           1|27|div
731           21|24|div
732           8|23|div
733           18|8|mult
734           8|12|div
735           1|20|div
736           1|5|div
737           11|3|div
738           22|14|mult
739           8|21|div
740           22|10|div
741           20|27|div
742           15|sq
743           12|1|mult
744           6|28|div
745           11|7|div
746           23|18|div
747           25|8|mult
748           1|25|div
749           28|1|mult
750           23|28|div
751           1|23|div
752           24|15|mult
753           22|8|mult
754           24
755           25|23|mult
756           1|22|div
757           8|5|mult
758           24|1|mult
759           23|8|mult
760           22|28|div
761           25|22|mult
762           24|21|div
763           23|7|div
764           23|18|mult
765           8|24|div
766           22|18|mult
767           27|8|mult
768           9|1|mult
769           12|23|div
770           20|8|mult
771           8|11|div
772           14|1|mult
773           1|18|div
774           8|3|mult
775           23|13|mult
776           1
777           10|6|mult
778           22|13|mult
779           6|sq
780           13|1|mult
781           11|10|div
782           1|21|div
783           15|cb
784           22|cb
785           5|sp
786           21|1|mult
787           1|13|div
788           22|18|div
789           18|1|mult
790           8|7|mult
791           28|15|mult
792           3|cb
793           5|1|mult
794           15|1|mult
795           27|23|mult
796           26|2|mult
797           8|15|div
798           23|cb
799           6|inv
800           5|cb
801           27|22|mult
802           1|14|div
803           24|sq
804           23|5|div
805           13|20|div
806           25|1|mult
807           3|1|mult
808           12|22|div
809           20|13|abd
810           26|4|mult
811           1|24|div
812           1|15|div
813           23|13|div
814           23|18|add
815           19|6|div
816           20|1|mult
817           28|27|mult
818           27|1|mult
819           20|18|abd
820           22|18|add
821           22|7|div
822           22|1|mult
823           7|1|mult
824           6|4|div
825           14|sp
826           28|24|mult
827           1|12|div
828           16|2|mult
829           25|23|add
830           25|22|add
831           23|1|mult
832           20|18|sub
833           20|13|sub
834           8|28|div
835           6|2|div
836           24|6|div
837           8|6|mult
838           10|sin
839           17|8|mult
840           16|4|mult
841           3|23|div
842           18|12|abd
843           1|28|div
844           18|12|sub
845           20|13|div
846           28|6|div
847           22|7|abd
848           15|6|div
849           6|1|mult
850           2|11|div
851           22|5|div
852           18|sp
853           23|5|mult
854           23|3|mult
855           11|12|div
856           24|cb
857           3|sp
858           28|sq
859           22|3|mult
860           22|5|mult
861           24|15|sub
862           12|2|mult
863           28|21|div
864           2|17|div
865           25|7|sub
866           14|cb
867           10|8|mult
868           22|13|div
869           24|14|mult
870           22|6|div
871           17|1|mult
872           6|2|mult
873           28|cb
874           3|sq
875           8|sq
876           28|23|mult
877           23|7|mult
878           8|1|mult
879           18|cb
880           23|6|div
881           24|8|div
882           2|15|div
883           23|20|mult
884           22|7|mult
885           7|cb
886           25|sp
887           14|11|div
888           12|4|mult
889           28|inv
890           14|2|mult
891           1|11|div
892           3|2|mult
893           5|3|mult
894           13|sp
895           15|8|div
896           13|2|mult
897           27|23|add
898           28|8|div
899           27|22|add
900           22|20|mult
901           23|3|div
902           18|2|mult
903           10|1|div
904           2|20|div
905           1|sq
906           21|17|add
907           25|cb
908           23|12|div
909           2|21|div
910           13|cb
911           19|2|mult
912           10|1|mult
913           25|24|mult
914           6|4|mult
915           28|22|mult
916           22|2|mult
917           2|28|div
918           5|sq
919           2|27|div
920           2|24|div
921           21|28|div
922           13|4|mult
923           8|2|mult
924           11|13|div
925           29|2|mult
926           24|17|mult
927           2
928           4|3|mult
929           1|8|div
930           7|3|mult
931           5|4|mult
932           15|sp
933           14|4|mult
934           29|4|mult
935           23|2|mult
936           8|2|div
937           22|18|abd
938           23|5|abd
939           2|25|div
940           27|2|mult
941           18|4|mult
942           23|5|add
943           23|7|sub
944           22|3|div
945           7|sp
946           4|15|div
947           9|4|mult
948           24|11|mult
949           20|2|mult
950           21|10|add
951           8|4|div
952           7|5|mult
953           23|7|add
954           9|11|div
955           21|log
956           21|cbrt
957           9|2|mult
958           21|inv
959           24|2|mult
960           22|7|add
961           18|sq
962           2|10|div
963           28|2|mult
964           24|23|mult
965           11|6|mult
966           11|18|div
967           4|24|div
968           4|17|div
969           28|11|mult
970           17|cos
971           22|4|mult
972           23|4|mult
973           22|12|div
974           8|6|div
975           2|18|div
976           8|4|mult
977           4|11|div
978           7|4|mult
979           23|18|abd
980           4|21|div
981           22|8|div
982           19|8|div
983           4|20|div
984           19|9|mult
985           28|sp
986           19|4|mult
987           25|4|mult
988           4|27|div
989           5|3|sub
990           2|13|div
991           4
992           2|1|mult
993           22|7|sub
994           4|2|sub
995           2|14|div
996           11|4|div
997           4|1|mult
998           22|sp
999           7|sq
#-----------------------------------------------------------------------
