# c0 + a0 * (mp_bandgap / max:mendeleev_number)
# Property Label: $bandgap$; Unit of the Property: eV
# RMSE: 0.483355747363454; Max AE: 4.30754616691422
# Coefficients
# Task   a0                      c0
# all ,  9.495038689733882e+01,  1.447875323078253e-01, 
# Feature Rung, Units, and Expressions
# 0;  1; eV;                                               0|21|div; (mp_bandgap / max:mendeleev_number); $\left(\frac{ mp_{bandgap} }{ max:mendeleev_{number} } \right)$; (mp_bandgap ./ max:mendeleev_number); mp_bandgap,max:mendeleev_number
# Number of Samples Per Task
# Task, n_mats_train            
# all , 1015                  

# Sample ID , Property Value        ,  Property Value (EST) ,  Feature 0 Value      
3266        ,  1.678000000000000e+00,  5.693379751082038e-01,  4.471287128712873e-03
3402        ,  0.000000000000000e+00,  1.447875323078253e-01,  0.000000000000000e+00
5237        ,  1.472900000000000e+00,  1.340556340914949e+00,  1.259361702127659e-02
3895        ,  0.000000000000000e+00,  1.640653381324368e-01,  2.030303030303053e-04
5388        ,  1.719900000000000e+00,  1.668640230960223e+00,  1.604893617021277e-02
3975        ,  1.985400000000000e+00,  1.785172978814425e+00,  1.727623762376238e-02
4837        ,  2.507100000000000e+00,  2.617922464037734e+00,  2.604660194174757e-02
5529        ,  0.000000000000000e+00,  1.447875323078253e-01,  0.000000000000000e+00
4451        ,  1.030000000000000e-01,  1.447875323078253e-01,  0.000000000000000e+00
4189        ,  1.018400000000000e+00,  1.066558367484466e+00,  9.707920792079208e-03
3912        ,  4.126200000000000e+00,  3.852459125222822e+00,  3.904851485148515e-02
4305        ,  7.780300000000000e+00,  6.453868387177569e+00,  6.644607843137255e-02
4056        ,  2.421900000000000e+00,  2.488632728009123e+00,  2.468494623655914e-02
3594        ,  6.517999999999999e-01,  9.010880053335850e-01,  7.965217391304348e-03
5230        ,  2.302000000000000e-01,  9.876400576147077e-01,  8.876767676767677e-03
4489        ,  1.591999999999998e-01,  1.447875323078253e-01,  0.000000000000000e+00
4426        ,  3.982600000000000e+00,  3.784959741270059e+00,  3.833762376237624e-02
5849        ,  0.000000000000000e+00,  1.447875323078253e-01,  0.000000000000000e+00
5700        ,  2.603800000000000e+00,  2.073408509732485e+00,  2.031188118811882e-02
3327        ,  1.875800000000000e+00,  1.357728219396383e+00,  1.277446808510638e-02
3977        ,  3.184500000000000e+00,  3.245196930349753e+00,  3.265294117647059e-02
5832        ,  3.573500000000000e+00,  3.390880612206945e+00,  3.418725490196078e-02
4713        ,  3.813500000000000e+00,  5.018231370865800e+00,  5.132621359223301e-02
3772        ,  6.627000000000001e-01,  3.316799770126861e-01,  1.968316831683167e-03
3860        ,  1.860999999999999e-01,  1.447875323078253e-01,  0.000000000000000e+00
5825        ,  2.044100000000000e+00,  2.200261386535429e+00,  2.164787234042553e-02
3683        ,  2.536900000000000e+00,  2.247797586657795e+00,  2.214851485148515e-02
5125        ,  9.231000000000000e-01,  1.125596825872118e+00,  1.032970297029703e-02
5236        ,  1.808000000000001e-01,  1.447875323078253e-01,  0.000000000000000e+00
5393        ,  0.000000000000000e+00,  1.447875323078253e-01,  0.000000000000000e+00
3023        ,  2.116900000000000e+00,  1.929948816261852e+00,  1.880099009900990e-02
3172        ,  0.000000000000000e+00,  1.447875323078253e-01,  0.000000000000000e+00
4765        ,  2.740200000000000e+00,  2.766760943418380e+00,  2.761414141414141e-02
5367        ,  0.000000000000000e+00,  1.447875323078253e-01,  0.000000000000000e+00
4091        ,  5.020000000000000e-01,  6.954997763123912e-01,  5.800000000000008e-03
3748        ,  5.403900000000000e+00,  4.802569452695320e+00,  4.905490196078431e-02
5254        ,  4.435099999999999e+00,  5.992133190354931e+00,  6.158316831683168e-02
5108        ,  2.033300000000000e+00,  1.859479813336238e+00,  1.805882352941176e-02
4641        ,  4.323000000000001e-01,  4.360992347887329e-01,  3.068041237113403e-03
5628        ,  0.000000000000000e+00,  1.447875323078253e-01,  0.000000000000000e+00
4071        ,  2.744300000000000e+00,  2.701902854778973e+00,  2.693106796116505e-02
3318        ,  6.493000000000000e-01,  5.795983801322697e-01,  4.579347826086961e-03
3602        ,  1.873300000000000e+00,  1.167525412561438e+00,  1.077128712871287e-02
3203        ,  2.789999999999981e-02,  1.447875323078253e-01,  0.000000000000000e+00
5333        ,  4.202400000000000e+00,  3.643017903162401e+00,  3.684271844660194e-02
3128        ,  0.000000000000000e+00,  1.447875323078253e-01,  0.000000000000000e+00
5676        ,  4.641999999999999e-01,  1.447875323078253e-01,  0.000000000000000e+00
3581        ,  3.809500000000000e+00,  3.609554805644213e+00,  3.649029126213592e-02
5122        ,  0.000000000000000e+00,  1.447875323078253e-01,  0.000000000000000e+00
3339        ,  0.000000000000000e+00,  1.886263279604265e-01,  4.617021276595756e-04
3180        ,  1.234700000000000e+00,  1.499749755542829e+00,  1.427021276595745e-02
5373        ,  3.522100000000000e+00,  3.070011531018315e+00,  3.080792079207921e-02
4704        ,  7.975000000000003e-01,  9.615650540053639e-01,  8.602150537634412e-03
5658        ,  1.245900000000000e+00,  1.421630462372746e+00,  1.344747474747475e-02
4011        ,  0.000000000000000e+00,  1.447875323078253e-01,  0.000000000000000e+00
5591        ,  4.297800000000001e+00,  4.085134578263330e+00,  4.149900990099010e-02
4560        ,  4.276800000000000e+00,  3.658703929781816e+00,  3.700792079207921e-02
3866        ,  4.189600000000000e+00,  4.063352764115156e+00,  4.126960784313725e-02
4284        ,  2.943400000000000e+00,  2.705124714994566e+00,  2.696500000000000e-02
5814        ,  0.000000000000000e+00,  1.447875323078253e-01,  0.000000000000000e+00
3835        ,  1.736000000000000e+00,  1.762267373103992e+00,  1.703500000000000e-02
3489        ,  2.194900000000000e+00,  2.291721280486542e+00,  2.261111111111111e-02
3712        ,  0.000000000000000e+00,  1.447875323078253e-01,  0.000000000000000e+00
5650        ,  4.359699999999999e+00,  4.363935900675457e+00,  4.443529411764706e-02
5001        ,  3.887400000000000e+00,  3.878311953338433e+00,  3.932079207920792e-02
4958        ,  3.220400000000000e+00,  3.120777084408972e+00,  3.134257425742575e-02
3871        ,  2.856000000000001e-01,  3.012657699146395e-01,  1.647999999999998e-03
4716        ,  3.336500000000000e+00,  3.181413717625589e+00,  3.198118811881188e-02
5360        ,  2.079200000000000e+00,  1.310464854945543e+00,  1.227669902912621e-02
4850        ,  2.079800000000000e+00,  2.304272568743075e+00,  2.274329896907217e-02
4956        ,  3.796700000000000e+00,  4.200736195132207e+00,  4.271650485436893e-02
4791        ,  3.607100000000000e+00,  4.203686110064941e+00,  4.274757281553399e-02
5895        ,  2.015800000000000e+00,  3.932179846102963e+00,  3.988811881188119e-02
4360        ,  1.576000000000000e-01,  3.367439330353318e-01,  2.021649484536082e-03
4190        ,  0.000000000000000e+00,  1.447875323078253e-01,  0.000000000000000e+00
5391        ,  2.591300000000000e+00,  2.399436174841366e+00,  2.374554455445544e-02
3452        ,  0.000000000000000e+00,  1.447875323078253e-01,  0.000000000000000e+00
3615        ,  3.120000000000012e-02,  1.588401895686316e-01,  1.480000000000015e-04
5582        ,  0.000000000000000e+00,  6.364948930261871e-01,  5.178571428571429e-03
3084        ,  8.620000000000028e-02,  1.038903675591099e+00,  9.416666666666667e-03
4262        ,  2.272100000000000e+00,  1.658462632166372e+00,  1.594174757281553e-02
4001        ,  2.571800000000000e+00,  2.417604803136843e+00,  2.393689320388349e-02
3791        ,  2.952400000000000e+00,  2.410192057340803e+00,  2.385882352941177e-02
3770        ,  7.553000000000001e-01,  1.447875323078253e-01,  0.000000000000000e+00
4450        ,  5.732999999999999e-01,  3.751937371087081e-01,  2.426595744680851e-03
3136        ,  1.730999999999998e-01,  5.009953473954175e-01,  3.751515151515151e-03
3197        ,  1.631300000000000e+00,  1.721772043202776e+00,  1.660851063829788e-02
5724        ,  0.000000000000000e+00,  1.447875323078253e-01,  0.000000000000000e+00
3846        ,  4.541999999999993e-01,  6.590090393871387e-01,  5.415686274509804e-03
3699        ,  1.530600000000000e+00,  1.540182178562479e+00,  1.469603960396040e-02
5642        ,  5.254999999999996e-01,  8.694525725019812e-01,  7.632038834951457e-03
3183        ,  1.126200000000000e+00,  1.197120650070034e+00,  1.108297872340426e-02
5318        ,  2.948200000000000e+00,  2.960647832713292e+00,  2.965612244897959e-02
3279        ,  0.000000000000000e+00,  1.447875323078253e-01,  0.000000000000000e+00
3707        ,  1.609999999999999e+00,  1.743467196498319e+00,  1.683700000000000e-02
3456        ,  1.118800000000000e+00,  9.744045491381091e-01,  8.737373737373740e-03
5161        ,  4.347900000000000e+00,  4.219183104964319e+00,  4.291078431372550e-02
4762        ,  2.902400000000000e+00,  3.517946571143090e+00,  3.552549019607843e-02
4605        ,  8.457000000000000e-01,  6.876969227356786e-01,  5.717821782178219e-03
5732        ,  5.205000000000001e-01,  4.214853445597447e-01,  2.914130434782614e-03
3035        ,  2.801000000000000e-01,  1.542825709975592e-01,  9.999999999999998e-05
3342        ,  0.000000000000000e+00,  1.447875323078253e-01,  0.000000000000000e+00
5370        ,  3.720300000000000e+00,  4.032775413649730e+00,  4.094757281553398e-02
4447        ,  2.571900000000000e+00,  2.581534095059332e+00,  2.566336633663366e-02
4256        ,  2.726200000000000e+00,  2.701231749131776e+00,  2.692400000000000e-02
4889        ,  0.000000000000000e+00,  1.447875323078253e-01,  0.000000000000000e+00
4038        ,  0.000000000000000e+00,  3.754967702583806e-01,  2.429787234042555e-03
3302        ,  1.491900000000000e+00,  1.406982384150896e+00,  1.329320388349515e-02
3475        ,  0.000000000000000e+00,  1.447875323078253e-01,  0.000000000000000e+00
4651        ,  3.520400000000000e+00,  3.577751035275687e+00,  3.615533980582524e-02
4953        ,  2.663900000000000e+00,  2.513943549619000e+00,  2.495151515151515e-02
3969        ,  2.773000000000000e+00,  1.834434367660172e+00,  1.779504950495049e-02
5229        ,  4.162100000000001e+00,  4.462021807046924e+00,  4.546831683168317e-02
3250        ,  1.199900000000000e+00,  1.447875323078253e-01,  0.000000000000000e+00
3509        ,  0.000000000000000e+00,  1.447875323078253e-01,  0.000000000000000e+00
4930        ,  7.380000000000009e-02,  7.417024388026419e-01,  6.286597938144329e-03
4805        ,  8.720000000000001e-01,  6.966108978611887e-01,  5.811702127659570e-03
4252        ,  1.628000000000003e-01,  1.447875323078253e-01,  0.000000000000000e+00
4987        ,  2.826900000000000e+00,  2.686106711030717e+00,  2.676470588235294e-02
4859        ,  0.000000000000000e+00,  1.447875323078253e-01,  0.000000000000000e+00
4901        ,  1.536700000000000e+00,  1.711679916973688e+00,  1.650222222222223e-02
5304        ,  1.210000000000022e-02,  1.447875323078253e-01,  0.000000000000000e+00
3778        ,  4.467100000000000e+00,  4.174924439470795e+00,  4.244466019417476e-02
5307        ,  0.000000000000000e+00,  1.447875323078253e-01,  0.000000000000000e+00
4272        ,  2.407300000000000e+00,  2.422844735571503e+00,  2.399207920792079e-02
5909        ,  1.706400000000000e+00,  1.456375402449519e+00,  1.381340206185567e-02
3622        ,  0.000000000000000e+00,  1.447875323078253e-01,  0.000000000000000e+00
3842        ,  2.475500000000000e+00,  2.474174350666500e+00,  2.453267326732674e-02
3813        ,  0.000000000000000e+00,  1.447875323078253e-01,  0.000000000000000e+00
3939        ,  0.000000000000000e+00,  1.447875323078253e-01,  0.000000000000000e+00
3401        ,  2.284600000000000e+00,  2.050801318219842e+00,  2.007378640776699e-02
4835        ,  4.617200000000000e+00,  4.381831034746499e+00,  4.462376237623762e-02
4892        ,  0.000000000000000e+00,  1.447875323078253e-01,  0.000000000000000e+00
4192        ,  2.623400000000000e+00,  2.272686309307123e+00,  2.241063829787234e-02
4412        ,  0.000000000000000e+00,  1.447875323078253e-01,  0.000000000000000e+00
5833        ,  5.220599999999999e+00,  5.391650961867871e+00,  5.525900000000000e-02
3666        ,  4.611900000000000e+00,  5.747966577350590e+00,  5.901165048543689e-02
4401        ,  0.000000000000000e+00,  1.447875323078253e-01,  0.000000000000000e+00
3081        ,  9.398000000000002e-01,  1.390354788511107e+00,  1.311808510638298e-02
4753        ,  7.596999999999996e-01,  1.383170760205238e+00,  1.304242424242424e-02
4452        ,  1.246100000000000e+00,  8.669745344319409e-01,  7.605940594059406e-03
4851        ,  0.000000000000000e+00,  1.447875323078253e-01,  0.000000000000000e+00
3725        ,  0.000000000000000e+00,  1.447875323078253e-01,  0.000000000000000e+00
5751        ,  5.041900000000000e+00,  5.015558010458011e+00,  5.129805825242718e-02
3488        ,  3.973200000000000e+00,  3.084395104479001e+00,  3.095940594059406e-02
5501        ,  0.000000000000000e+00,  1.447875323078253e-01,  0.000000000000000e+00
4061        ,  1.667600000000000e+00,  1.703007990548806e+00,  1.641089108910891e-02
5755        ,  1.744400000000000e+00,  1.575718065935938e+00,  1.507029702970297e-02
4118        ,  3.832100000000000e+00,  3.773754084078272e+00,  3.821960784313725e-02
3201        ,  0.000000000000000e+00,  5.710541628469418e-01,  4.489361702127656e-03
3689        ,  1.522999999999999e-01,  7.647216712762566e-01,  6.529032258064513e-03
5017        ,  3.460900000000000e+00,  3.470025289679876e+00,  3.502079207920792e-02
3275        ,  0.000000000000000e+00,  1.448885433577163e-01,  1.063829787236288e-06
5898        ,  3.282200000000000e+00,  3.088901146427565e+00,  3.100686274509803e-02
3568        ,  3.916600000000000e+00,  4.468696537214956e+00,  4.553861386138614e-02
4102        ,  1.217700000000000e+00,  1.239065217002102e+00,  1.152473118279570e-02
3341        ,  1.408900000000000e+00,  1.765004772556032e+00,  1.706382978723404e-02
4858        ,  3.400500000000000e+00,  3.292344903213750e+00,  3.314949494949495e-02
3225        ,  2.281000000000004e-01,  1.447875323078253e-01,  0.000000000000000e+00
4937        ,  0.000000000000000e+00,  1.447875323078253e-01,  0.000000000000000e+00
4798        ,  1.230200000000000e+00,  1.159534538416613e+00,  1.068712871287129e-02
4839        ,  2.247100000000000e+00,  1.909266553769362e+00,  1.858316831683168e-02
3619        ,  0.000000000000000e+00,  1.447875323078253e-01,  0.000000000000000e+00
4244        ,  6.532000000000000e-01,  1.447875323078253e-01,  0.000000000000000e+00
3322        ,  0.000000000000000e+00,  1.447875323078253e-01,  0.000000000000000e+00
3797        ,  5.508700000000000e+00,  5.365122929986855e+00,  5.497961165048544e-02
4624        ,  1.861999999999995e-01,  1.787252448523197e-01,  3.574257425742574e-04
5806        ,  3.925800000000000e+00,  2.945729935495263e+00,  2.949900990099009e-02
3001        ,  0.000000000000000e+00,  1.447875323078253e-01,  0.000000000000000e+00
3237        ,  9.591000000000000e-01,  9.300474341587951e-01,  8.270212765957442e-03
4868        ,  0.000000000000000e+00,  1.500965861988596e-01,  5.591397849462705e-05
3491        ,  8.259000000000001e-01,  9.999283363646830e-01,  9.006185567010310e-03
5163        ,  8.546999999999993e-01,  1.009964176482290e+00,  9.111881188118813e-03
3481        ,  8.867999999999998e-01,  1.447875323078253e-01,  0.000000000000000e+00
4049        ,  4.949900000000000e+00,  6.096886202987898e+00,  6.268640776699029e-02
5896        ,  0.000000000000000e+00,  1.447875323078253e-01,  0.000000000000000e+00
4354        ,  2.761100000000000e+00,  2.620360342374779e+00,  2.607227722772277e-02
3961        ,  1.207400000000000e+00,  1.373877986066051e+00,  1.294455445544554e-02
3907        ,  1.832000000000000e+00,  1.110907718988248e+00,  1.017500000000000e-02
3543        ,  2.136700000000000e+00,  1.903793955105972e+00,  1.852553191489362e-02
5749        ,  1.189500000000000e+00,  1.080293560738616e+00,  9.852577319587632e-03
3611        ,  1.296200000000000e+00,  1.352863363983461e+00,  1.272323232323232e-02
5459        ,  6.888000000000001e-01,  7.112595827974126e-01,  5.965979381443299e-03
4680        ,  2.538000000000000e+00,  2.529452397691881e+00,  2.511485148514852e-02
3692        ,  1.994200000000000e+00,  2.070136345329347e+00,  2.027741935483870e-02
5730        ,  0.000000000000000e+00,  1.447875323078253e-01,  0.000000000000000e+00
5371        ,  4.331500000000000e+00,  3.568548067371372e+00,  3.605841584158416e-02
3979        ,  1.458900000000000e+00,  1.596024287292201e+00,  1.528415841584158e-02
3922        ,  1.836800000000000e+00,  1.793257863243306e+00,  1.736138613861386e-02
5636        ,  2.208800000000000e+00,  1.427087806842184e+00,  1.350495049504951e-02
3253        ,  0.000000000000000e+00,  1.447875323078253e-01,  0.000000000000000e+00
5413        ,  7.898000000000001e-01,  2.019379456481000e+00,  1.974285714285715e-02
3824        ,  2.338300000000000e+00,  2.393083635258502e+00,  2.367864077669903e-02
5584        ,  3.728300000000000e+00,  4.060338681302452e+00,  4.123786407766990e-02
5423        ,  0.000000000000000e+00,  1.447875323078253e-01,  0.000000000000000e+00
3710        ,  3.456000000000000e+00,  3.222026160338114e+00,  3.240891089108910e-02
4749        ,  2.372800000000001e+00,  2.270559135432952e+00,  2.238823529411765e-02
3853        ,  0.000000000000000e+00,  1.447875323078253e-01,  0.000000000000000e+00
4755        ,  2.301300000000000e+00,  2.274402497045862e+00,  2.242871287128713e-02
5285        ,  3.423700000000000e+00,  2.894066676058810e+00,  2.895490196078431e-02
4303        ,  0.000000000000000e+00,  1.447875323078253e-01,  0.000000000000000e+00
3950        ,  0.000000000000000e+00,  1.447875323078253e-01,  0.000000000000000e+00
5107        ,  2.169700000000000e+00,  4.263698441977724e+00,  4.337961165048544e-02
5441        ,  3.915400000000000e+00,  4.069741535150539e+00,  4.133689320388349e-02
3886        ,  1.935600000000000e+00,  1.913497016551917e+00,  1.862772277227722e-02
3251        ,  0.000000000000000e+00,  1.447875323078253e-01,  0.000000000000000e+00
3917        ,  4.013700000000000e+00,  3.844975336852605e+00,  3.896969696969697e-02
3965        ,  4.246200000000000e+00,  3.454231561958338e+00,  3.485445544554455e-02
3680        ,  2.891000000000000e+00,  2.928080691662141e+00,  2.931313131313132e-02
3633        ,  4.639500000000000e+00,  4.156534467334996e+00,  4.225098039215687e-02
4977        ,  0.000000000000000e+00,  1.447875323078253e-01,  0.000000000000000e+00
4879        ,  4.412000000000000e+00,  4.755412387327632e+00,  4.855825242718446e-02
5403        ,  1.062500000000000e+00,  5.613471009633781e-01,  4.387128712871288e-03
3685        ,  3.286000000000000e+00,  2.993008474778304e+00,  2.999693877551021e-02
4046        ,  0.000000000000000e+00,  6.570495701331712e-01,  5.395049504950497e-03
5179        ,  7.950000000000035e-02,  1.447875323078253e-01,  0.000000000000000e+00
5281        ,  1.805600000000000e+00,  1.924198187183912e+00,  1.874042553191490e-02
5869        ,  4.138300000000000e+00,  4.076839767957426e+00,  4.141165048543689e-02
4250        ,  2.172900000000000e+00,  2.166107704128808e+00,  2.128817204301075e-02
3199        ,  2.250400000000000e+00,  1.718640700656161e+00,  1.657553191489361e-02
3286        ,  0.000000000000000e+00,  1.447875323078253e-01,  0.000000000000000e+00
3472        ,  7.224000000000004e-01,  8.122328990273537e-01,  7.029411764705879e-03
5291        ,  4.676600000000000e+00,  4.919040481252658e+00,  5.028155339805825e-02
3486        ,  7.329999999999992e-02,  1.447875323078253e-01,  0.000000000000000e+00
5647        ,  3.195000000000000e+00,  3.102261622055809e+00,  3.114757281553398e-02
4658        ,  2.303800000000000e+00,  2.378149690911541e+00,  2.352135922330097e-02
4386        ,  1.767900000000000e+00,  1.553531638898540e+00,  1.483663366336634e-02
4931        ,  7.595999999999998e-01,  1.005348079677380e+00,  9.063265306122448e-03
3393        ,  8.523999999999998e-01,  2.662185271065330e-01,  1.278888888888889e-03
3139        ,  1.653300000000000e+00,  1.624498402157949e+00,  1.558404255319149e-02
4492        ,  1.135700000000000e+00,  1.122878614540627e+00,  1.030107526881720e-02
4690        ,  1.719900000000000e+00,  1.713349121795052e+00,  1.651980198019802e-02
3825        ,  1.613500000000001e+00,  1.566549689243331e+00,  1.497373737373737e-02
5631        ,  1.302400000000000e+00,  3.715580151636162e+00,  3.760693069306931e-02
4514        ,  3.202900000000000e+00,  3.080352662264560e+00,  3.091683168316832e-02
4055        ,  1.163999999999996e-01,  3.072373031579256e-01,  1.710891089108909e-03
5780        ,  9.264000000000001e-01,  1.022876589008427e+00,  9.247872340425529e-03
3479        ,  2.809000000000000e+00,  2.525880006897724e+00,  2.507722772277228e-02
3466        ,  8.565000000000000e-01,  9.907091610295712e-01,  8.909090909090910e-03
5826        ,  4.010000000000025e-02,  1.734664246768173e-01,  3.020408163265291e-04
5715        ,  3.863600000000000e+00,  4.408428643364930e+00,  4.490388349514563e-02
5763        ,  3.147600000000001e+00,  4.132139720291716e+00,  4.199405940594060e-02
4439        ,  0.000000000000000e+00,  1.447875323078253e-01,  0.000000000000000e+00
3534        ,  0.000000000000000e+00,  5.893371628771745e-01,  4.681914893617023e-03
3089        ,  0.000000000000000e+00,  1.447875323078253e-01,  0.000000000000000e+00
3658        ,  2.646900000000000e+00,  2.240464784501367e+00,  2.207128712871288e-02
4695        ,  2.482000000000000e+00,  2.316587731810656e+00,  2.287300000000000e-02
5697        ,  1.888100000000000e+00,  1.399091734169843e+00,  1.321010101010101e-02
3968        ,  3.180000000000000e+00,  2.959787237970105e+00,  2.964705882352941e-02
4770        ,  2.630999999999999e-01,  7.958210941857402e-01,  6.856565656565655e-03
3864        ,  2.564400000000000e+00,  2.488034022155840e+00,  2.467864077669903e-02
4744        ,  1.614900000000000e+00,  1.718513622238557e+00,  1.657419354838710e-02
4337        ,  0.000000000000000e+00,  1.447875323078253e-01,  0.000000000000000e+00
3545        ,  5.858400000000000e+00,  5.406825161817474e+00,  5.541881188118811e-02
3700        ,  6.755000000000000e-01,  7.844078658617168e-01,  6.736363636363637e-03
4175        ,  6.012000000000000e-01,  4.807443424181153e-01,  3.538235294117647e-03
5607        ,  9.406000000000001e-01,  5.989022908668327e-01,  4.782653061224491e-03
5492        ,  0.000000000000000e+00,  1.447875323078253e-01,  0.000000000000000e+00
5359        ,  1.056300000000000e+00,  1.300395665013806e+00,  1.217065217391304e-02
4377        ,  4.062600000000000e+00,  4.686642495458297e+00,  4.783398058252427e-02
4075        ,  2.952200000000000e+00,  2.435066072498883e+00,  2.412079207920792e-02
4948        ,  0.000000000000000e+00,  1.447875323078253e-01,  0.000000000000000e+00
5633        ,  4.619200000000000e+00,  4.271086920127622e+00,  4.345742574257425e-02
4041        ,  2.202900000000001e+00,  2.218522599868626e+00,  2.184019607843137e-02
4910        ,  0.000000000000000e+00,  1.447875323078253e-01,  0.000000000000000e+00
3649        ,  1.546300000000000e+00,  1.070694819982964e+00,  9.751485148514852e-03
3741        ,  4.134000000000000e+00,  3.939299984218758e+00,  3.996310679611650e-02
5199        ,  0.000000000000000e+00,  1.477483508239788e-01,  3.118279569892368e-05
3958        ,  3.969900000000000e+00,  3.698868612172338e+00,  3.743092783505154e-02
3537        ,  2.426400000000000e+00,  2.544494043140965e+00,  2.527326732673267e-02
3519        ,  1.893400000000000e+00,  1.418654174585348e+00,  1.341612903225806e-02
3131        ,  6.086400000000000e+00,  5.494590213670631e+00,  5.634313725490196e-02
4783        ,  0.000000000000000e+00,  1.447875323078253e-01,  0.000000000000000e+00
3007        ,  1.782999999999997e-01,  1.962396055079505e+00,  1.914271844660194e-02
3982        ,  9.999999999976694e-05,  1.447875323078253e-01,  0.000000000000000e+00
3276        ,  1.351600000000000e+00,  8.332288859086380e-01,  7.250537634408603e-03
5510        ,  3.329200000000000e+00,  3.376993652680135e+00,  3.404099999999999e-02
5602        ,  1.740300000000000e+00,  1.469862486088014e+00,  1.395544554455446e-02
3430        ,  0.000000000000000e+00,  1.447875323078253e-01,  0.000000000000000e+00
4312        ,  5.035999999999996e-01,  4.590639119096112e-01,  3.309900990099010e-03
4346        ,  2.214600000000000e+00,  1.186233459088736e+00,  1.096831683168317e-02
4358        ,  3.600000000000003e-02,  1.447875323078253e-01,  0.000000000000000e+00
3788        ,  7.426000000000001e-01,  7.013584172060557e-01,  5.861702127659571e-03
3544        ,  0.000000000000000e+00,  1.447875323078253e-01,  0.000000000000000e+00
3620        ,  9.683000000000000e-01,  1.243596040269784e+00,  1.157244897959184e-02
5246        ,  1.909999999999989e-02,  1.447875323078253e-01,  0.000000000000000e+00
4920        ,  3.948700000000000e+00,  3.571932437597416e+00,  3.609405940594059e-02
3226        ,  0.000000000000000e+00,  1.447875323078253e-01,  0.000000000000000e+00
4565        ,  1.903700000000000e+00,  2.138745657151940e+00,  2.100000000000000e-02
4215        ,  2.252700000000000e+00,  1.937026590520041e+00,  1.887553191489362e-02
4801        ,  3.595800000000000e+00,  3.423894534565339e+00,  3.453495145631068e-02
3224        ,  0.000000000000000e+00,  1.447875323078253e-01,  0.000000000000000e+00
5473        ,  0.000000000000000e+00,  1.447875323078253e-01,  0.000000000000000e+00
5120        ,  8.623000000000001e-01,  2.001312313642803e+00,  1.955257731958763e-02
3663        ,  0.000000000000000e+00,  1.447875323078253e-01,  0.000000000000000e+00
3532        ,  2.109100000000000e+00,  2.182180408604978e+00,  2.145744680851063e-02
3492        ,  0.000000000000000e+00,  1.447875323078253e-01,  0.000000000000000e+00
5277        ,  4.523999999999999e-01,  8.718630692028934e-01,  7.657425742574261e-03
4570        ,  0.000000000000000e+00,  1.447875323078253e-01,  0.000000000000000e+00
4007        ,  2.537700000000000e+00,  2.152377148340172e+00,  2.114356435643564e-02
5635        ,  2.510199999999999e+00,  2.306365993625163e+00,  2.276534653465347e-02
4531        ,  8.411000000000000e-01,  9.065316656224561e-01,  8.022549019607842e-03
5843        ,  9.450000000000003e-02,  9.768022861809710e-01,  8.762626262626262e-03
3809        ,  4.851000000000000e+00,  4.466289682085380e+00,  4.551326530612245e-02
2989        ,  0.000000000000000e+00,  1.447875323078253e-01,  0.000000000000000e+00
4157        ,  1.256900000000000e+00,  1.747243152793418e+00,  1.687676767676767e-02
3754        ,  7.879000000000000e-01,  8.660229201280195e-01,  7.595918367346940e-03
3524        ,  1.959900000000000e+00,  1.816305889688194e+00,  1.760412371134020e-02
2992        ,  0.000000000000000e+00,  1.447875323078253e-01,  0.000000000000000e+00
4587        ,  0.000000000000000e+00,  1.447875323078253e-01,  0.000000000000000e+00
3051        ,  3.296900000000000e+00,  3.570375267254050e+00,  3.607765957446808e-02
3400        ,  6.249000000000002e-01,  2.393655647467431e-01,  9.960784313725482e-04
5134        ,  2.371200000000000e+00,  2.157829744815464e+00,  2.120099009900990e-02
4246        ,  3.542900000000000e+00,  3.363229606991384e+00,  3.389603960396040e-02
4771        ,  2.747500000000000e+00,  2.318117279132260e+00,  2.288910891089109e-02
4881        ,  3.677999999999999e-01,  1.447875323078253e-01,  0.000000000000000e+00
5571        ,  2.085500000000000e+00,  1.775124430595091e+00,  1.717040816326531e-02
4233        ,  3.497600000000000e+00,  3.304379169171845e+00,  3.327623762376238e-02
5535        ,  1.533700000000000e+00,  1.453469316447706e+00,  1.378279569892473e-02
3613        ,  5.574700000000000e+00,  5.308584414978149e+00,  5.438415841584159e-02
3514        ,  0.000000000000000e+00,  1.447875323078253e-01,  0.000000000000000e+00
3719        ,  0.000000000000000e+00,  1.447875323078253e-01,  0.000000000000000e+00
3520        ,  8.754999999999997e-01,  1.019454160855677e+00,  9.211827956989252e-03
4251        ,  0.000000000000000e+00,  1.447875323078253e-01,  0.000000000000000e+00
4237        ,  0.000000000000000e+00,  1.447875323078253e-01,  0.000000000000000e+00
4534        ,  1.043000000000000e+00,  1.182556505835780e+00,  1.092959183673469e-02
5253        ,  4.834600000000000e+00,  4.664237928053039e+00,  4.759801980198020e-02
5551        ,  0.000000000000000e+00,  1.447875323078253e-01,  0.000000000000000e+00
3368        ,  0.000000000000000e+00,  1.447875323078253e-01,  0.000000000000000e+00
5696        ,  0.000000000000000e+00,  1.447875323078253e-01,  0.000000000000000e+00
5280        ,  9.822000000000002e-01,  2.583151688155134e-01,  1.195652173913047e-03
3097        ,  9.430000000000005e-02,  1.447875323078253e-01,  0.000000000000000e+00
4693        ,  4.030700000000000e+00,  3.809595912020160e+00,  3.859708737864077e-02
4703        ,  0.000000000000000e+00,  1.447875323078253e-01,  0.000000000000000e+00
4225        ,  6.553999999999998e-01,  3.655976873690834e-01,  2.325531914893616e-03
3867        ,  1.943600000000000e+00,  1.907822628823947e+00,  1.856796116504855e-02
5016        ,  3.666500000000000e+00,  2.924915678765563e+00,  2.927979797979798e-02
3988        ,  1.247000000000000e+00,  1.276231688093589e+00,  1.191616161616162e-02
3134        ,  0.000000000000000e+00,  1.447875323078253e-01,  0.000000000000000e+00
5800        ,  5.573999999999995e-01,  6.813051730186469e-01,  5.650505050505051e-03
4939        ,  0.000000000000000e+00,  1.447875323078253e-01,  0.000000000000000e+00
3987        ,  6.479999999999997e-02,  1.447875323078253e-01,  0.000000000000000e+00
5532        ,  0.000000000000000e+00,  1.305771808461650e+00,  1.222727272727273e-02
5654        ,  5.839999999999979e-02,  1.447875323078253e-01,  0.000000000000000e+00
4643        ,  0.000000000000000e+00,  1.447875323078253e-01,  0.000000000000000e+00
3449        ,  5.802000000000000e-01,  6.718571299749532e-01,  5.551000000000001e-03
5471        ,  2.481200000000000e+00,  1.984474781014779e+00,  1.937524752475248e-02
3593        ,  0.000000000000000e+00,  1.447875323078253e-01,  0.000000000000000e+00
2988        ,  1.057200000000000e+00,  1.145099959376278e+00,  1.053510638297872e-02
2993        ,  0.000000000000000e+00,  1.447875323078253e-01,  0.000000000000000e+00
3510        ,  2.562800000000000e+00,  1.326640583335878e+00,  1.244705882352941e-02
3990        ,  0.000000000000000e+00,  1.447875323078253e-01,  0.000000000000000e+00
5435        ,  2.611900000000000e+00,  2.636944523913284e+00,  2.624693877551021e-02
5846        ,  0.000000000000000e+00,  1.447875323078253e-01,  0.000000000000000e+00
3349        ,  2.150700000000000e+00,  1.092429628989109e+00,  9.980392156862743e-03
4243        ,  2.519600000000000e+00,  2.219218460304536e+00,  2.184752475247525e-02
3029        ,  0.000000000000000e+00,  1.447875323078253e-01,  0.000000000000000e+00
5735        ,  0.000000000000000e+00,  1.447875323078253e-01,  0.000000000000000e+00
4374        ,  4.502000000000002e-01,  1.447875323078253e-01,  0.000000000000000e+00
4023        ,  0.000000000000000e+00,  2.422398414902534e+00,  2.398737864077670e-02
4577        ,  1.650400000000000e+00,  8.264032872371486e-01,  7.178651685393259e-03
4336        ,  0.000000000000000e+00,  1.447875323078253e-01,  0.000000000000000e+00
3421        ,  8.106000000000000e-01,  1.447875323078253e-01,  0.000000000000000e+00
3551        ,  1.471900000000000e+00,  1.370430619257907e+00,  1.290824742268041e-02
3960        ,  2.898200000000000e+00,  2.328270389810391e+00,  2.299603960396039e-02
3067        ,  0.000000000000000e+00,  8.550352283567311e-01,  7.480198019801981e-03
3170        ,  1.528999999999998e-01,  1.447875323078253e-01,  0.000000000000000e+00
3575        ,  2.196800000000000e+00,  1.498347602157215e+00,  1.425544554455445e-02
4655        ,  5.565700000000001e+00,  5.220988671010302e+00,  5.346161616161616e-02
3346        ,  2.480700000000000e+00,  1.104914563379629e+00,  1.011188118811881e-02
3194        ,  0.000000000000000e+00,  1.447875323078253e-01,  0.000000000000000e+00
5052        ,  0.000000000000000e+00,  1.447875323078253e-01,  0.000000000000000e+00
4127        ,  2.794999999999999e-01,  3.216842313752589e-01,  1.863043478260872e-03
3110        ,  0.000000000000000e+00,  1.447875323078253e-01,  0.000000000000000e+00
4220        ,  1.188700000000000e+00,  1.259582585002499e+00,  1.174081632653061e-02
5311        ,  0.000000000000000e+00,  1.447875323078253e-01,  0.000000000000000e+00
3063        ,  4.020500000000000e+00,  3.911309563042360e+00,  3.966831683168317e-02
4382        ,  1.551700000000000e+00,  1.534006643002789e+00,  1.463100000000000e-02
4369        ,  2.673600000000000e+00,  3.432744279363537e+00,  3.462815533980582e-02
4238        ,  5.243000000000000e+00,  5.092255798709064e+00,  5.210582524271844e-02
3861        ,  4.192900000000000e+00,  4.491447025956695e+00,  4.577821782178219e-02
3752        ,  3.178199999999999e+00,  3.049129966723625e+00,  3.058800000000000e-02
4294        ,  1.687000000000000e+00,  1.546214838492590e+00,  1.475957446808511e-02
5374        ,  2.020000000000000e+00,  1.859253082651160e+00,  1.805643564356435e-02
5165        ,  7.931000000000000e-01,  6.143791196805337e-01,  4.945652173913045e-03
3090        ,  0.000000000000000e+00,  1.447875323078253e-01,  0.000000000000000e+00
4069        ,  2.483500000000000e+00,  2.389471084731349e+00,  2.364059405940594e-02
3315        ,  3.259000000000000e+00,  3.677882027729397e+00,  3.720990099009901e-02
3460        ,  0.000000000000000e+00,  1.447875323078253e-01,  0.000000000000000e+00
3588        ,  0.000000000000000e+00,  1.447875323078253e-01,  0.000000000000000e+00
3830        ,  6.069000000000000e-01,  6.478288088701183e-01,  5.297938144329897e-03
4264        ,  0.000000000000000e+00,  1.447875323078253e-01,  0.000000000000000e+00
5491        ,  9.824000000000006e-01,  1.172209450735112e+00,  1.082061855670103e-02
3291        ,  2.689400000000000e+00,  2.260160939120665e+00,  2.227872340425532e-02
3179        ,  0.000000000000000e+00,  1.447875323078253e-01,  0.000000000000000e+00
4465        ,  9.755000000000003e-01,  8.224136597890315e-01,  7.136633663366337e-03
3330        ,  0.000000000000000e+00,  1.447875323078253e-01,  0.000000000000000e+00
4278        ,  7.349000000000001e-01,  1.447875323078253e-01,  0.000000000000000e+00
3077        ,  2.134800000000000e+00,  1.775301898988463e+00,  1.717227722772277e-02
3897        ,  3.892500000000000e+00,  3.546408189115400e+00,  3.582524271844660e-02
5136        ,  1.867100000000000e+00,  1.551063368887347e+00,  1.481063829787234e-02
4657        ,  7.240000000000002e-01,  5.443016058726066e-01,  4.207608695652176e-03
4739        ,  2.321700000000000e+00,  1.900617607636139e+00,  1.849207920792079e-02
4171        ,  4.364300000000000e+00,  3.979467018983518e+00,  4.038613861386138e-02
3292        ,  0.000000000000000e+00,  1.447875323078253e-01,  0.000000000000000e+00
3219        ,  0.000000000000000e+00,  1.447875323078253e-01,  0.000000000000000e+00
4584        ,  0.000000000000000e+00,  1.447875323078253e-01,  0.000000000000000e+00
5240        ,  1.568900000000000e+00,  1.097804565596415e+00,  1.003700000000000e-02
3168        ,  1.440000000000019e-02,  1.447875323078253e-01,  0.000000000000000e+00
3883        ,  6.357800000000000e+00,  6.373809467298194e+00,  6.560291262135921e-02
4390        ,  2.926900000000000e+00,  3.486477089389811e+00,  3.519405940594059e-02
3774        ,  7.475999999999998e-01,  8.187434603155020e-01,  7.097979797979799e-03
3268        ,  0.000000000000000e+00,  1.447875323078253e-01,  0.000000000000000e+00
3504        ,  0.000000000000000e+00,  1.447875323078253e-01,  0.000000000000000e+00
3723        ,  6.068800000000000e+00,  5.586211977379056e+00,  5.730808080808081e-02
4715        ,  0.000000000000000e+00,  1.447875323078253e-01,  0.000000000000000e+00
3548        ,  0.000000000000000e+00,  1.447875323078253e-01,  0.000000000000000e+00
3151        ,  1.532600000000000e+00,  1.313391971476578e+00,  1.230752688172043e-02
4516        ,  0.000000000000000e+00,  1.447875323078253e-01,  0.000000000000000e+00
3161        ,  0.000000000000000e+00,  1.447875323078253e-01,  0.000000000000000e+00
3704        ,  2.006600000000000e+00,  2.490355749662499e+00,  2.470309278350516e-02
4747        ,  3.408700000000000e+00,  2.747462246419533e+00,  2.741089108910891e-02
5516        ,  0.000000000000000e+00,  1.447875323078253e-01,  0.000000000000000e+00
4393        ,  0.000000000000000e+00,  1.447875323078253e-01,  0.000000000000000e+00
3498        ,  3.940200000000000e+00,  3.599665471394163e+00,  3.638613861386138e-02
5336        ,  4.309000000000003e-01,  5.890801347601254e-01,  4.679207920792078e-03
5265        ,  0.000000000000000e+00,  1.447875323078253e-01,  0.000000000000000e+00
3392        ,  3.340500000000000e+00,  3.141868568137943e+00,  3.156470588235294e-02
4838        ,  3.014200000000000e+00,  2.850027466325471e+00,  2.849108910891089e-02
3502        ,  0.000000000000000e+00,  1.447875323078253e-01,  0.000000000000000e+00
3188        ,  8.198000000000000e-01,  6.846630473730198e-01,  5.685869565217386e-03
4176        ,  4.014700000000000e+00,  3.958382246439873e+00,  4.016407766990291e-02
3410        ,  2.838900000000000e+00,  2.535281035303401e+00,  2.517623762376237e-02
4955        ,  4.844999999999997e-01,  1.447875323078253e-01,  0.000000000000000e+00
4925        ,  4.453400000000000e+00,  5.169045771801767e+00,  5.291456310679611e-02
3109        ,  0.000000000000000e+00,  1.447875323078253e-01,  0.000000000000000e+00
3146        ,  0.000000000000000e+00,  1.447875323078253e-01,  0.000000000000000e+00
4330        ,  2.371100000000000e+00,  2.299230428731364e+00,  2.269019607843137e-02
3038        ,  0.000000000000000e+00,  1.447875323078253e-01,  0.000000000000000e+00
4974        ,  1.457600000000000e+00,  1.306588081550590e+00,  1.223586956521739e-02
3722        ,  0.000000000000000e+00,  1.447875323078253e-01,  0.000000000000000e+00
4407        ,  3.911400000000000e+00,  3.389970512838911e+00,  3.417766990291262e-02
5091        ,  3.107900000000000e+00,  3.496628374625534e+00,  3.530097087378641e-02
4902        ,  1.785500000000000e+00,  1.340379311239883e+00,  1.259175257731959e-02
4733        ,  4.222000000000001e-01,  5.527645751395428e-01,  4.296739130434780e-03
3117        ,  0.000000000000000e+00,  1.447875323078253e-01,  0.000000000000000e+00
5543        ,  4.231000000000000e-01,  8.380320424863732e-01,  7.301123595505618e-03
4181        ,  1.362600000000000e+00,  1.385166296195749e+00,  1.306344086021505e-02
5279        ,  2.576100000000000e+00,  2.571663015233371e+00,  2.555940594059406e-02
5335        ,  4.263500000000000e+00,  4.803348504984541e+00,  4.906310679611650e-02
3708        ,  3.914400000000000e+00,  3.125112617509001e+00,  3.138823529411765e-02
4104        ,  3.053999999999999e+00,  3.204816277699295e+00,  3.222765957446808e-02
5601        ,  8.203000000000000e-01,  1.199312283758573e+00,  1.110606060606061e-02
5918        ,  0.000000000000000e+00,  1.447875323078253e-01,  0.000000000000000e+00
3657        ,  7.258000000000000e-01,  7.674467189614048e-01,  6.557731958762886e-03
5503        ,  8.586999999999998e-01,  7.268746867654242e-01,  6.130434782608696e-03
4630        ,  2.287500000000000e+00,  1.632406267222171e+00,  1.566732673267327e-02
3167        ,  0.000000000000000e+00,  1.447875323078253e-01,  0.000000000000000e+00
4037        ,  1.423100000000000e+00,  1.187361582497417e+00,  1.098019801980198e-02
4293        ,  1.136700000000000e+00,  1.668063024960846e+00,  1.604285714285714e-02
5777        ,  6.503000000000001e-01,  7.827959993680051e-01,  6.719387755102042e-03
4496        ,  1.123700000000000e+00,  4.990182826337389e-01,  3.730693069306931e-03
3093        ,  0.000000000000000e+00,  1.447875323078253e-01,  0.000000000000000e+00
3461        ,  1.653900000000000e+00,  1.657849874101301e+00,  1.593529411764706e-02
4673        ,  1.365500000000000e+00,  1.311860513623395e+00,  1.229139784946237e-02
3395        ,  2.411100000000000e+00,  2.314826919190273e+00,  2.285445544554456e-02
3363        ,  3.151200000000000e+00,  2.639820471174530e+00,  2.627722772277228e-02
3231        ,  1.677200000000000e+00,  1.679650435398318e+00,  1.616489361702127e-02
5651        ,  5.059999999999998e-01,  4.903693365005158e-01,  3.639603960396039e-03
3608        ,  1.196200000000000e+00,  9.135656086923463e-01,  8.096629213483147e-03
3191        ,  0.000000000000000e+00,  1.447875323078253e-01,  0.000000000000000e+00
3411        ,  0.000000000000000e+00,  1.447875323078253e-01,  0.000000000000000e+00
5766        ,  2.967000000000000e+00,  2.583320290456411e+00,  2.568217821782178e-02
3000        ,  0.000000000000000e+00,  1.447875323078253e-01,  0.000000000000000e+00
3728        ,  0.000000000000000e+00,  1.447875323078253e-01,  0.000000000000000e+00
4241        ,  2.871100000000000e+00,  2.505142444238142e+00,  2.485882352941177e-02
3419        ,  4.336800000000000e+00,  3.894955460294288e+00,  3.949607843137255e-02
3998        ,  5.336600000000000e+00,  4.850202614702108e+00,  4.955656565656566e-02
3631        ,  3.243400000000000e+00,  3.336248655467091e+00,  3.361188118811882e-02
5209        ,  1.572700000000000e+00,  1.292359950292866e+00,  1.208602150537634e-02
3928        ,  1.122600000000000e+00,  1.261423459850509e+00,  1.176020408163265e-02
4307        ,  0.000000000000000e+00,  1.447875323078253e-01,  0.000000000000000e+00
4270        ,  7.806999999999999e-01,  9.372002166223488e-01,  8.345544554455443e-03
5623        ,  3.708000000000000e+00,  4.093125452408154e+00,  4.158316831683168e-02
3230        ,  0.000000000000000e+00,  1.447875323078253e-01,  0.000000000000000e+00
3801        ,  0.000000000000000e+00,  1.447875323078253e-01,  0.000000000000000e+00
4963        ,  4.657000000000000e+00,  5.020351622223702e+00,  5.134854368932039e-02
4299        ,  3.159100000000000e+00,  2.498617024521260e+00,  2.479009900990099e-02
5627        ,  1.765000000000000e+00,  1.524598473815962e+00,  1.453191489361702e-02
3873        ,  3.645000000000000e+00,  3.559498436629402e+00,  3.596310679611650e-02
3285        ,  0.000000000000000e+00,  1.447875323078253e-01,  0.000000000000000e+00
5770        ,  1.462100000000000e+00,  1.052876870825991e+00,  9.563829787234043e-03
5131        ,  2.770000000000028e-02,  1.790072757044900e-01,  3.603960396039604e-04
4434        ,  1.092800000000000e+00,  6.317340753078051e-01,  5.128431372549020e-03
5901        ,  2.864800000000001e+00,  4.014062803516411e+00,  4.075049504950495e-02
2996        ,  0.000000000000000e+00,  1.447875323078253e-01,  0.000000000000000e+00
4165        ,  0.000000000000000e+00,  1.447875323078253e-01,  0.000000000000000e+00
5130        ,  3.741200000000000e+00,  2.996025437465637e+00,  3.002871287128714e-02
3586        ,  2.156900000000000e+00,  2.099246296202647e+00,  2.058400000000000e-02
4710        ,  0.000000000000000e+00,  1.447875323078253e-01,  0.000000000000000e+00
3538        ,  1.800000000000246e-03,  1.447875323078253e-01,  0.000000000000000e+00
4802        ,  0.000000000000000e+00,  1.447875323078253e-01,  0.000000000000000e+00
5019        ,  1.267900000000000e+00,  1.366290691423489e+00,  1.286464646464647e-02
5160        ,  4.105000000000000e+00,  3.979928609478237e+00,  4.039100000000000e-02
3607        ,  1.498500000000000e+00,  1.418285374530908e+00,  1.341224489795918e-02
5248        ,  3.171000000000000e+00,  2.903049266533489e+00,  2.904950495049505e-02
5521        ,  0.000000000000000e+00,  1.447875323078253e-01,  0.000000000000000e+00
3227        ,  0.000000000000000e+00,  2.899404110008847e-01,  1.528723404255319e-03
3841        ,  1.915000000000000e+00,  1.629679968984525e+00,  1.563861386138614e-02
5075        ,  0.000000000000000e+00,  1.447875323078253e-01,  0.000000000000000e+00
4794        ,  8.492000000000002e-01,  1.864842857398086e+00,  1.811530612244898e-02
5039        ,  8.927999999999998e-01,  1.447875323078253e-01,  0.000000000000000e+00
5729        ,  3.487600000000000e+00,  3.148886159341946e+00,  3.163861386138614e-02
3858        ,  3.167000000000000e-01,  3.179544755403977e-01,  1.823762376237624e-03
4893        ,  2.208000000000006e-01,  2.760258888510777e-01,  1.382178217821782e-03
3367        ,  2.085999999999997e-01,  4.158615780382670e-01,  2.854901960784313e-03
4738        ,  4.309900000000000e+00,  3.742185062024229e+00,  3.788712871287129e-02
3369        ,  0.000000000000000e+00,  1.447875323078253e-01,  0.000000000000000e+00
5429        ,  3.010400000000000e+00,  2.737591166593572e+00,  2.730693069306931e-02
5431        ,  0.000000000000000e+00,  1.447875323078253e-01,  0.000000000000000e+00
3120        ,  0.000000000000000e+00,  1.447875323078253e-01,  0.000000000000000e+00
3238        ,  0.000000000000000e+00,  1.447875323078253e-01,  0.000000000000000e+00
4457        ,  5.621100000000000e+00,  5.145723006864849e+00,  5.266893203883496e-02
4172        ,  2.572000000000000e+00,  1.823130571105186e+00,  1.767599999999999e-02
5121        ,  2.568900000000000e+00,  2.704538256722553e+00,  2.695882352941176e-02
3211        ,  1.219999999999999e-02,  1.447875323078253e-01,  0.000000000000000e+00
4993        ,  7.869999999999999e-01,  7.578167292663721e-01,  6.456310679611651e-03
3662        ,  2.304500000000000e+00,  2.359199773265068e+00,  2.332178217821782e-02
4731        ,  1.348900000000000e+00,  1.263321892015288e+00,  1.178019801980198e-02
5174        ,  1.404900000000000e+00,  1.326402792617381e+00,  1.244455445544554e-02
3810        ,  2.148500000000000e+00,  2.260564983320228e+00,  2.228297872340425e-02
4712        ,  1.100500000000000e+00,  1.121142962307020e+00,  1.028279569892473e-02
3573        ,  2.447999999999999e-01,  6.497417707118647e-01,  5.318085106382982e-03
3627        ,  2.072800000000000e+00,  1.683179574038316e+00,  1.620206185567009e-02
2981        ,  2.159200000000000e+00,  1.446652287057238e+00,  1.371100000000000e-02
5874        ,  4.438800000000000e+00,  4.992327430362740e+00,  5.105339805825242e-02
3765        ,  2.134000000000000e+00,  2.005623296532237e+00,  1.959797979797980e-02
5382        ,  5.297999999999998e-01,  8.050217572385290e-01,  6.953465346534655e-03
3086        ,  1.589400000000000e+00,  1.429438063943603e+00,  1.352970297029703e-02
4089        ,  4.025900000000000e+00,  4.063352764115156e+00,  4.126960784313725e-02
5467        ,  0.000000000000000e+00,  1.244090788269249e+00,  1.157765957446808e-02
5145        ,  8.130000000000002e-01,  9.114634624288882e-01,  8.074489795918363e-03
4547        ,  3.463000000000000e+00,  2.268447885653705e+00,  2.236600000000000e-02
3277        ,  1.579500000000000e+00,  1.696216247580407e+00,  1.633936170212766e-02
3729        ,  9.948000000000000e-01,  6.706269032229789e-01,  5.538043478260870e-03
3200        ,  0.000000000000000e+00,  1.229478189754850e+00,  1.142376237623762e-02
4602        ,  3.186700000000000e+00,  3.038612096143353e+00,  3.047722772277228e-02
3857        ,  2.970300000000000e+00,  3.004150612016257e+00,  3.011428571428571e-02
4247        ,  1.700000000000035e-03,  8.901970129503356e-01,  7.850515463917525e-03
3141        ,  3.993400000000000e+00,  3.777814959681745e+00,  3.826237623762376e-02
4669        ,  0.000000000000000e+00,  1.447875323078253e-01,  0.000000000000000e+00
4404        ,  2.805900000000000e+00,  2.210569514171314e+00,  2.175643564356436e-02
3672        ,  0.000000000000000e+00,  1.447875323078253e-01,  0.000000000000000e+00
3412        ,  4.977500000000000e+00,  4.916955613975388e+00,  5.025959595959596e-02
3103        ,  0.000000000000000e+00,  1.447875323078253e-01,  0.000000000000000e+00
3209        ,  2.847000000000008e-01,  1.447875323078253e-01,  0.000000000000000e+00
3495        ,  1.237600000000000e+00,  4.684356252804748e-01,  3.408602150537634e-03
4701        ,  2.185200000000000e+00,  2.117819698097867e+00,  2.077961165048544e-02
3533        ,  0.000000000000000e+00,  1.447875323078253e-01,  0.000000000000000e+00
5819        ,  0.000000000000000e+00,  1.447875323078253e-01,  0.000000000000000e+00
5012        ,  0.000000000000000e+00,  1.447875323078253e-01,  0.000000000000000e+00
3799        ,  3.415900000000000e+00,  2.962300630564446e+00,  2.967352941176470e-02
4895        ,  2.159000000000000e-01,  8.335169458381650e-01,  7.253571428571428e-03
4502        ,  7.188000000000000e+00,  6.479467756194007e+00,  6.671568627450980e-02
3595        ,  1.518500000000000e+00,  1.705364962670515e+00,  1.643571428571429e-02
3558        ,  0.000000000000000e+00,  1.447875323078253e-01,  0.000000000000000e+00
3681        ,  1.421999999999999e-01,  1.447875323078253e-01,  0.000000000000000e+00
3032        ,  1.967300000000000e+00,  1.447875323078253e-01,  0.000000000000000e+00
3313        ,  3.882800000000000e+00,  3.421620334521885e+00,  3.451100000000000e-02
4814        ,  2.224100000000000e+00,  2.212770084995205e+00,  2.177961165048543e-02
4123        ,  0.000000000000000e+00,  1.447875323078253e-01,  0.000000000000000e+00
3278        ,  1.245800000000000e+00,  9.605440821032416e-01,  8.591397849462366e-03
3829        ,  0.000000000000000e+00,  1.447875323078253e-01,  0.000000000000000e+00
5245        ,  1.697300000000000e+00,  1.848629920552745e+00,  1.794455445544554e-02
4792        ,  3.406700000000000e+00,  2.665767309574199e+00,  2.655049504950495e-02
3112        ,  0.000000000000000e+00,  1.447875323078253e-01,  0.000000000000000e+00
5317        ,  4.574800000000001e+00,  4.243191504931141e+00,  4.316363636363636e-02
3985        ,  2.974100000000000e+00,  2.639401532141695e+00,  2.627281553398058e-02
4326        ,  3.563700000000000e+00,  4.181138070261870e+00,  4.251010101010101e-02
4136        ,  0.000000000000000e+00,  1.447875323078253e-01,  0.000000000000000e+00
4528        ,  4.040300000000000e+00,  3.852177094370651e+00,  3.904554455445545e-02
3390        ,  0.000000000000000e+00,  1.447875323078253e-01,  0.000000000000000e+00
4287        ,  1.774800000000000e+00,  1.774925857852236e+00,  1.716831683168317e-02
3348        ,  0.000000000000000e+00,  1.447875323078253e-01,  0.000000000000000e+00
3265        ,  0.000000000000000e+00,  1.447875323078253e-01,  0.000000000000000e+00
4984        ,  0.000000000000000e+00,  1.447875323078253e-01,  0.000000000000000e+00
4950        ,  1.466200000000001e+00,  9.929483150680144e-01,  8.932673267326734e-03
3295        ,  0.000000000000000e+00,  1.447875323078253e-01,  0.000000000000000e+00
3054        ,  2.297200000000000e+00,  1.395500351399108e+00,  1.317227722772277e-02
4218        ,  2.750400000000000e+00,  2.777639547601757e+00,  2.772871287128713e-02
3173        ,  0.000000000000000e+00,  1.447875323078253e-01,  0.000000000000000e+00
3046        ,  0.000000000000000e+00,  1.447875323078253e-01,  0.000000000000000e+00
3952        ,  2.400100000000000e+00,  2.525785996613667e+00,  2.507623762376238e-02
4639        ,  4.481400000000000e+00,  4.706093497046004e+00,  4.803883495145631e-02
5526        ,  0.000000000000000e+00,  1.447875323078253e-01,  0.000000000000000e+00
3779        ,  3.920900000000000e+00,  3.505467166769279e+00,  3.539405940594059e-02
3755        ,  1.748400000000000e+00,  1.491614721298016e+00,  1.418453608247423e-02
3024        ,  0.000000000000000e+00,  1.447875323078253e-01,  0.000000000000000e+00
4671        ,  1.044100000000000e+00,  8.637675238139633e-01,  7.572164948453610e-03
3101        ,  0.000000000000000e+00,  1.447875323078253e-01,  0.000000000000000e+00
4636        ,  3.054200000000000e+00,  2.485637216272995e+00,  2.465339805825243e-02
5348        ,  7.317000000000000e-01,  4.331477290373519e-01,  3.036956521739129e-03
3597        ,  2.477700000000000e+00,  2.176018734561641e+00,  2.139255319148936e-02
3812        ,  9.600000000000053e-03,  1.447875323078253e-01,  0.000000000000000e+00
5480        ,  2.703000000000000e+00,  2.103585810914708e+00,  2.062970297029703e-02
3623        ,  2.059900000000000e+00,  1.978754255229924e+00,  1.931500000000000e-02
4290        ,  4.068000000000001e-01,  5.243870577973998e-01,  3.997872340425541e-03
4253        ,  0.000000000000000e+00,  1.447875323078253e-01,  0.000000000000000e+00
3734        ,  1.765000000000000e+00,  1.868568647162240e+00,  1.815454545454545e-02
3436        ,  6.292000000000000e-01,  2.276824206440415e-01,  8.730337078651696e-04
3114        ,  0.000000000000000e+00,  1.447875323078253e-01,  0.000000000000000e+00
3384        ,  0.000000000000000e+00,  1.447875323078253e-01,  0.000000000000000e+00
3721        ,  1.803700000000000e+00,  1.640783628090342e+00,  1.575555555555556e-02
3643        ,  1.559600000000000e+00,  1.267121307644349e+00,  1.182021276595745e-02
5734        ,  1.483100000000000e+00,  1.662680579016666e+00,  1.598617021276596e-02
3284        ,  0.000000000000000e+00,  1.447875323078253e-01,  0.000000000000000e+00
5474        ,  0.000000000000000e+00,  1.447875323078253e-01,  0.000000000000000e+00
4804        ,  4.575000000000000e-01,  4.725683892034258e-01,  3.452127659574468e-03
3561        ,  0.000000000000000e+00,  1.447875323078253e-01,  0.000000000000000e+00
4742        ,  2.144300000000000e+00,  1.618916266259439e+00,  1.552525252525253e-02
4617        ,  2.861800000000000e+00,  2.754889058860019e+00,  2.748910891089109e-02
4006        ,  0.000000000000000e+00,  3.851243180673258e-01,  2.531182795698923e-03
3091        ,  0.000000000000000e+00,  1.447875323078253e-01,  0.000000000000000e+00
5334        ,  2.209999999999979e-02,  1.447875323078253e-01,  0.000000000000000e+00
3448        ,  1.538000000000000e+00,  1.026396769790106e+00,  9.284946236559141e-03
4598        ,  2.164400000000000e+00,  2.167040872447348e+00,  2.129800000000000e-02
5193        ,  3.476700000000000e+00,  3.349653754542696e+00,  3.375306122448980e-02
5683        ,  0.000000000000000e+00,  1.447875323078253e-01,  0.000000000000000e+00
3457        ,  2.942700000000000e+00,  2.788074689132059e+00,  2.783861386138614e-02
5907        ,  7.605000000000004e-01,  8.156449193369442e-01,  7.065346534653467e-03
4222        ,  2.760500000000000e+00,  2.496671380309066e+00,  2.476960784313725e-02
3600        ,  1.261000000000001e-01,  2.847194661292567e-01,  1.473737373737371e-03
5621        ,  2.851700000000000e+00,  3.106750168520790e+00,  3.119484536082474e-02
3042        ,  0.000000000000000e+00,  1.447875323078253e-01,  0.000000000000000e+00
4291        ,  4.773200000000000e+00,  4.410917634089423e+00,  4.493009708737864e-02
4152        ,  0.000000000000000e+00,  1.447875323078253e-01,  0.000000000000000e+00
4856        ,  4.825800000000000e+00,  3.672805472390332e+00,  3.715643564356436e-02
5533        ,  0.000000000000000e+00,  1.447875323078253e-01,  0.000000000000000e+00
3906        ,  1.246300000000000e+00,  1.406504608950097e+00,  1.328817204301075e-02
5195        ,  2.369000000000003e-01,  2.898026686601248e-01,  1.527272727272730e-03
4210        ,  3.155900000000000e+00,  2.980639087641678e+00,  2.986666666666666e-02
4295        ,  1.103200000000000e+00,  1.095220263761731e+00,  1.000978260869566e-02
3305        ,  0.000000000000000e+00,  1.447875323078253e-01,  0.000000000000000e+00
4705        ,  2.014900000000000e+00,  1.928092840035370e+00,  1.878144329896907e-02
4589        ,  1.158500000000000e+00,  1.333889611622157e+00,  1.252340425531915e-02
3639        ,  3.916900000000000e+00,  4.076747583115779e+00,  4.141067961165049e-02
4178        ,  2.596900000000000e+00,  2.157827919373056e+00,  2.120097087378641e-02
5841        ,  3.369700000000000e+00,  3.246468834192874e+00,  3.266633663366337e-02
3678        ,  5.503999999999998e-01,  3.578643682806705e-01,  2.244086021505375e-03
3612        ,  2.530999999999999e-01,  4.168154964188612e-01,  2.864948453608250e-03
3113        ,  1.532700000000000e+00,  9.736762068363761e-01,  8.729702970297029e-03
5665        ,  1.656300000000000e+00,  1.390987857764383e+00,  1.312475247524753e-02
5148        ,  0.000000000000000e+00,  1.447875323078253e-01,  0.000000000000000e+00
3800        ,  1.905300000000000e+00,  2.144604298045606e+00,  2.106170212765958e-02
4490        ,  2.250200000000000e+00,  1.706110329922680e+00,  1.644356435643565e-02
3316        ,  0.000000000000000e+00,  1.447875323078253e-01,  0.000000000000000e+00
5123        ,  5.819999999999992e-02,  9.394850351927090e-01,  8.369607843137254e-03
4048        ,  5.700300000000000e+00,  5.007077005026404e+00,  5.120873786407767e-02
3184        ,  0.000000000000000e+00,  1.447875323078253e-01,  0.000000000000000e+00
3675        ,  1.858500000000000e+00,  1.958437809043798e+00,  1.910103092783505e-02
4019        ,  1.387000000000000e-01,  1.447875323078253e-01,  0.000000000000000e+00
4708        ,  4.946400000000000e+00,  4.339620417205009e+00,  4.417920792079209e-02
5747        ,  9.680999999999997e-01,  1.447875323078253e-01,  0.000000000000000e+00
4546        ,  3.642200000000000e+00,  5.057778667932749e+00,  5.174271844660194e-02
5820        ,  0.000000000000000e+00,  1.447875323078253e-01,  0.000000000000000e+00
5746        ,  1.736800000000000e+00,  2.398748099570824e+00,  2.373829787234043e-02
4331        ,  3.055899999999999e+00,  1.447875323078253e-01,  0.000000000000000e+00
5168        ,  0.000000000000000e+00,  1.447875323078253e-01,  0.000000000000000e+00
5757        ,  5.346700000000000e+00,  5.641032161039024e+00,  5.788543689320388e-02
5186        ,  0.000000000000000e+00,  1.447875323078253e-01,  0.000000000000000e+00
5181        ,  0.000000000000000e+00,  1.447875323078253e-01,  0.000000000000000e+00
3006        ,  1.215300000000000e+00,  8.050967654438934e-01,  6.954255319148938e-03
3465        ,  1.376900000000000e+00,  1.338624129544762e+00,  1.257326732673267e-02
3925        ,  4.481500000000000e+00,  4.607547901324398e+00,  4.700097087378641e-02
3059        ,  0.000000000000000e+00,  1.447875323078253e-01,  0.000000000000000e+00
4527        ,  2.819700000000000e+00,  2.430365558296044e+00,  2.407128712871287e-02
3674        ,  4.303999999999999e-01,  3.393326185050906e-01,  2.048913043478265e-03
3966        ,  1.750200000000000e+00,  9.926325631356935e-01,  8.929347826086960e-03
4508        ,  4.478999999999997e-01,  1.447875323078253e-01,  0.000000000000000e+00
3441        ,  2.360700000000000e+00,  2.114077174281553e+00,  2.074019607843137e-02
5065        ,  7.812999999999999e-01,  7.685457670245016e-01,  6.569306930693069e-03
5275        ,  0.000000000000000e+00,  1.447875323078253e-01,  0.000000000000000e+00
5366        ,  4.962000000000000e-01,  4.134769250173160e-01,  2.829787234042553e-03
3896        ,  5.040999999999999e+00,  4.516561462617918e+00,  4.604271844660194e-02
4177        ,  2.914400000000000e+00,  2.810637157305683e+00,  2.807623762376237e-02
4213        ,  0.000000000000000e+00,  1.447875323078253e-01,  0.000000000000000e+00
4686        ,  5.896000000000001e-01,  2.034401242614759e+00,  1.990106382978724e-02
5490        ,  2.288300000000000e+00,  2.173695480414152e+00,  2.136808510638298e-02
4550        ,  0.000000000000000e+00,  1.447875323078253e-01,  0.000000000000000e+00
4661        ,  5.475600000000000e+00,  5.085276754384307e+00,  5.203232323232324e-02
5656        ,  2.185500000000000e+00,  2.220460535572681e+00,  2.186060606060606e-02
3424        ,  0.000000000000000e+00,  1.447875323078253e-01,  0.000000000000000e+00
5135        ,  1.470899999999999e+00,  1.447875323078253e-01,  0.000000000000000e+00
3550        ,  2.619400000000000e+00,  1.812812002327115e+00,  1.756732673267327e-02
5684        ,  4.439300000000000e+00,  5.472887009873252e+00,  5.611456310679613e-02
3012        ,  0.000000000000000e+00,  1.447875323078253e-01,  0.000000000000000e+00
3826        ,  3.180200000000001e+00,  3.201124220753288e+00,  3.218877551020408e-02
3531        ,  4.588000000000001e-01,  4.949808947356448e-01,  3.688172043010752e-03
4370        ,  8.121000000000000e-01,  9.943537213347216e-01,  8.947474747474747e-03
4032        ,  5.322200000000000e+00,  4.822304238991630e+00,  4.926274509803921e-02
5577        ,  2.700600000000000e+00,  2.621275442480225e+00,  2.608191489361702e-02
4913        ,  1.940700000000000e+00,  1.740049941664832e+00,  1.680101010101010e-02
3362        ,  0.000000000000000e+00,  1.447875323078253e-01,  0.000000000000000e+00
3287        ,  5.146999999999995e-01,  4.937537067265597e-01,  3.675247524752475e-03
5906        ,  0.000000000000000e+00,  3.384457497799184e+00,  3.411960784313726e-02
4511        ,  3.130800000000000e+00,  2.731950549550167e+00,  2.724752475247525e-02
4340        ,  0.000000000000000e+00,  1.447875323078253e-01,  0.000000000000000e+00
3834        ,  0.000000000000000e+00,  1.447875323078253e-01,  0.000000000000000e+00
3022        ,  0.000000000000000e+00,  1.447875323078253e-01,  0.000000000000000e+00
3584        ,  3.670800000000000e+00,  3.945107629242576e+00,  4.002427184466020e-02
4289        ,  4.016000000000002e-01,  3.099636013955721e-01,  1.739603960396039e-03
5632        ,  2.338000000000005e-01,  1.447875323078253e-01,  0.000000000000000e+00
4039        ,  6.776000000000000e-01,  8.269261534237565e-01,  7.184158415841585e-03
5364        ,  0.000000000000000e+00,  1.447875323078253e-01,  0.000000000000000e+00
3560        ,  1.123000000000000e+00,  3.758334737580166e-01,  2.433333333333335e-03
3762        ,  3.050900000000000e+00,  3.049129966723625e+00,  3.058800000000000e-02
3353        ,  1.561700000000000e+00,  1.512954086600717e+00,  1.440927835051547e-02
4694        ,  2.325100000000000e+00,  3.028605933579136e+00,  3.037184466019418e-02
5479        ,  1.344900000000000e+00,  1.101119294271584e+00,  1.007191011235955e-02
4903        ,  1.562900000000000e+00,  1.927073431008075e+00,  1.877070707070707e-02
5805        ,  3.861999999999999e-01,  5.290918817500444e-01,  4.047422680412374e-03
3144        ,  2.984600000000000e+00,  2.440894710110403e+00,  2.418217821782178e-02
4227        ,  4.606999999999999e-01,  1.048830306948549e+00,  9.521212121212123e-03
4874        ,  2.149500000000000e+00,  1.339000170680989e+00,  1.257722772277228e-02
3245        ,  0.000000000000000e+00,  1.447875323078253e-01,  0.000000000000000e+00
5437        ,  3.014500000000000e+00,  2.971861886928488e+00,  2.977422680412371e-02
5916        ,  9.017999999999997e-01,  1.048602403229623e+00,  9.518811881188121e-03
3972        ,  9.501000000000001e-01,  6.246443263051292e-01,  5.053763440860217e-03
4236        ,  1.189800000000000e+00,  1.403791298773852e+00,  1.325959595959596e-02
5331        ,  1.814300000000000e+00,  1.197890734311775e+00,  1.109108910891089e-02
3784        ,  2.679300000000000e+00,  2.559159647453821e+00,  2.542772277227723e-02
3934        ,  1.132800000000000e+00,  9.907860785347085e-01,  8.909900990099010e-03
3823        ,  1.302100000000000e+00,  1.389748722211762e+00,  1.311170212765957e-02
4080        ,  2.228600000000000e+00,  2.682288178064257e+00,  2.672448979591837e-02
3187        ,  0.000000000000000e+00,  1.447875323078253e-01,  0.000000000000000e+00
4131        ,  8.060000000000000e-01,  5.655300531722693e-01,  4.431182795698921e-03
4086        ,  1.453300000000000e+00,  7.393385719649911e-01,  6.261702127659570e-03
3601        ,  2.851500000000000e+00,  2.916693535818584e+00,  2.919320388349515e-02
3444        ,  2.131800000000000e+00,  2.174180749994040e+00,  2.137319587628866e-02
4129        ,  2.116100000000000e+00,  1.995944035669705e+00,  1.949603960396040e-02
4735        ,  0.000000000000000e+00,  1.447875323078253e-01,  0.000000000000000e+00
4586        ,  1.556100000000000e+00,  1.847948108593626e+00,  1.793737373737373e-02
3064        ,  0.000000000000000e+00,  2.042830406934982e-01,  6.265957446808506e-04
5408        ,  2.319000000000000e+00,  1.546292847026169e+00,  1.476039603960396e-02
4861        ,  0.000000000000000e+00,  1.447875323078253e-01,  0.000000000000000e+00
2990        ,  0.000000000000000e+00,  1.447875323078253e-01,  0.000000000000000e+00
4891        ,  2.943400000000000e+00,  1.447875323078253e-01,  0.000000000000000e+00
3434        ,  0.000000000000000e+00,  1.447875323078253e-01,  0.000000000000000e+00
5588        ,  0.000000000000000e+00,  1.447875323078253e-01,  0.000000000000000e+00
4890        ,  2.595300000000000e+00,  2.822388442812780e+00,  2.820000000000000e-02
4512        ,  7.999000000000001e-01,  4.887404644359400e-01,  3.622448979591832e-03
5514        ,  0.000000000000000e+00,  1.447875323078253e-01,  0.000000000000000e+00
5517        ,  1.991000000000000e+00,  1.712973080658824e+00,  1.651584158415842e-02
3963        ,  0.000000000000000e+00,  1.447875323078253e-01,  0.000000000000000e+00
5146        ,  3.059299999999999e+00,  3.110529963446784e+00,  3.123465346534654e-02
4277        ,  2.930600000000000e+00,  2.591781216021520e+00,  2.577128712871287e-02
3758        ,  0.000000000000000e+00,  1.447875323078253e-01,  0.000000000000000e+00
4125        ,  1.822700000000000e+00,  1.603387092730775e+00,  1.536170212765958e-02
3651        ,  2.001500000000000e+00,  2.037771536032082e+00,  1.993655913978494e-02
3822        ,  1.651400000000000e+00,  1.156918252213500e+00,  1.065957446808510e-02
3521        ,  0.000000000000000e+00,  1.447875323078253e-01,  0.000000000000000e+00
3018        ,  0.000000000000000e+00,  1.908485710580240e-01,  4.851063829787267e-04
4198        ,  4.097700000000001e+00,  3.776070128809651e+00,  3.824400000000000e-02
3040        ,  0.000000000000000e+00,  1.447875323078253e-01,  0.000000000000000e+00
4677        ,  0.000000000000000e+00,  1.671420535105731e+00,  1.607821782178218e-02
3661        ,  4.347600000000000e+00,  4.142936299418972e+00,  4.210776699029126e-02
4706        ,  3.862500000000000e+00,  3.960716328616031e+00,  4.018865979381443e-02
3870        ,  1.333400000000000e+00,  5.917124227137152e-01,  4.706930693069307e-03
4345        ,  1.651000000000000e+00,  1.401426836449136e+00,  1.323469387755102e-02
5042        ,  3.263400000000000e+00,  3.068977417893690e+00,  3.079702970297029e-02
3404        ,  2.820000000000000e-02,  1.447875323078253e-01,  0.000000000000000e+00
4400        ,  2.935200000000000e+00,  2.136625405794039e+00,  2.097766990291262e-02
3787        ,  0.000000000000000e+00,  1.447875323078253e-01,  0.000000000000000e+00
3249        ,  0.000000000000000e+00,  1.447875323078253e-01,  0.000000000000000e+00
4790        ,  1.588000000000000e+00,  6.676272433844618e-01,  5.506451612903224e-03
4553        ,  3.322600000000000e+00,  3.217513666703389e+00,  3.236138613861386e-02
4068        ,  6.594600000000000e+00,  5.749902459025196e+00,  5.903203883495146e-02
3957        ,  2.369100000000000e+00,  1.755089687916258e+00,  1.695940594059406e-02
5733        ,  3.228000000000000e-01,  4.917692722522307e-01,  3.654347826086955e-03
4717        ,  0.000000000000000e+00,  1.447875323078253e-01,  0.000000000000000e+00
4841        ,  4.640900000000000e+00,  3.967692915446312e+00,  4.026213592233010e-02
3304        ,  2.330000000000010e-02,  3.279588126622062e-01,  1.929126213592234e-03
4866        ,  4.522399999999999e+00,  4.064394814334960e+00,  4.128058252427184e-02
5817        ,  3.843800000000000e+00,  3.864732690085788e+00,  3.917777777777778e-02
3288        ,  0.000000000000000e+00,  1.447875323078253e-01,  0.000000000000000e+00
3496        ,  4.153700000000000e+00,  3.986037698934243e+00,  4.045533980582524e-02
3796        ,  3.416900000000000e+00,  2.978180825197734e+00,  2.984077669902913e-02
5409        ,  5.116999999999998e-01,  1.447875323078253e-01,  0.000000000000000e+00
5518        ,  0.000000000000000e+00,  1.447875323078253e-01,  0.000000000000000e+00
5282        ,  3.805300000000000e+00,  3.714270459345528e+00,  3.759313725490196e-02
3828        ,  3.228500000000000e+00,  3.223530324883022e+00,  3.242475247524752e-02
5063        ,  0.000000000000000e+00,  1.447875323078253e-01,  0.000000000000000e+00
3767        ,  0.000000000000000e+00,  1.447875323078253e-01,  0.000000000000000e+00
3252        ,  4.925999999999999e-01,  3.004857473814184e-01,  1.639784946236558e-03
5068        ,  2.732000000000000e+00,  2.490806797588936e+00,  2.470784313725490e-02
4141        ,  3.190800000000000e+00,  3.412114954700905e+00,  3.441089108910891e-02
5266        ,  2.960300000000000e+00,  2.999879859111964e+00,  3.006930693069307e-02
5838        ,  1.495700000000000e+00,  1.830863977084825e+00,  1.775744680851064e-02
5692        ,  2.643300000000000e+00,  2.347636508326086e+00,  2.320000000000000e-02
3463        ,  1.951400000000000e+00,  2.063523850643271e+00,  2.020777777777778e-02
4422        ,  4.267999999999996e-01,  6.636302900171454e-01,  5.464356435643567e-03
3366        ,  0.000000000000000e+00,  1.447875323078253e-01,  0.000000000000000e+00
3028        ,  0.000000000000000e+00,  1.447875323078253e-01,  0.000000000000000e+00
3709        ,  2.167100000000000e+00,  1.826378261889675e+00,  1.771020408163265e-02
5803        ,  2.048100000000000e+00,  2.200754073084897e+00,  2.165306122448980e-02
3373        ,  0.000000000000000e+00,  1.447875323078253e-01,  0.000000000000000e+00
3043        ,  8.247000000000004e-01,  1.021151400285045e+00,  9.229702970297030e-03
4325        ,  2.300000000000000e-01,  4.537546166914218e+00,  4.626372549019608e-02
4983        ,  0.000000000000000e+00,  3.476149783185340e+00,  3.508529411764706e-02
3757        ,  1.403600000000000e+00,  1.395129106705945e+00,  1.316836734693877e-02
5375        ,  2.877700000000000e+00,  2.726608392340610e+00,  2.719126213592233e-02
5835        ,  0.000000000000000e+00,  1.447875323078253e-01,  0.000000000000000e+00
4208        ,  9.359000000000002e-01,  6.855346862023728e-01,  5.695049504950495e-03
5614        ,  1.138500000000000e+00,  1.160944692677464e+00,  1.070198019801980e-02
4094        ,  1.604600000000000e+00,  1.299609861661202e+00,  1.216237623762377e-02
5417        ,  2.387700000000000e+00,  2.391727331548712e+00,  2.366435643564357e-02
5560        ,  3.030600000000000e+00,  2.460542859478268e+00,  2.438910891089109e-02
4436        ,  1.310000000000011e-02,  1.447875323078253e-01,  0.000000000000000e+00
3260        ,  0.000000000000000e+00,  1.447875323078253e-01,  0.000000000000000e+00
4778        ,  3.289100000000000e+00,  2.989820758717889e+00,  2.996336633663366e-02
4478        ,  0.000000000000000e+00,  1.447875323078253e-01,  0.000000000000000e+00
5362        ,  1.485500000000000e+00,  1.109521067298410e+00,  1.016039603960396e-02
4615        ,  0.000000000000000e+00,  1.447875323078253e-01,  0.000000000000000e+00
4697        ,  9.560000000000013e-02,  1.447875323078253e-01,  0.000000000000000e+00
3244        ,  0.000000000000000e+00,  1.447875323078253e-01,  0.000000000000000e+00
5599        ,  1.938499999999999e+00,  1.994753884857110e+00,  1.948350515463918e-02
3817        ,  2.727700000000000e+00,  2.727438055915441e+00,  2.720000000000000e-02
5219        ,  2.218200000000000e+00,  1.984299761868929e+00,  1.937340425531915e-02
5330        ,  5.059900000000001e+00,  4.613227210588274e+00,  4.706078431372549e-02
3165        ,  1.235000000000000e+00,  1.616208908389738e+00,  1.549673913043478e-02
3983        ,  0.000000000000000e+00,  1.447875323078253e-01,  0.000000000000000e+00
5497        ,  0.000000000000000e+00,  1.180404821477215e+00,  1.090693069306930e-02
5238        ,  2.869999999999995e-02,  1.447875323078253e-01,  0.000000000000000e+00
3241        ,  3.769000000000000e-01,  7.827413199170744e-01,  6.718811881188122e-03
5796        ,  1.643200000000000e+00,  1.419849014969812e+00,  1.342871287128713e-02
3337        ,  0.000000000000000e+00,  1.447875323078253e-01,  0.000000000000000e+00
5704        ,  2.854299999999999e+00,  3.139052877465245e+00,  3.153505154639175e-02
2997        ,  0.000000000000000e+00,  1.447875323078253e-01,  0.000000000000000e+00
5034        ,  2.416000000000000e-01,  1.447875323078253e-01,  0.000000000000000e+00
3732        ,  0.000000000000000e+00,  1.447875323078253e-01,  0.000000000000000e+00
4663        ,  1.831000000000000e+00,  1.416735164132584e+00,  1.339591836734694e-02
5472        ,  0.000000000000000e+00,  1.447875323078253e-01,  0.000000000000000e+00
5698        ,  2.943900000000000e+00,  2.883401117165624e+00,  2.884257425742574e-02
4062        ,  5.457999999999998e-01,  3.187701530050079e-01,  1.832352941176471e-03
3569        ,  2.146999999999997e-01,  1.447875323078253e-01,  0.000000000000000e+00
3433        ,  0.000000000000000e+00,  1.447875323078253e-01,  0.000000000000000e+00
3240        ,  1.162500000000000e+00,  1.228690247889509e+00,  1.141546391752578e-02
3761        ,  3.577100000000000e+00,  2.943962173487216e+00,  2.948039215686275e-02
4096        ,  3.949999999999998e-02,  1.363818885671976e+00,  1.283861386138614e-02
5695        ,  2.888000000000000e+00,  1.966800847612106e+00,  1.918910891089109e-02
3785        ,  1.859500000000000e+00,  1.707731507267957e+00,  1.646063829787234e-02
5548        ,  0.000000000000000e+00,  1.447875323078253e-01,  0.000000000000000e+00
3232        ,  9.213999999999998e-01,  9.060210886756820e-01,  8.017171717171716e-03
3655        ,  2.189700000000000e+00,  1.783292773133288e+00,  1.725643564356435e-02
4773        ,  2.457200000000000e+00,  2.128144400362432e+00,  2.088834951456311e-02
5682        ,  3.568200000000000e+00,  3.319541293819914e+00,  3.343592233009709e-02
3749        ,  2.032700000000000e+00,  2.058340861438875e+00,  2.015319148936170e-02
3296        ,  6.007300000000000e+00,  5.821316504223778e+00,  5.978415841584158e-02
5247        ,  0.000000000000000e+00,  1.447875323078253e-01,  0.000000000000000e+00
4033        ,  5.497999999999998e-01,  8.543963421405898e-01,  7.473469387755099e-03
3229        ,  5.016000000000003e-01,  6.372164005254067e-01,  5.186170212765955e-03
4329        ,  2.076200000000000e+00,  1.628241995353901e+00,  1.562346938775510e-02
4634        ,  1.984300000000000e+00,  1.713631152647221e+00,  1.652277227722772e-02
3459        ,  2.935700000000000e+00,  2.686637592634803e+00,  2.677029702970297e-02
5562        ,  3.304500000000000e+00,  3.217492674115687e+00,  3.236116504854369e-02
3652        ,  1.815100000000000e+00,  1.725711474148516e+00,  1.665000000000000e-02
3196        ,  0.000000000000000e+00,  1.447875323078253e-01,  0.000000000000000e+00
5376        ,  2.012700000000000e+00,  2.038812725199593e+00,  1.994752475247525e-02
4509        ,  2.598600000000000e+00,  1.326120761765211e+00,  1.244158415841584e-02
3405        ,  2.360100000000000e+00,  2.161273101886407e+00,  2.123725490196078e-02
5687        ,  3.023600000000000e+00,  2.847677209224052e+00,  2.846633663366337e-02
3624        ,  1.820700000000000e+00,  1.672625576019550e+00,  1.609090909090909e-02
4558        ,  0.000000000000000e+00,  1.447875323078253e-01,  0.000000000000000e+00
3358        ,  0.000000000000000e+00,  1.447875323078253e-01,  0.000000000000000e+00
4098        ,  2.567200000000000e+00,  3.620985726008553e+00,  3.661067961165049e-02
2987        ,  0.000000000000000e+00,  1.447875323078253e-01,  0.000000000000000e+00
3182        ,  0.000000000000000e+00,  1.447875323078253e-01,  0.000000000000000e+00
4229        ,  6.249999999999996e-01,  3.829155818236266e-01,  2.507920792079209e-03
5741        ,  1.094500000000000e+00,  1.213909311372500e+00,  1.125979381443299e-02
4769        ,  1.221900000000000e+00,  1.339243197266370e+00,  1.257978723404255e-02
5485        ,  6.596000000000002e-01,  6.842427716802321e-01,  5.681443298969076e-03
5538        ,  0.000000000000000e+00,  1.447875323078253e-01,  0.000000000000000e+00
3718        ,  0.000000000000000e+00,  1.447875323078253e-01,  0.000000000000000e+00
5220        ,  2.462000000000000e-01,  8.806530307622012e-01,  7.750000000000001e-03
4156        ,  3.097000000000000e+00,  3.080709348342305e+00,  3.092058823529412e-02
5595        ,  1.449800000000000e+00,  1.446189161700739e+00,  1.370612244897960e-02
3518        ,  1.070500000000000e+00,  1.129969728479002e+00,  1.037575757575758e-02
4115        ,  3.576900000000000e+00,  2.380822138598125e+00,  2.354950495049504e-02
4242        ,  5.707000000000000e-01,  7.445230738952558e-01,  6.316304347826089e-03
4813        ,  4.401000000000000e+00,  3.420384061302586e+00,  3.449797979797980e-02
4070        ,  7.039999999999997e-01,  1.447875323078253e-01,  0.000000000000000e+00
4076        ,  3.507100000000000e+00,  3.161789531663464e+00,  3.177450980392157e-02
5496        ,  2.170000000000000e+00,  2.348517491297298e+00,  2.320927835051546e-02
5813        ,  4.605999999999999e-01,  1.447875323078253e-01,  0.000000000000000e+00
5626        ,  2.421200000000000e+00,  2.533952420574639e+00,  2.516224489795918e-02
4416        ,  8.491000000000000e-01,  1.028766233293644e+00,  9.309900990099011e-03
4109        ,  3.027700000000000e+00,  2.815807722928806e+00,  2.813069306930693e-02
4907        ,  3.617400000000000e+00,  3.564599635440987e+00,  3.601683168316831e-02
3926        ,  7.533000000000000e-01,  7.123458126974015e-01,  5.977419354838703e-03
4193        ,  4.166600000000000e+00,  4.019224241927489e+00,  4.080485436893205e-02
3967        ,  2.306200000000000e+00,  2.174119330701930e+00,  2.137254901960784e-02
5159        ,  2.832700000000000e+00,  2.565255122336249e+00,  2.549191919191919e-02
5320        ,  0.000000000000000e+00,  1.447875323078253e-01,  0.000000000000000e+00
3875        ,  2.401300000000000e+00,  2.412033552904974e+00,  2.387821782178218e-02
5355        ,  1.801200000000000e+00,  1.200335001697251e+00,  1.111683168316831e-02
5629        ,  8.353000000000002e-01,  9.067874333693814e-01,  8.025242718446603e-03
3781        ,  1.123700000000000e+00,  1.244090788269249e+00,  1.157765957446808e-02
3148        ,  4.490000000000016e-02,  1.447875323078253e-01,  0.000000000000000e+00
4923        ,  2.503000000000000e+00,  3.838173212931010e+00,  3.889805825242719e-02
3941        ,  1.333200000000000e+00,  1.108129915116251e+00,  1.014574468085106e-02
5524        ,  0.000000000000000e+00,  1.447875323078253e-01,  0.000000000000000e+00
4304        ,  3.197500000000000e+00,  3.599383440541994e+00,  3.638316831683169e-02
4579        ,  0.000000000000000e+00,  1.447875323078253e-01,  0.000000000000000e+00
4652        ,  3.696700000000000e+00,  3.395569144706913e+00,  3.423663366336633e-02
3333        ,  0.000000000000000e+00,  1.447875323078253e-01,  0.000000000000000e+00
3638        ,  3.944000000000000e+00,  3.724878042545738e+00,  3.770485436893204e-02
4414        ,  0.000000000000000e+00,  1.447875323078253e-01,  0.000000000000000e+00
4596        ,  1.153000000000000e-01,  7.689409939329858e-01,  6.573469387755108e-03
4365        ,  4.376200000000001e+00,  4.942271061347929e+00,  5.052621359223301e-02
5703        ,  3.516900000000001e+00,  3.144749706843448e+00,  3.159504950495049e-02
5482        ,  9.074999999999998e-01,  9.499476313009155e-01,  8.479797979797980e-03
4940        ,  4.171100000000000e+00,  4.814595055665586e+00,  4.918155339805826e-02
4040        ,  3.755400000000000e+00,  4.741400291397151e+00,  4.841067961165049e-02
4789        ,  3.575900000000000e+00,  3.489203387627458e+00,  3.522277227722773e-02
4197        ,  1.164100000000000e+00,  9.417127102570746e-01,  8.393069306930699e-03
3154        ,  0.000000000000000e+00,  1.447875323078253e-01,  0.000000000000000e+00
4442        ,  8.890999999999998e-01,  6.995836639208782e-01,  5.843010752688173e-03
3659        ,  1.149999999999984e-02,  1.447875323078253e-01,  0.000000000000000e+00
3802        ,  3.640600000000001e+00,  3.518564679544068e+00,  3.553200000000000e-02
5067        ,  2.608600000000000e+00,  3.713170567656455e+00,  3.758155339805825e-02
5018        ,  1.576900000000000e+00,  1.276013280362952e+00,  1.191386138613862e-02
4723        ,  8.354000000000004e-01,  1.019647235740137e+00,  9.213861386138613e-03
4392        ,  4.559800000000000e+00,  5.269711618881276e+00,  5.397475728155340e-02
3215        ,  2.198300000000000e+00,  1.862879049198597e+00,  1.809462365591398e-02
4996        ,  0.000000000000000e+00,  1.447875323078253e-01,  0.000000000000000e+00
3052        ,  4.224600000000000e+00,  4.088048897069089e+00,  4.152970297029702e-02
4918        ,  1.971800000000000e+00,  1.732782247640872e+00,  1.672446808510638e-02
3617        ,  2.533399999999999e+00,  2.649422119464741e+00,  2.637835051546392e-02
3474        ,  3.947700000000000e+00,  3.592253852534940e+00,  3.630808080808081e-02
3677        ,  0.000000000000000e+00,  1.447875323078253e-01,  0.000000000000000e+00
3637        ,  3.929200000000000e+00,  3.589366325323322e+00,  3.627766990291262e-02
3997        ,  2.932200000000000e+00,  2.810773152765145e+00,  2.807766990291263e-02
5278        ,  1.021200000000000e+00,  1.447875323078253e-01,  0.000000000000000e+00
4114        ,  2.924900000000000e+00,  3.447086780370023e+00,  3.477920792079207e-02
5258        ,  3.733000000000000e-01,  8.891379589530266e-01,  7.839361702127654e-03
3095        ,  0.000000000000000e+00,  1.447875323078253e-01,  0.000000000000000e+00
3011        ,  0.000000000000000e+00,  1.447875323078253e-01,  0.000000000000000e+00
5315        ,  1.127500000000000e+00,  1.250656506512150e+00,  1.164680851063830e-02
5049        ,  3.301000000000000e+00,  3.150954385591195e+00,  3.166039603960396e-02
3790        ,  0.000000000000000e+00,  1.447875323078253e-01,  0.000000000000000e+00
3618        ,  3.023200000000000e+00,  7.367702910133127e-01,  6.234653465346532e-03
3301        ,  1.573000000000000e+00,  1.447875323078253e-01,  0.000000000000000e+00
5077        ,  1.153900000000000e+00,  1.264330104347366e+00,  1.179081632653061e-02
4616        ,  3.628800000000000e+00,  3.182734469949641e+00,  3.199509803921569e-02
3554        ,  3.720300000000000e+00,  3.418037602596482e+00,  3.447326732673268e-02
4917        ,  2.182400000000000e+00,  2.153243458162072e+00,  2.115268817204301e-02
5549        ,  2.207500000000000e+00,  3.238234263486464e+00,  3.257961165048543e-02
3735        ,  4.644100000000000e+00,  4.227008875001859e+00,  4.299320388349515e-02
4467        ,  1.254100000000000e+00,  1.060497231320978e+00,  9.644086021505377e-03
3445        ,  0.000000000000000e+00,  1.447875323078253e-01,  0.000000000000000e+00
4870        ,  2.521100000000000e+00,  2.586950238567338e+00,  2.572040816326530e-02
3261        ,  0.000000000000000e+00,  1.447875323078253e-01,  0.000000000000000e+00
4235        ,  2.754999999999999e-01,  3.795372122540121e-01,  2.472340425531917e-03
5206        ,  2.109000000000000e+00,  2.314648590404021e+00,  2.285257731958763e-02
3947        ,  5.163000000000002e-01,  5.175143451871828e-01,  3.925490196078431e-03
4935        ,  3.557399999999999e+00,  3.557509232350314e+00,  3.594215686274510e-02
5144        ,  1.861700000000000e+00,  1.213392212672006e+00,  1.125434782608696e-02
3332        ,  0.000000000000000e+00,  1.447875323078253e-01,  0.000000000000000e+00
3039        ,  1.061300000000000e+00,  1.349315755654392e+00,  1.268586956521740e-02
4388        ,  0.000000000000000e+00,  1.447875323078253e-01,  0.000000000000000e+00
3816        ,  3.645000000000000e+00,  3.076404230334175e+00,  3.087524752475247e-02
5842        ,  5.800000000000005e-02,  1.447875323078253e-01,  0.000000000000000e+00
3142        ,  0.000000000000000e+00,  1.447875323078253e-01,  0.000000000000000e+00
4664        ,  1.383200000000000e+00,  2.055906288991507e+00,  2.012755102040817e-02
3944        ,  1.181500000000000e+00,  1.985961852780768e+00,  1.939090909090909e-02
4389        ,  1.188300000000000e+00,  1.261159655481982e+00,  1.175742574257426e-02
3399        ,  0.000000000000000e+00,  1.447875323078253e-01,  0.000000000000000e+00
4016        ,  1.261500000000000e+00,  2.171723049590479e+00,  2.134731182795700e-02
3628        ,  1.788400000000000e+00,  1.671753109121373e+00,  1.608172043010753e-02
4525        ,  1.162800000000000e+00,  1.585923404549656e+00,  1.517777777777777e-02
5264        ,  0.000000000000000e+00,  1.447875323078253e-01,  0.000000000000000e+00
4500        ,  0.000000000000000e+00,  1.447875323078253e-01,  0.000000000000000e+00
3940        ,  2.413200000000000e+00,  2.017566401002763e+00,  1.972376237623763e-02
4207        ,  1.619500000000000e+00,  2.885375333130817e+00,  2.886336633663367e-02
4780        ,  3.433200000000000e+00,  3.414559222086381e+00,  3.443663366336634e-02
4836        ,  2.266100000000000e+00,  2.227619219287850e+00,  2.193600000000000e-02
4231        ,  3.127200000000000e+00,  3.164679887063484e+00,  3.180495049504951e-02
3763        ,  0.000000000000000e+00,  1.447875323078253e-01,  0.000000000000000e+00
4562        ,  2.138600000000000e+00,  2.147682164154043e+00,  2.109411764705883e-02
4323        ,  0.000000000000000e+00,  1.447875323078253e-01,  0.000000000000000e+00
3413        ,  1.719700000000000e+00,  1.394294219456848e+00,  1.315957446808511e-02
3021        ,  0.000000000000000e+00,  1.447875323078253e-01,  0.000000000000000e+00
3743        ,  0.000000000000000e+00,  1.447875323078253e-01,  0.000000000000000e+00
5328        ,  0.000000000000000e+00,  1.447875323078253e-01,  0.000000000000000e+00
3455        ,  0.000000000000000e+00,  1.447875323078253e-01,  0.000000000000000e+00
4777        ,  1.779300000000000e+00,  1.842480247822265e+00,  1.787978723404255e-02
5400        ,  3.421000000000000e+00,  3.140143202924666e+00,  3.154653465346534e-02
3626        ,  3.394699999999999e+00,  3.315292657147495e+00,  3.339117647058824e-02
4443        ,  2.707600000000000e+00,  2.764572118117866e+00,  2.759108910891089e-02
3567        ,  3.290600000000000e+00,  3.301608630800525e+00,  3.324705882352941e-02
4372        ,  0.000000000000000e+00,  1.447875323078253e-01,  0.000000000000000e+00
5702        ,  3.637999999999995e-01,  4.825130260956147e-01,  3.556862745098039e-03
3207        ,  0.000000000000000e+00,  1.447875323078253e-01,  0.000000000000000e+00
5191        ,  2.255300000000000e+00,  2.259046875502452e+00,  2.226699029126214e-02
5883        ,  5.354999999999999e-01,  6.455742502986284e-01,  5.274193548387096e-03
3539        ,  2.172700000000000e+00,  2.309460579573547e+00,  2.279793814432990e-02
5478        ,  5.165000000000000e+00,  5.143787125190242e+00,  5.264854368932038e-02
3753        ,  0.000000000000000e+00,  1.447875323078253e-01,  0.000000000000000e+00
3195        ,  8.440000000000003e-02,  1.447875323078253e-01,  0.000000000000000e+00
4979        ,  1.930300000000000e+00,  1.987216586103404e+00,  1.940412371134021e-02
5128        ,  4.194100000000000e+00,  4.224980808485605e+00,  4.297184466019417e-02
5207        ,  0.000000000000000e+00,  1.447875323078253e-01,  0.000000000000000e+00
5603        ,  1.377800000000001e+00,  1.603954387111980e+00,  1.536767676767677e-02
4572        ,  2.515200000000000e+00,  2.280513165509551e+00,  2.249306930693069e-02
5198        ,  3.256600000000000e+00,  3.101504976177333e+00,  3.113960396039604e-02
