0             6|2|mult
1             21|3|mult
2             2|0|mult
3             2|15|div
4             17|3|mult
5             3|20|div
6             24|2|mult
7             18|2|mult
8             2|8|div
9             12|2|mult
10            2|sq
11            4|3|add
12            2|cb
13            3|abs
14            5|2|mult
15            2|21|div
16            2|17|div
17            13|2|mult
18            4|16|div
19            6|5|mult
20            3|sqrt
21            6|0|mult
22            4|sqrt
23            2|22|div
24            5|cb
25            16|3|mult
26            2|14|div
27            4|20|div
28            3|sq
29            21|4|mult
30            20|3|mult
31            23|2|mult
32            4|cbrt
33            5|0|mult
34            2|1|mult
35            12|cb
36            4
37            4|3|mult
38            1|0|mult
39            12|0|mult
40            3|cbrt
41            5|1|mult
42            4|nexp
43            17|4|mult
44            2
45            12|5|mult
46            13|1|mult
47            3|sin
48            21|20|mult
49            5|sq
50            20|4|mult
51            12|6|mult
52            2|sp
53            2|20|div
54            3|cb
55            1|15|div
56            15|3|mult
57            24|1|mult
58            5|15|div
59            12|1|mult
60            11|4|mult
61            9|4|add
62            10|3|mult
63            15|4|mult
64            17|10|mult
65            0|cb
66            21|10|mult
67            2|16|div
68            13|0|mult
69            16|4|mult
70            1|17|div
71            1|sqrt
72            20|2|mult
73            11|3|mult
74            18|5|mult
75            1|22|div
76            5|8|div
77            12|sq
78            22|3|mult
79            4|21|div
80            10|4|mult
81            3|nexp
82            1|14|div
83            21|11|mult
84            1|21|div
85            5|sp
86            17|11|mult
87            0|sp
88            1
89            16|1|mult
90            24|5|mult
91            20|1|mult
92            14|1|mult
93            4|sq
94            3|16|div
95            23|5|mult
96            12|sp
97            22|4|mult
98            21|2|mult
99            13|2|add
100           3|21|div
101           21|1|mult
102           16|2|mult
103           4|cos
104           3|exp
105           12|15|div
106           13|5|mult
107           9|3|add
108           22|1|mult
109           16|10|mult
110           1|cbrt
111           13|6|mult
112           2|11|div
113           20|10|mult
114           0|20|div
115           0|16|div
116           17|2|mult
117           17|1|mult
118           6|15|div
119           12|8|div
120           6|1|add
121           10
122           4|17|div
123           11|10|add
124           16|11|mult
125           18|1|mult
126           14|4|mult
127           0|15|div
128           15|10|mult
129           0|sq
130           16|15|mult
131           18|0|mult
132           22|2|mult
133           6|1|mult
134           8|1|mult
135           0|22|div
136           24|6|mult
137           24|12|mult
138           14|3|mult
139           18|12|mult
140           3|sp
141           20|17|mult
142           19|10|add
143           23|12|mult
144           15|11|mult
145           0|17|div
146           23|0|mult
147           11|cbrt
148           6|14|div
149           13|12|mult
150           5|21|div
151           20|11|mult
152           0|14|div
153           1|20|div
154           1|11|div
155           14|2|mult
156           5|17|div
157           0|21|div
158           22|10|mult
159           6|22|div
160           4|cb
161           11|1|mult
162           24|0|mult
163           8|4|mult
164           10|20|div
165           22|11|mult
166           14|10|mult
167           8|3|mult
168           11|10|mult
169           10|8|mult
170           11
171           6|17|div
172           2|sqrt
173           21|16|mult
174           1|12|div
175           13|15|div
176           24|15|div
177           23|1|mult
178           6|21|div
179           20|15|mult
180           5|22|div
181           24|13|mult
182           6|20|div
183           10|abs
184           3|17|div
185           0
186           4|22|div
187           0|cbrt
188           0|sqrt
189           11|abs
190           1|13|div
191           5|14|div
192           0|8|div
193           1|8|div
194           5|20|div
195           13|17|div
196           10|cbrt
197           11|2|mult
198           10|sq
199           21|inv
200           24|0|add
201           5|11|div
202           22|16|mult
203           2|13|div
204           14|11|mult
205           6|16|div
206           4|exp
207           24|20|div
208           10|16|div
209           9|4|mult
210           4|13|div
211           3|22|div
212           15|1|mult
213           22|17|mult
214           13|16|div
215           20|3|add
216           10|cb
217           24|16|div
218           22|21|mult
219           19|11|add
220           11|sq
221           11|8|mult
222           20|4|add
223           1|5|div
224           10|21|div
225           1|16|div
226           15|inv
227           13|21|div
228           21|cbrt
229           5|16|div
230           1|sq
231           22|20|mult
232           24|14|div
233           21|sqrt
234           6|sqrt
235           17|16|mult
236           12|21|div
237           12|5|abd
238           21
239           20|9|add
240           24|17|div
241           11|cb
242           21|0|mult
243           6
244           19|10|mult
245           12|22|div
246           5
247           17|9|mult
248           12|17|div
249           12|5|sub
250           12|11|div
251           11|20|div
252           13|cb
253           13|20|div
254           21|15|mult
255           15|9|mult
256           24|22|div
257           19|4|mult
258           24|18|mult
259           24|21|div
260           2|12|div
261           21|sq
262           12|14|div
263           6|cbrt
264           14|0|mult
265           16|14|mult
266           17|14|mult
267           10|9|mult
268           19|1|mult
269           17|15|mult
270           22|0|div
271           18|13|mult
272           3|13|div
273           2|cbrt
274           20|16|add
275           15|2|mult
276           21|9|mult
277           17|0|mult
278           21|14|mult
279           22|0|mult
280           9|cbrt
281           12|5|add
282           10|17|div
283           21|cb
284           15|cbrt
285           16|9|add
286           20|16|mult
287           6|8|div
288           21|17|add
289           12|0|div
290           20|sq
291           11|9|mult
292           15|0|div
293           22|9|mult
294           15|sqrt
295           4|0|div
296           18|14|div
297           24|23|mult
298           13|0|div
299           4|14|div
300           20
301           16|3|add
302           20|14|mult
303           12|20|div
304           14|0|div
305           18|15|div
306           20|0|mult
307           10|22|div
308           19|3|mult
309           21|0|div
310           23|15|div
311           9|3|mult
312           14|9|mult
313           17|0|div
314           3|0|div
315           11|sp
316           18|16|div
317           13|sq
318           16|0|div
319           22|cbrt
320           24|8|div
321           22|sqrt
322           16|0|mult
323           23|13|mult
324           10|0|div
325           22|inv
326           9|8|mult
327           20|0|div
328           16|4|add
329           21|17|mult
330           13|sp
331           20|cb
332           9|sqrt
333           0|inv
334           18|1|add
335           23|20|div
336           22
337           14|inv
338           8|0|div
339           18|22|div
340           10|13|div
341           21|6|mult
342           20|sqrt
343           15
344           17|inv
345           19|cbrt
346           23|cbrt
347           18|20|div
348           11|0|div
349           22|14|add
350           13|14|div
351           4|sin
352           21|sp
353           23|sqrt
354           12|16|div
355           16|9|mult
356           13|22|div
357           23|14|div
358           14|cbrt
359           19|15|mult
360           7|cbrt
361           19|sqrt
362           22|15|mult
363           23|16|div
364           4|sp
365           14|sqrt
366           15|14|mult
367           17|6|mult
368           20|cbrt
369           5|0|div
370           23|17|div
371           15|13|div
372           15|0|mult
373           24
374           9|20|div
375           1|24|div
376           7|sqrt
377           16|sq
378           3|14|div
379           8|13|div
380           11|21|div
381           19|17|mult
382           23|22|div
383           22|13|div
384           22|14|mult
385           22|19|mult
386           14
387           23|21|div
388           17|cbrt
389           22|sq
390           24|sqrt
391           21|19|mult
392           10|sp
393           22|8|mult
394           20|6|mult
395           17|sqrt
396           18|6|add
397           14|13|div
398           9|abs
399           16
#-----------------------------------------------------------------------
400           12|4|mult
401           5|4|mult
402           12|3|mult
403           5|3|mult
404           17|8|mult
405           21|8|mult
406           4|2|mult
407           20|15|div
408           16|8|mult
409           12|10|mult
410           20|8|mult
411           12|9|mult
412           15|8|mult
413           8|sqrt
414           8|cbrt
415           17
416           16|8|add
417           20|8|add
418           8|3|add
419           8|4|add
420           9|8|add
421           8
422           9|8|sub
423           8|4|sub
424           8|3|sub
425           20|8|abd
426           16|8|sub
427           16|8|abd
428           8|log
429           3|2|mult
430           9|5|mult
431           17|sq
432           2|0|div
433           17|cb
434           13|10|mult
435           8|sq
436           10|5|mult
437           20|sin
438           9|2|mult
439           15|22|div
440           17|sp
441           12|11|mult
442           20|21|div
443           8|inv
444           22|15|div
445           13|11|mult
446           14|8|mult
447           15|sq
448           15|12|mult
449           15|14|div
450           14|12|mult
451           21|15|div
452           8|21|div
453           16|15|div
454           20|17|div
455           8|cb
456           12|8|mult
457           20|8|div
458           8|17|div
459           14|15|div
460           8|5|mult
461           24|12|div
462           22|12|mult
463           0|1|div
464           7|14|div
465           2|5|div
466           12|cbrt
467           18|17|div
468           18|21|div
469           18|8|div
470           7|2|mult
471           12|inv
472           18|12|div
473           24|5|div
474           7|5|mult
475           20|12|div
476           12|7|mult
477           13|12|div
478           15|21|div
479           21|12|div
480           13|8|mult
481           4|12|div
482           8|22|div
483           5|cbrt
484           9|0|div
485           3|12|div
486           13|8|div
487           22|7|add
488           10|2|mult
489           21|7|mult
490           10|7|mult
491           17|12|div
492           14|7|add
493           7|3|mult
494           7|20|div
495           7|abs
496           7
497           16|7|mult
498           22|8|div
499           16|8|div
500           12|sqrt
501           20|7|mult
502           13|5|div
503           21|8|div
504           13|7|mult
505           16|12|div
506           14|7|sub
507           9|7|mult
508           11|5|mult
509           7|15|div
510           7|4|mult
511           17|7|mult
512           11|7|mult
513           7|13|div
514           22|7|sub
515           19|8|mult
516           7|21|div
517           18|5|div
518           7|22|div
519           5|inv
520           7|17|div
521           7|11|div
522           22|cb
523           19|14|mult
524           14|5|mult
525           20|5|div
526           23|12|div
527           22|7|mult
528           14|sq
529           4|5|div
530           21|5|div
531           16|5|mult
532           7|16|div
533           21|12|mult
534           7|8|div
535           16|12|mult
536           19|0|div
537           3|5|div
538           12|13|div
539           15|17|div
540           15|7|mult
541           18|sqrt
542           17|5|div
543           17|12|mult
544           22|12|div
545           15|cb
546           24|8|mult
547           6|12|div
548           5|sqrt
549           16|5|div
550           22|7|abd
551           20|12|mult
552           14|cb
553           14|7|mult
554           23|5|div
555           14|7|abd
556           17|8|div
557           8|7|mult
558           23|8|div
559           20|14|div
560           18|cbrt
561           8|14|div
562           24|cbrt
563           15|5|mult
564           11|16|div
565           0|12|div
566           8|20|div
567           18
568           20|exp
569           24|7|mult
570           20|22|div
571           0|5|div
572           17|15|div
573           7|1|mult
574           22|5|mult
575           6|5|div
576           9|12|div
577           12|24|div
578           8|2|mult
579           20|cos
580           19|11|mult
581           19|16|mult
582           22|5|div
583           24|20|mult
584           17|5|mult
585           20|5|mult
586           20|18|mult
587           24|0|div
588           15|13|mult
589           18|6|abd
590           19|abs
591           19
592           21|5|mult
593           19|20|div
594           20|19|mult
595           7|0|div
596           7|sq
597           10|14|div
598           19|13|mult
599           13|9|mult
600           18|7|mult
601           9|5|div
602           14|8|div
603           5|24|div
604           19|9|mult
605           14|12|div
606           18|1|sub
607           24|sq
608           14|sp
609           9|cb
610           18|16|mult
611           9|exp
612           7|0|mult
613           23|18|add
614           17|20|div
615           19|16|div
616           9|sin
617           9|sp
618           19|12|mult
619           8|sp
620           8|16|div
621           16|20|div
622           9|sq
623           11|12|div
624           24|16|mult
625           15|12|div
626           16|17|div
627           6|0|div
628           15|8|div
629           22|sp
630           19|7|mult
631           24|11|div
632           1|0|div
633           5|13|div
634           16|cbrt
635           16|sqrt
636           14|5|div
637           7|cb
638           18|8|mult
639           7|6|mult
640           16|log
641           23|13|div
642           10|12|div
643           15|20|div
644           15|16|div
645           18|0|div
646           18|sq
647           21|18|mult
648           19|2|mult
649           12
650           12|1|div
651           14|20|div
652           20|16|sub
653           20|16|abd
654           23|6|add
655           17|16|div
656           23|1|add
657           18|17|mult
658           0|24|div
659           19|21|div
660           8|15|div
661           23|11|div
662           15|5|div
663           5|1|div
664           24|cb
665           19|17|div
666           11|5|div
667           6|13|div
668           9|17|div
669           23
670           18|11|div
671           19|8|div
672           24|15|mult
673           13|4|mult
674           10|24|div
675           13|18|div
676           4|24|div
677           17|13|div
678           19|1|div
679           3|15|div
680           11|15|div
681           23|20|mult
682           14|21|div
683           2|24|div
684           9|3|sub
685           22|14|abd
686           8|12|div
687           23|1|sub
688           18|13|div
689           19|13|div
690           20|9|mult
691           24|2|div
692           10|5|div
693           0|13|div
694           16|inv
695           16|4|sub
696           3|24|div
697           18|2|div
698           11|17|div
699           16|3|sub
700           0|11|div
701           23|6|abd
702           9|3|abd
703           21|17|sub
704           16|9|sub
705           4|2|div
706           16|24|div
707           16|21|div
708           3|cos
709           3|2|div
710           21|20|div
711           17|21|div
712           21|24|div
713           18|6|div
714           9|22|div
715           11|24|div
716           18|cb
717           19|24|div
718           23|7|mult
719           2|inv
720           19|5|mult
721           16|cb
722           21|17|div
723           8|24|div
724           9|14|div
725           9|2|div
726           20|2|div
727           20|16|div
728           21|13|div
729           23|16|mult
730           11|13|div
731           17|24|div
732           13|6|div
733           9|21|div
734           7|1|div
735           8|5|div
736           13|2|sub
737           23|2|div
738           11|22|div
739           21|2|div
740           13|2|div
741           17|2|div
742           22|20|div
743           23|18|mult
744           16|2|div
745           10|6|mult
746           19|22|div
747           16|14|div
748           9|15|div
749           9|16|div
750           22|24|div
751           16|6|mult
752           24|10|mult
753           14|24|div
754           18|6|mult
755           20|24|div
756           24|21|mult
757           8|6|mult
758           18|3|mult
759           23|0|div
760           21|16|div
761           6|4|mult
762           10|1|div
763           22|2|div
764           24|sp
765           1|18|div
766           24|inv
767           13|24|div
768           14|16|div
769           9|4|abd
770           14|17|div
771           0|2|div
772           6|sp
773           23|6|div
774           24|1|div
775           22|21|div
776           19|14|div
777           15|6|mult
778           12|2|div
779           9|4|sub
780           24|19|mult
781           22|18|mult
782           6|1|abd
783           24|13|div
784           18|15|mult
785           9|1|mult
786           15|24|div
787           18|sp
788           6|23|div
789           6|2|div
790           23|18|sub
791           23|18|abd
792           1|cb
793           6|cb
794           6|sq
795           23|22|mult
796           22|14|div
797           11|2|div
798           9|13|div
799           4|3|sub
#-----------------------------------------------------------------------
