# c0 + a0 * (ave:atomic_radius_rahm^6)
# Property Label: $Volume$; Unit of the Property: length^3
# RMSE: 24.8212749847826; Max AE: 98.8635651262031
# Coefficients
# Task   a0                      c0
# all ,  1.102291647518964e-12,  1.514024726221378e+01, 
# Feature Rung, Units, and Expressions
# 0;  1; length^6;                                         2|sp; (ave:atomic_radius_rahm^6); $\left(ave:atomic_{radius, rahm}^6\right)$; (ave:atomic_radius_rahm).^6; ave:atomic_radius_rahm
# Number of Samples Per Task
# Task, n_mats_train            
# all , 116                   

# Sample ID , Property Value        ,  Property Value (EST) ,  Feature 0 Value      
64          ,  9.806170819706537e+01,  6.967452241773118e+01,  4.947354475402498e+13
27          ,  9.195581102005919e+01,  7.957109916041446e+01,  5.845172830912900e+13
69          ,  7.310044637476960e+01,  6.933386170639550e+01,  4.916449704228513e+13
125         ,  2.012029980198631e+02,  1.691750423139938e+02,  1.397405082388869e+14
11          ,  1.617034912836585e+02,  1.428696645684468e+02,  1.158762452693224e+14
119         ,  1.887146035400442e+02,  1.492460211250142e+02,  1.216608818225607e+14
110         ,  1.562326241405194e+02,  1.514295150205745e+02,  1.236417494998899e+14
113         ,  7.050822380170608e+01,  6.634691493928483e+01,  4.645473617833077e+13
9           ,  7.063457799019668e+01,  6.798889684110713e+01,  4.794434367514712e+13
4           ,  7.851117738952721e+01,  7.426806765347328e+01,  5.364081323154746e+13
26          ,  5.966202570927710e+01,  8.075751733397531e+01,  5.952804797119960e+13
124         ,  1.885207260436857e+02,  1.933377554710455e+02,  1.616609439161753e+14
31          ,  8.459240483249847e+01,  6.899497618966997e+01,  4.885705978873405e+13
98          ,  1.892571838929967e+02,  1.699882466156498e+02,  1.404782479319040e+14
36          ,  1.804786609572536e+02,  1.627965943717440e+02,  1.339539743786273e+14
16          ,  1.473017585346737e+02,  1.374158509019402e+02,  1.109285404774173e+14
10          ,  1.071503545301096e+02,  7.426806765347328e+01,  5.364081323154746e+13
93          ,  1.586721939022781e+02,  1.347625947460324e+02,  1.085215040439292e+14
42          ,  1.922420330482679e+02,  2.017440204349087e+02,  1.692871152500359e+14
118         ,  5.345461156622450e+01,  8.958318237402808e+01,  6.753469944126885e+13
127         ,  1.258768321724361e+02,  2.247403972986392e+02,  1.901494495655420e+14
96          ,  9.458888504929534e+01,  8.277532313750325e+01,  6.135860325851363e+13
60          ,  6.700355961656858e+01,  8.484457424751056e+01,  6.323582977534770e+13
0           ,  1.324521624992106e+02,  1.252360368229821e+02,  9.987900190350862e+13
84          ,  1.874396857101914e+02,  1.514295150205744e+02,  1.236417494998898e+14
28          ,  9.362157646373184e+01,  7.140471481165112e+01,  5.104317689068704e+13
40          ,  1.876581343779474e+02,  1.724493568962115e+02,  1.427109694499352e+14
86          ,  6.540869502383295e+01,  8.782994469556679e+01,  6.594416060120100e+13
24          ,  9.809953691058023e+01,  8.196208531562417e+01,  6.062083315591917e+13
25          ,  1.397570909097410e+02,  1.347625947460324e+02,  1.085215040439292e+14
23          ,  1.776115625775598e+02,  1.506984165002632e+02,  1.229784962474890e+14
115         ,  1.348472579215662e+02,  1.289677558664298e+02,  1.032644208639508e+14
67          ,  1.178407975639319e+02,  1.240150236660843e+02,  9.877129764062500e+13
44          ,  1.408716465187509e+02,  1.499705891081454e+02,  1.223182105656044e+14
15          ,  1.304908476901080e+02,  1.401179684379158e+02,  1.133799040000000e+14
95          ,  7.035268214247002e+01,  1.135246864606349e+02,  8.925445404568253e+13
39          ,  6.690965549992833e+01,  1.059604236746965e+02,  8.239214786476933e+13
22          ,  8.942508557141944e+01,  7.354109521386249e+01,  5.298130316336627e+13
68          ,  1.728438327749059e+02,  1.387607573552253e+02,  1.121486408531321e+14
80          ,  1.635560662373134e+02,  1.627965943717440e+02,  1.339539743786273e+14
140         ,  9.231264108905833e+01,  8.526468950088632e+01,  6.361695872095964e+13
47          ,  5.673059181818780e+01,  9.695275085125610e+01,  7.422037876562500e+13
30          ,  1.575095787725395e+02,  1.558854600955440e+02,  1.276841869845601e+14
112         ,  7.423809586689029e+01,  1.210117693115801e+02,  9.604674251833600e+13
76          ,  6.221586353440775e+01,  6.832250113043891e+01,  4.824698979433223e+13
137         ,  2.091771198782973e+02,  1.791721914411291e+02,  1.488099311539901e+14
33          ,  9.639831336185570e+01,  6.765703825263610e+01,  4.764328125739409e+13
81          ,  6.779890223639997e+01,  6.443286782708802e+01,  4.471831087155742e+13
142         ,  6.217869364696995e+01,  8.568691270342748e+01,  6.400000000000000e+13
62          ,  1.284855607921225e+02,  1.387607573552253e+02,  1.121486408531321e+14
139         ,  7.773399964038569e+01,  7.649438725105685e+01,  5.566053242527859e+13
135         ,  8.871171279800387e+01,  7.070723015063963e+01,  5.041041816246716e+13
53          ,  1.912036606685361e+02,  1.800291261337895e+02,  1.495873430980878e+14
5           ,  5.646241061036604e+01,  9.365714981599696e+01,  7.123060646473088e+13
85          ,  6.604743166171670e+01,  7.140471481165112e+01,  5.104317689068704e+13
49          ,  7.517971112473752e+01,  9.937665514475805e+01,  7.641934697785600e+13
35          ,  1.142981641844795e+02,  7.996456882645481e+01,  5.880868435331745e+13
34          ,  6.288448403712296e+01,  8.442655851573227e+01,  6.285660551766674e+13
7           ,  6.154031610112789e+01,  1.091405862467497e+02,  8.527719428529803e+13
43          ,  9.003176998171779e+01,  7.140471481165112e+01,  5.104317689068704e+13
70          ,  5.876522370994315e+01,  8.036003884185611e+01,  5.916745511629241e+13
89          ,  1.845971359160373e+02,  1.485247008631802e+02,  1.210064994152754e+14
83          ,  8.685815788108755e+01,  1.129675320509492e+02,  8.874900305098464e+13
123         ,  2.218543389191891e+02,  2.134641839359899e+02,  1.799196583954557e+14
129         ,  7.058438955216727e+01,  6.570213837186544e+01,  4.586979428126509e+13
8           ,  1.379771288780131e+02,  1.308727758986201e+02,  1.049926567954106e+14
13          ,  6.359044555550145e+01,  8.115701245491042e+01,  5.989047031362982e+13
108         ,  2.276117669121919e+02,  2.226513761552560e+02,  1.882542876561824e+14
114         ,  1.245825633863354e+02,  1.341068319935442e+02,  1.079265954696293e+14
3           ,  1.766257549836612e+02,  1.463801100001396e+02,  1.190609246049540e+14
17          ,  1.154201413293227e+02,  1.252360368229821e+02,  9.987900190350862e+13
38          ,  2.142336089710759e+02,  1.826223465850188e+02,  1.519399150848810e+14
72          ,  1.505744324222536e+02,  1.551344869306199e+02,  1.270029034362230e+14
120         ,  2.717063705144595e+02,  2.740843743932628e+02,  2.349143511282880e+14
2           ,  5.771548700058894e+01,  1.064841330400648e+02,  8.286725748439412e+13
122         ,  2.014000729838491e+02,  1.741081375633169e+02,  1.442158168021210e+14
50          ,  1.144884087492389e+02,  1.204194825823928e+02,  9.550941945096048e+13
104         ,  1.531720861969143e+02,  1.308727758986201e+02,  1.049926567954106e+14
46          ,  6.638274984747244e+01,  8.653771679305970e+01,  6.477185025537225e+13
105         ,  6.260542136940490e+01,  1.210117693115801e+02,  9.604674251833600e+13
61          ,  1.513414191693852e+02,  1.360831596716438e+02,  1.097195217632720e+14
141         ,  5.908637035915022e+01,  7.840261135494804e+01,  5.739167509354268e+13
79          ,  6.172344219415545e+01,  8.196208531562417e+01,  6.062083315591917e+13
136         ,  1.878481455563482e+02,  1.749429780150811e+02,  1.449731848304856e+14
91          ,  7.059248384925451e+01,  6.634691493928483e+01,  4.645473617833077e+13
41          ,  8.588925575648324e+01,  6.832250113043891e+01,  4.824698979433223e+13
58          ,  2.413589823761019e+02,  2.630279314125276e+02,  2.248839358515134e+14
90          ,  1.323141358213091e+02,  1.302348397867900e+02,  1.044139205659690e+14
88          ,  1.252802886728060e+02,  1.347625947460324e+02,  1.085215040439292e+14
126         ,  7.603223118739854e+01,  1.234087619373025e+02,  9.822129644071902e+13
21          ,  7.298106977000764e+01,  9.743282288660312e+01,  7.465590055917897e+13
75          ,  9.416246053996997e+01,  7.611855905566294e+01,  5.531958073954295e+13
32          ,  2.470528593513509e+02,  2.376460541021452e+02,  2.018574733290840e+14
138         ,  6.719447744045841e+01,  6.380825990437476e+01,  4.415166598758400e+13
59          ,  7.370978119031361e+01,  6.732691804937366e+01,  4.734379590430675e+13
63          ,  9.527186437700378e+01,  7.036119917340140e+01,  5.009649854054400e+13
128         ,  1.127928271848657e+02,  7.687214375468233e+01,  5.600323347402166e+13
37          ,  6.740982957627959e+01,  1.096795260806146e+02,  8.576612100000000e+13
29          ,  7.604393505755419e+01,  7.210948003221114e+01,  5.168254054924900e+13
107         ,  5.684900711217347e+01,  7.725183647347808e+01,  5.634769105895427e+13
134         ,  2.189143114936079e+02,  2.104781824317046e+02,  1.772107550748090e+14
1           ,  6.589429488532184e+01,  1.234087619373025e+02,  9.822129644071902e+13
52          ,  1.685536482338435e+02,  1.408012162887003e+02,  1.139997470808420e+14
130         ,  7.583037174302696e+01,  7.801706230584361e+01,  5.704190464034890e+13
103         ,  5.981199781507478e+01,  8.196208531562417e+01,  6.062083315591917e+13
99          ,  1.103591846419842e+02,  7.763347333867461e+01,  5.669391237529600e+13
116         ,  6.928383831454539e+01,  7.426806765347328e+01,  5.364081323154746e+13
87          ,  1.073098314779565e+02,  8.568691270342748e+01,  6.400000000000000e+13
74          ,  1.634935249887072e+02,  1.675593071948614e+02,  1.382747118475515e+14
121         ,  7.759315330331438e+01,  7.500256561281540e+01,  5.430715045817466e+13
143         ,  7.259770851342745e+01,  6.798889684110713e+01,  4.794434367514712e+13
20          ,  1.126975075036733e+02,  9.319551327308577e+01,  7.081180936692991e+13
71          ,  2.033361364024827e+02,  1.817541907295756e+02,  1.511523232915501e+14
106         ,  2.038799354056747e+02,  1.766236227779630e+02,  1.464978673105396e+14
14          ,  1.651217664757107e+02,  1.951779893068490e+02,  1.633304057504779e+14
102         ,  8.368680399312422e+01,  6.634691493928483e+01,  4.645473617833077e+13
