# c0 + a0 * cbrt(var:melting_point) + a1 * (ave:atomic_radius_rahm^6)
# Property Label: $Volume$; Unit of the Property: length^3
# RMSE: 14.7617182033373; Max AE: 63.6413820911818
# Coefficients
# Task   a0                      a1                      c0
# all , -7.428520613144478e-01,  9.533719627047374e-13,  7.334876186165420e+01, 
# Feature Rung, Units, and Expressions
# 0;  1; temperature^0.333333;                             14|cbrt; cbrt(var:melting_point); $\left(\sqrt[3]{ var:melting_{point} }\right)$; nthroot(var:melting_point, 3); var:melting_point
# 1;  1; length^6;                                         2|sp; (ave:atomic_radius_rahm^6); $\left(ave:atomic_{radius, rahm}^6\right)$; (ave:atomic_radius_rahm).^6; ave:atomic_radius_rahm
# Number of Samples Per Task
# Task, n_mats_train            
# all , 116                   

# Sample ID , Property Value        ,  Property Value (EST) ,  Feature 0 Value      ,  Feature 1 Value      
64          ,  9.806170819706537e+01,  1.034179042364310e+02,  2.301608756267735e+01,  4.947354475402498e+13
27          ,  9.195581102005919e+01,  1.079917989664785e+02,  2.838142738599684e+01,  5.845172830912900e+13
69          ,  7.310044637476960e+01,  6.275793393437352e+01,  7.735440737176792e+01,  4.916449704228513e+13
125         ,  2.012029980198631e+02,  1.884018497262437e+02,  2.446192948878910e+01,  1.397405082388869e+14
11          ,  1.617034912836585e+02,  1.673845865620662e+02,  2.212733805136409e+01,  1.158762452693224e+14
119         ,  1.887146035400442e+02,  1.659670063630169e+02,  3.145960064356431e+01,  1.216608818225607e+14
110         ,  1.562326241405194e+02,  1.521449502382490e+02,  5.260857585454031e+01,  1.236417494998899e+14
113         ,  7.050822380170608e+01,  6.184586124309018e+01,  7.510451479007682e+01,  4.645473617833077e+13
9           ,  7.063457799019668e+01,  6.245701374740484e+01,  7.619355736088608e+01,  4.794434367514712e+13
4           ,  7.851117738952721e+01,  7.351448038348009e+01,  6.861921979406826e+01,  5.364081323154746e+13
26          ,  5.966202570927710e+01,  5.910705067587154e+01,  9.556961178844374e+01,  5.952804797119960e+13
124         ,  1.885207260436857e+02,  1.916907812048065e+02,  4.816704955708021e+01,  1.616609439161753e+14
31          ,  8.459240483249847e+01,  7.523927469288454e+01,  6.015792440888337e+01,  4.885705978873405e+13
98          ,  1.892571838929967e+02,  1.686767811650253e+02,  5.196189881534381e+01,  1.404782479319040e+14
36          ,  1.804786609572536e+02,  1.625175317443988e+02,  5.188003855641706e+01,  1.339539743786273e+14
16          ,  1.473017585346737e+02,  1.568494844960443e+02,  2.995944802408840e+01,  1.109285404774173e+14
10          ,  1.071503545301096e+02,  9.833131156670012e+01,  3.521171852213584e+01,  5.364081323154746e+13
93          ,  1.586721939022781e+02,  1.361461338077060e+02,  5.474035743809575e+01,  1.085215040439292e+14
42          ,  1.922420330482679e+02,  1.988997312765661e+02,  4.825001070632530e+01,  1.692871152500359e+14
118         ,  5.345461156622450e+01,  7.790879735475781e+01,  8.053508441241213e+01,  6.753469944126885e+13
127         ,  1.258768321724361e+02,  1.895182142636179e+02,  8.765365936031247e+01,  1.901494495655420e+14
96          ,  9.458888504929534e+01,  1.049746616520043e+02,  3.617365236826828e+01,  6.135860325851363e+13
60          ,  6.700355961656858e+01,  5.679912279255345e+01,  1.034350043793737e+02,  6.323582977534770e+13
0           ,  1.324521624992106e+02,  1.273305960753461e+02,  5.551577226705650e+01,  9.987900190350862e+13
84          ,  1.874396857101914e+02,  1.687718713790893e+02,  3.022602890243282e+01,  1.236417494998898e+14
28          ,  9.362157646373184e+01,  1.019598176976714e+02,  2.699336643619306e+01,  5.104317689068704e+13
40          ,  1.876581343779474e+02,  1.976028933186619e+02,  1.588809697329075e+01,  1.427109694499352e+14
86          ,  6.540869502383295e+01,  4.945711313136659e+01,  1.167944023713832e+02,  6.594416060120100e+13
24          ,  9.809953691058023e+01,  1.105216645111569e+02,  2.775963224853120e+01,  6.062083315591917e+13
25          ,  1.397570909097410e+02,  1.354629497859762e+02,  5.566003452766444e+01,  1.085215040439292e+14
23          ,  1.776115625775598e+02,  1.715054979342991e+02,  2.569490650874173e+01,  1.229784962474890e+14
115         ,  1.348472579215662e+02,  1.304865471898675e+02,  5.561217424007704e+01,  1.032644208639508e+14
67          ,  1.178407975639319e+02,  1.230593310568709e+02,  5.984397030097486e+01,  9.877129764062500e+13
44          ,  1.408716465187509e+02,  1.475107036541346e+02,  5.714840531486526e+01,  1.223182105656044e+14
15          ,  1.304908476901080e+02,  1.329926354440343e+02,  6.522072233284968e+01,  1.133799040000000e+14
95          ,  7.035268214247002e+01,  8.188615093021325e+01,  1.030559231802513e+02,  8.925445404568253e+13
39          ,  6.690965549992833e+01,  7.525569074278589e+01,  1.031745603620522e+02,  8.239214786476933e+13
22          ,  8.942508557141944e+01,  9.355231078561413e+01,  4.079862147239066e+01,  5.298130316336627e+13
68          ,  1.728438327749059e+02,  1.397940734083893e+02,  5.448468195197147e+01,  1.121486408531321e+14
80          ,  1.635560662373134e+02,  1.617867889573320e+02,  5.286373749880644e+01,  1.339539743786273e+14
140         ,  9.231264108905833e+01,  9.300510034508237e+01,  5.518499368655124e+01,  6.361695872095964e+13
47          ,  5.673059181818780e+01,  7.875020047940866e+01,  8.798278010169304e+01,  7.422037876562500e+13
30          ,  1.575095787725395e+02,  1.571344740890616e+02,  5.107990365844785e+01,  1.276841869845601e+14
112         ,  7.423809586689029e+01,  9.274604428746937e+01,  9.715391900856224e+01,  9.604674251833600e+13
76          ,  6.221586353440775e+01,  7.181450182082978e+01,  6.398526688010677e+01,  4.824698979433223e+13
137         ,  2.091771198782973e+02,  1.990570208112939e+02,  2.175797581553040e+01,  1.488099311539901e+14
33          ,  9.639831336185570e+01,  1.008795754922280e+02,  2.408414254087744e+01,  4.764328125739409e+13
81          ,  6.779890223639997e+01,  6.024129798830624e+01,  7.503600054521534e+01,  4.471831087155742e+13
142         ,  6.217869364696995e+01,  4.024875656775294e+01,  1.266952274999011e+02,  6.400000000000000e+13
62          ,  1.284855607921225e+02,  1.476459152578981e+02,  4.391482254333592e+01,  1.121486408531321e+14
139         ,  7.773399964038569e+01,  7.553606584598118e+01,  6.848993185685600e+01,  5.566053242527859e+13
135         ,  8.871171279800387e+01,  9.453533267918574e+01,  3.617585504068609e+01,  5.041041816246716e+13
53          ,  1.912036606685361e+02,  2.041591176394462e+02,  1.588744747714061e+01,  1.495873430980878e+14
5           ,  5.646241061036604e+01,  8.193593938017747e+01,  7.985719992004577e+01,  7.123060646473088e+13
85          ,  6.604743166171670e+01,  8.600968759787720e+01,  4.846484229313692e+01,  5.104317689068704e+13
49          ,  7.517971112473752e+01,  8.208832442748503e+01,  8.631126383039233e+01,  7.641934697785600e+13
35          ,  1.142981641844795e+02,  1.054657218867283e+02,  3.224005430980923e+01,  5.880868435331745e+13
34          ,  6.288448403712296e+01,  4.538109535596592e+01,  1.183188368912913e+02,  6.285660551766674e+13
7           ,  6.154031610112789e+01,  9.298458435383404e+01,  8.301123037665673e+01,  8.527719428529803e+13
43          ,  9.003176998171779e+01,  7.787316206385024e+01,  5.941793236012778e+01,  5.104317689068704e+13
70          ,  5.876522370994315e+01,  3.976879708372318e+01,  1.211392715679673e+02,  5.916745511629241e+13
89          ,  1.845971359160373e+02,  1.680691384352454e+02,  2.778995758247083e+01,  1.210064994152754e+14
83          ,  8.685815788108755e+01,  1.189501041125712e+02,  5.251310591622131e+01,  8.874900305098464e+13
123         ,  2.218543389191891e+02,  2.088167040165812e+02,  4.854589167445189e+01,  1.799196583954557e+14
129         ,  7.058438955216727e+01,  6.994727935018182e+01,  6.344797405672615e+01,  4.586979428126509e+13
8           ,  1.379771288780131e+02,  1.501458722068828e+02,  3.136552504433864e+01,  1.049926567954106e+14
13          ,  6.359044555550145e+01,  5.370410014332516e+01,  1.033079948822531e+02,  5.989047031362982e+13
108         ,  2.276117669121919e+02,  2.166611433082282e+02,  4.868261144728071e+01,  1.882542876561824e+14
114         ,  1.245825633863354e+02,  1.137809203208695e+02,  8.408407938073333e+01,  1.079265954696293e+14
3           ,  1.766257549836612e+02,  1.652361808070385e+02,  2.910664121793274e+01,  1.190609246049540e+14
17          ,  1.154201413293227e+02,  1.242556409457771e+02,  5.965516325713856e+01,  9.987900190350862e+13
38          ,  2.142336089710759e+02,  1.990371056445343e+02,  2.580178782955651e+01,  1.519399150848810e+14
72          ,  1.505744324222536e+02,  1.404039399929581e+02,  7.272757524734008e+01,  1.270029034362230e+14
120         ,  2.717063705144595e+02,  2.660762324678952e+02,  4.204509487552433e+01,  2.349143511282880e+14
2           ,  5.771548700058894e+01,  8.643264720984608e+01,  8.873830739194815e+01,  8.286725748439412e+13
122         ,  2.014000729838491e+02,  1.956136551815922e+02,  2.049724809381884e+01,  1.442158168021210e+14
50          ,  1.144884087492389e+02,  1.200279540526088e+02,  5.973842276115457e+01,  9.550941945096048e+13
104         ,  1.531720861969143e+02,  1.328517491631036e+02,  5.464623454816350e+01,  1.049926567954106e+14
46          ,  6.638274984747244e+01,  9.598364595724827e+01,  5.265756662392764e+01,  6.477185025537225e+13
105         ,  6.260542136940490e+01,  7.563126290218609e+01,  1.201932053975632e+02,  9.604674251833600e+13
61          ,  1.513414191693852e+02,  1.372003861760975e+02,  5.485869073840037e+01,  1.097195217632720e+14
141         ,  5.908637035915022e+01,  4.846307240773804e+01,  1.071563337118674e+02,  5.739167509354268e+13
79          ,  6.172344219415545e+01,  5.144519518533892e+01,  1.072861926531485e+02,  6.062083315591917e+13
136         ,  1.878481455563482e+02,  1.754666518358599e+02,  4.859040132879414e+01,  1.449731848304856e+14
91          ,  7.059248384925451e+01,  7.016854451565736e+01,  6.390082605312896e+01,  4.645473617833077e+13
41          ,  8.588925575648324e+01,  7.521735527224898e+01,  5.940447128347344e+01,  4.824698979433223e+13
58          ,  2.413589823761019e+02,  2.544238069154985e+02,  4.485818372868956e+01,  2.248839358515134e+14
90          ,  1.323141358213091e+02,  1.315386320513150e+02,  5.567115762031642e+01,  1.044139205659690e+14
88          ,  1.252802886728060e+02,  1.442234713565413e+02,  4.386694405004810e+01,  1.085215040439292e+14
126         ,  7.603223118739854e+01,  1.019107473136797e+02,  8.760754409149928e+01,  9.822129644071902e+13
21          ,  7.298106977000764e+01,  7.280857017775512e+01,  9.654012940422656e+01,  7.465590055917897e+13
75          ,  9.416246053996997e+01,  9.949670896220954e+01,  3.579742394205930e+01,  5.531958073954295e+13
32          ,  2.470528593513509e+02,  2.538012540256393e+02,  1.614421497217380e+01,  2.018574733290840e+14
138         ,  6.719447744045841e+01,  6.833581226516755e+01,  6.341223577195375e+01,  4.415166598758400e+13
59          ,  7.370978119031361e+01,  8.894989413726785e+01,  3.975908109524062e+01,  4.734379590430675e+13
63          ,  9.527186437700378e+01,  9.540288943560955e+01,  3.460509959249691e+01,  5.009649854054400e+13
128         ,  1.127928271848657e+02,  9.987964715798131e+01,  3.615932258582286e+01,  5.600323347402166e+13
37          ,  6.740982957627959e+01,  7.585173030503061e+01,  1.067023311851769e+02,  8.576612100000000e+13
29          ,  7.604393505755419e+01,  7.168683366617479e+01,  6.856629464870473e+01,  5.168254054924900e+13
107         ,  5.684900711217347e+01,  5.616355046691083e+01,  9.545039168099530e+01,  5.634769105895427e+13
134         ,  2.189143114936079e+02,  2.084771547481414e+02,  4.552638977904951e+01,  1.772107550748090e+14
1           ,  6.589429488532184e+01,  7.386230677408462e+01,  1.253653184859924e+02,  9.822129644071902e+13
52          ,  1.685536482338435e+02,  1.413339578674351e+02,  5.478744522093650e+01,  1.139997470808420e+14
130         ,  7.583037174302696e+01,  6.250100192580086e+01,  8.781009829038832e+01,  5.704190464034890e+13
103         ,  5.981199781507478e+01,  3.712965923592331e+01,  1.265572382555324e+02,  6.062083315591917e+13
99          ,  1.103591846419842e+02,  1.013253700480075e+02,  3.509955708025707e+01,  5.669391237529600e+13
116         ,  6.928383831454539e+01,  8.703998510349491e+01,  5.041168504471052e+01,  5.364081323154746e+13
87          ,  1.073098314779565e+02,  1.139292793268101e+02,  2.750922991556056e+01,  6.400000000000000e+13
74          ,  1.634935249887072e+02,  1.671373979013562e+02,  5.120615445223697e+01,  1.382747118475515e+14
121         ,  7.759315330331438e+01,  7.403874352139192e+01,  6.876864940117542e+01,  5.430715045817466e+13
143         ,  7.259770851342745e+01,  8.673197407155388e+01,  4.351550261981765e+01,  4.794434367514712e+13
20          ,  1.126975075036733e+02,  1.016928152129407e+02,  5.272374186891873e+01,  7.081180936692991e+13
71          ,  2.033361364024827e+02,  2.021892343215852e+02,  2.054771798964417e+01,  1.511523232915501e+14
106         ,  2.038799354056747e+02,  1.947927930869793e+02,  2.453103250778815e+01,  1.464978673105396e+14
14          ,  1.651217664757107e+02,  1.752933148405087e+02,  7.238329045718164e+01,  1.633304057504779e+14
102         ,  8.368680399312422e+01,  7.352216523906905e+01,  5.938630573601817e+01,  4.645473617833077e+13
