# c0 + a0 * ((min:vdw_radius * mp_bandgap) / cbrt(min:period))
# Property Label: $bandgap$; Unit of the Property: eV
# RMSE: 0.453138105644141; Max AE: 4.33642730377866
# Coefficients
# Task   a0                      c0
# all ,  8.043182058780149e-03,  1.380697828128360e-01, 
# Feature Rung, Units, and Expressions
# 0;  2; eV * pm;                                          20|0|mult|10|cbrt|div; ((min:vdw_radius * mp_bandgap) / cbrt(min:period)); $\left(\frac{ \left(min:vdw_{radius} mp_{bandgap}\right) }{ \left(\sqrt[3]{ min:period }\right) } \right)$; ((min:vdw_radius .* mp_bandgap) ./ nthroot(min:period, 3)); min:vdw_radius,mp_bandgap,min:period
# Number of Samples Per Task
# Task, n_mats_train            
# all , 1015                  

# Sample ID , Property Value        ,  Property Value (EST) ,  Feature 0 Value      
3266        ,  1.678000000000000e+00,  5.762795855170016e-01,  5.448214394523177e+01
4239        ,  4.587000000000003e-01,  5.671583008725837e-01,  5.334810463370568e+01
3034        ,  1.700700000000000e+00,  2.045446354811762e+00,  2.371420363308554e+02
3402        ,  0.000000000000000e+00,  1.380697828128360e-01,  0.000000000000000e+00
5237        ,  1.472900000000000e+00,  1.326403231543076e+00,  1.477441937837306e+02
3895        ,  0.000000000000000e+00,  1.576862857220581e-01,  2.438898282528386e+00
3975        ,  1.985400000000000e+00,  1.831232503668679e+00,  2.105090632640277e+02
4451        ,  1.030000000000000e-01,  1.380697828128360e-01,  0.000000000000000e+00
4189        ,  1.018400000000000e+00,  1.089497399180051e+00,  1.182899515905663e+02
3912        ,  4.126200000000000e+00,  3.965030900804329e+00,  4.758018766731610e+02
4305        ,  7.780300000000000e+00,  6.498279386395418e+00,  7.907578812840137e+02
4944        ,  2.979200000000000e+00,  3.118305411136969e+00,  3.705294256109533e+02
5512        ,  0.000000000000000e+00,  1.380697828128360e-01,  0.000000000000000e+00
4489        ,  1.591999999999998e-01,  1.380697828128360e-01,  0.000000000000000e+00
3914        ,  1.235300000000000e+00,  2.078974262555968e+00,  2.413105243122514e+02
4426        ,  3.982600000000000e+00,  3.895359811711861e+00,  4.671397466127810e+02
5700        ,  2.603800000000000e+00,  2.128741638985546e+00,  2.474980476165699e+02
3327        ,  1.875800000000000e+00,  1.343468334287133e+00,  1.498658792832436e+02
4149        ,  0.000000000000000e+00,  1.482294848548178e+00,  1.671260274741575e+02
3977        ,  3.184500000000000e+00,  3.263604877713927e+00,  3.885943488608685e+02
4713        ,  3.813500000000000e+00,  4.815389272727020e+00,  5.815260000000000e+02
3772        ,  6.627000000000001e-01,  3.309752495479734e-01,  2.398372501397711e+01
3860        ,  1.860999999999999e-01,  1.380697828128360e-01,  0.000000000000000e+00
5825        ,  2.044100000000000e+00,  2.180762581276398e+00,  2.539657542916992e+02
4119        ,  3.041100000000000e+00,  2.501944903524204e+00,  2.938980000000000e+02
5350        ,  5.800999999999998e-01,  6.147239228698556e-01,  5.926188622532687e+01
3088        ,  1.459500000000000e+00,  9.889318814161148e-01,  1.057867511123232e+02
5236        ,  1.808000000000001e-01,  1.380697828128360e-01,  0.000000000000000e+00
3447        ,  1.737800000000000e+00,  1.662203742680084e+00,  1.894939028768426e+02
5393        ,  0.000000000000000e+00,  1.380697828128360e-01,  0.000000000000000e+00
3172        ,  0.000000000000000e+00,  1.380697828128360e-01,  0.000000000000000e+00
4685        ,  7.060000000000000e-01,  6.010363324327882e-01,  5.756012312497213e+01
5367        ,  0.000000000000000e+00,  1.380697828128360e-01,  0.000000000000000e+00
4848        ,  7.781000000000002e-01,  7.253937355874470e-01,  7.302134260823709e+01
3748        ,  5.403900000000000e+00,  4.833598336480974e+00,  5.837899129166641e+02
5254        ,  4.435099999999999e+00,  6.173546204069787e+00,  7.503841610384122e+02
5773        ,  3.998000000000000e+00,  3.789764754725036e+00,  4.540112290416097e+02
5108        ,  2.033300000000000e+00,  1.866657918526464e+00,  2.149134662228186e+02
5284        ,  5.591300000000000e+00,  5.399489127783268e+00,  6.541464940765487e+02
4269        ,  0.000000000000000e+00,  1.380697828128360e-01,  0.000000000000000e+00
5628        ,  0.000000000000000e+00,  1.380697828128360e-01,  0.000000000000000e+00
4071        ,  2.744300000000000e+00,  2.592277881226364e+00,  3.051290000000000e+02
3318        ,  6.493000000000000e-01,  5.778137750544290e-01,  5.467288804703319e+01
3602        ,  1.873300000000000e+00,  1.193712927989677e+00,  1.312469539371515e+02
3203        ,  2.789999999999981e-02,  1.380697828128360e-01,  0.000000000000000e+00
5333        ,  4.202400000000000e+00,  3.495519183245316e+00,  4.174280000000000e+02
3128        ,  0.000000000000000e+00,  1.380697828128360e-01,  0.000000000000000e+00
3581        ,  3.809500000000000e+00,  3.463402757284606e+00,  4.134349999999999e+02
5122        ,  0.000000000000000e+00,  1.380697828128360e-01,  0.000000000000000e+00
3339        ,  0.000000000000000e+00,  1.816359862888392e-01,  5.416538275227172e+00
4743        ,  0.000000000000000e+00,  1.380697828128360e-01,  0.000000000000000e+00
3180        ,  1.234700000000000e+00,  1.484606772276212e+00,  1.674134664145095e+02
5373        ,  3.522100000000000e+00,  3.157409070001236e+00,  3.753911406111230e+02
4704        ,  7.975000000000003e-01,  9.082366359963721e-01,  9.575399979201039e+01
5658        ,  1.245900000000000e+00,  1.437345918287811e+00,  1.615375762950250e+02
4011        ,  0.000000000000000e+00,  1.380697828128360e-01,  0.000000000000000e+00
5591        ,  4.297800000000001e+00,  4.205192384792994e+00,  5.056608904606829e+02
4560        ,  4.276800000000000e+00,  3.765041883228315e+00,  4.509374615555520e+02
3973        ,  2.406300000000000e+00,  2.045873797641578e+00,  2.371951798288754e+02
3866        ,  4.189600000000000e+00,  4.088391040840262e+00,  4.911391075271200e+02
3283        ,  0.000000000000000e+00,  1.380697828128360e-01,  0.000000000000000e+00
4284        ,  2.943400000000000e+00,  2.806259401212419e+00,  3.317330875889994e+02
5814        ,  0.000000000000000e+00,  1.380697828128360e-01,  0.000000000000000e+00
3835        ,  1.736000000000000e+00,  1.823684844909513e+00,  2.095706711321567e+02
3489        ,  2.194900000000000e+00,  2.322723601832389e+00,  2.716156122109318e+02
3712        ,  0.000000000000000e+00,  1.380697828128360e-01,  0.000000000000000e+00
5650        ,  4.359699999999999e+00,  4.391410101112754e+00,  5.288131348036391e+02
3446        ,  1.277400000000000e+00,  1.188192287128587e+00,  1.305605787164062e+02
4672        ,  6.372000000000000e-01,  6.302310138393037e-01,  6.118986583042858e+01
5001        ,  3.887400000000000e+00,  3.991715510136403e+00,  4.791195448717745e+02
3871        ,  2.856000000000001e-01,  3.011395581186958e-01,  2.027428623573782e+01
5893        ,  4.026400000000000e+00,  3.772978493529086e+00,  4.519242116058144e+02
5360        ,  2.079200000000000e+00,  1.256836191278861e+00,  1.390950000000000e+02
4956        ,  3.796700000000000e+00,  4.030792949257135e+00,  4.839780000000000e+02
4791        ,  3.607100000000000e+00,  4.033624149341826e+00,  4.843300000000000e+02
3642        ,  5.232000000000000e-01,  6.954324408196927e-01,  6.929628770474305e+01
5895        ,  2.015800000000000e+00,  4.047316532490143e+00,  4.860323589728857e+02
4395        ,  9.707000000000000e-01,  5.121846090357846e-01,  4.651328584742839e+01
4360        ,  1.576000000000000e-01,  3.348058653262550e-01,  2.445998127055407e+01
4190        ,  0.000000000000000e+00,  1.380697828128360e-01,  0.000000000000000e+00
4195        ,  5.205000000000000e+00,  5.874523529409250e+00,  7.132070000000000e+02
5391        ,  2.591300000000000e+00,  2.465258821398753e+00,  2.893368596630852e+02
3452        ,  0.000000000000000e+00,  1.380697828128360e-01,  0.000000000000000e+00
3615        ,  3.120000000000012e-02,  1.527143985563236e-01,  1.820749006607543e+00
3084        ,  8.620000000000028e-02,  9.837383220443183e-01,  1.051410415742521e+02
4001        ,  2.571800000000000e+00,  2.319420973064306e+00,  2.712050000000000e+02
4065        ,  0.000000000000000e+00,  1.380697828128360e-01,  0.000000000000000e+00
5625        ,  8.441999999999998e-01,  1.611448357715416e+00,  1.831835415554471e+02
3791        ,  2.952400000000000e+00,  2.421833130843610e+00,  2.839377912051311e+02
3770        ,  7.553000000000001e-01,  1.380697828128360e-01,  0.000000000000000e+00
4869        ,  2.777500000000000e+00,  4.064413450262835e+00,  4.881579999999999e+02
4745        ,  0.000000000000000e+00,  1.380697828128360e-01,  0.000000000000000e+00
3197        ,  1.631300000000000e+00,  1.705248512461131e+00,  1.948456118729180e+02
5875        ,  4.952999999999994e-01,  3.536814262159927e-01,  2.680675904479737e+01
3846        ,  4.541999999999993e-01,  6.564585375187036e-01,  6.445070507138165e+01
3699        ,  1.530600000000000e+00,  1.578359442143644e+00,  1.790696329891663e+02
5642        ,  5.254999999999996e-01,  8.335717786176143e-01,  8.647100000000000e+01
3361        ,  0.000000000000000e+00,  1.380697828128360e-01,  0.000000000000000e+00
3183        ,  1.126200000000000e+00,  1.183859432151545e+00,  1.300218796113284e+02
4240        ,  1.907300000000000e+00,  1.838255930907453e+00,  2.113822782661806e+02
3279        ,  0.000000000000000e+00,  1.380697828128360e-01,  0.000000000000000e+00
3707        ,  1.609999999999999e+00,  1.804092723847280e+00,  2.071348042179114e+02
3456        ,  1.118800000000000e+00,  9.822625697022322e-01,  1.049575629048274e+02
5161        ,  4.347900000000000e+00,  4.245484229721078e+00,  5.106703313304316e+02
4762        ,  2.902400000000000e+00,  3.538564879757408e+00,  4.227798242155296e+02
5732        ,  5.205000000000001e-01,  4.460703492868230e-01,  3.829337247660153e+01
3035        ,  2.801000000000000e-01,  1.478703120584341e-01,  1.218489047490790e+00
3342        ,  0.000000000000000e+00,  1.380697828128360e-01,  0.000000000000000e+00
5370        ,  3.720300000000000e+00,  3.869591494435063e+00,  4.639360000000000e+02
4447        ,  2.571900000000000e+00,  2.653215506039579e+00,  3.127053080293195e+02
4256        ,  2.726200000000000e+00,  2.802202446851048e+00,  3.312286909047365e+02
3475        ,  0.000000000000000e+00,  1.380697828128360e-01,  0.000000000000000e+00
4651        ,  3.520400000000000e+00,  3.432878881371536e+00,  4.096400000000000e+02
4953        ,  2.663900000000000e+00,  2.548850155268542e+00,  2.997296784826641e+02
3068        ,  4.846000000000000e+00,  4.879659930192389e+00,  5.895167003217972e+02
3250        ,  1.199900000000000e+00,  1.380697828128360e-01,  0.000000000000000e+00
3509        ,  0.000000000000000e+00,  1.380697828128360e-01,  0.000000000000000e+00
5085        ,  0.000000000000000e+00,  1.380697828128360e-01,  0.000000000000000e+00
4930        ,  7.380000000000009e-02,  7.251294666519860e-01,  7.298848634145988e+01
4805        ,  8.720000000000001e-01,  6.864618786409570e-01,  6.818098755199526e+01
4252        ,  1.628000000000003e-01,  1.380697828128360e-01,  0.000000000000000e+00
4987        ,  2.826900000000000e+00,  2.699983795026845e+00,  3.185199580826791e+02
4859        ,  0.000000000000000e+00,  1.380697828128360e-01,  0.000000000000000e+00
4901        ,  1.536700000000000e+00,  1.628957464899466e+00,  1.853604296398013e+02
3503        ,  7.069999999999999e-01,  4.036544218742402e-01,  3.301984676220092e+01
5304        ,  1.210000000000022e-02,  1.380697828128360e-01,  0.000000000000000e+00
3778        ,  4.467100000000000e+00,  4.006019948516092e+00,  4.808980000000000e+02
5307        ,  0.000000000000000e+00,  1.380697828128360e-01,  0.000000000000000e+00
5162        ,  0.000000000000000e+00,  1.380697828128360e-01,  0.000000000000000e+00
5909        ,  1.706400000000000e+00,  1.483101027916442e+00,  1.672262588704348e+02
5855        ,  0.000000000000000e+00,  1.380697828128360e-01,  0.000000000000000e+00
3939        ,  0.000000000000000e+00,  1.380697828128360e-01,  0.000000000000000e+00
3401        ,  2.284600000000000e+00,  1.967378937533558e+00,  2.274360000000000e+02
4835        ,  4.617200000000000e+00,  4.511434664982176e+00,  5.437356571327713e+02
4892        ,  0.000000000000000e+00,  1.380697828128360e-01,  0.000000000000000e+00
4192        ,  2.623400000000000e+00,  2.558759649657435e+00,  3.009617150468588e+02
4412        ,  0.000000000000000e+00,  1.380697828128360e-01,  0.000000000000000e+00
4464        ,  2.394400000000000e+00,  2.012396742297704e+00,  2.330330142706148e+02
5256        ,  1.496700000000000e+00,  1.518134680020417e+00,  1.715819543959055e+02
3666        ,  4.611900000000000e+00,  5.515757393677361e+00,  6.686020000000000e+02
3081        ,  9.398000000000002e-01,  1.375892029500840e+00,  1.538970817323182e+02
4753        ,  7.596999999999996e-01,  1.398210507011204e+00,  1.566719135522694e+02
3512        ,  2.296399999999999e+00,  2.257237664259813e+00,  2.634738174468695e+02
4475        ,  4.044100000000000e+00,  3.936497234503690e+00,  4.722543172505204e+02
3178        ,  0.000000000000000e+00,  1.380697828128360e-01,  0.000000000000000e+00
4452        ,  1.246100000000000e+00,  8.834922151364409e-01,  9.267755309726978e+01
4851        ,  0.000000000000000e+00,  1.380697828128360e-01,  0.000000000000000e+00
4688        ,  2.151000000000000e+00,  2.267292690484497e+00,  2.647239478245237e+02
3725        ,  0.000000000000000e+00,  1.380697828128360e-01,  0.000000000000000e+00
3488        ,  3.973200000000000e+00,  3.172255416284172e+00,  3.772369705543516e+02
4840        ,  3.246200000000000e+00,  3.332654177105692e+00,  3.971791724900176e+02
4061        ,  1.667600000000000e+00,  1.746423963464196e+00,  1.999649105164341e+02
3468        ,  3.429900000000000e+00,  3.285883334567294e+00,  3.913642049564477e+02
5755        ,  1.744400000000000e+00,  1.615038650607367e+00,  1.836299187312605e+02
3201        ,  0.000000000000000e+00,  5.616858626947088e-01,  5.266772239967418e+01
4310        ,  1.386300000000000e+00,  1.351592919113350e+00,  1.508760000000000e+02
5787        ,  2.082800000000000e+00,  1.490482777003125e+00,  1.681440236347702e+02
5017        ,  3.460900000000000e+00,  3.570292752575688e+00,  4.267245158296706e+02
3275        ,  0.000000000000000e+00,  1.381701657701542e-01,  1.248050293833776e-02
3568        ,  3.916600000000000e+00,  4.601094952337944e+00,  5.548830222801128e+02
4102        ,  1.217700000000000e+00,  1.172133587370613e+00,  1.285640181958788e+02
4858        ,  3.400500000000000e+00,  3.340927456817021e+00,  3.982077802786848e+02
3225        ,  2.281000000000004e-01,  1.380697828128360e-01,  0.000000000000000e+00
4937        ,  0.000000000000000e+00,  1.380697828128360e-01,  0.000000000000000e+00
4798        ,  1.230200000000000e+00,  1.185464957832491e+00,  1.302214928575801e+02
4839        ,  2.247100000000000e+00,  1.959318628462633e+00,  2.264338706173726e+02
3619        ,  0.000000000000000e+00,  1.380697828128360e-01,  0.000000000000000e+00
3322        ,  0.000000000000000e+00,  1.380697828128360e-01,  0.000000000000000e+00
4624        ,  1.861999999999995e-01,  1.730993972451220e-01,  4.355193526179951e+00
5806        ,  3.925800000000000e+00,  3.029128875321230e+00,  3.594422047617880e+02
4535        ,  1.017200000000000e+00,  8.373374634898796e-01,  8.693918346827729e+01
3001        ,  0.000000000000000e+00,  1.380697828128360e-01,  0.000000000000000e+00
3237        ,  9.591000000000000e-01,  9.184468930028074e-01,  9.702342984243298e+01
3462        ,  9.331000000000000e-01,  7.680732229404748e-01,  7.832763644084253e+01
3491        ,  8.259000000000001e-01,  9.516787252782761e-01,  1.011551070856693e+02
3481        ,  8.867999999999998e-01,  1.380697828128360e-01,  0.000000000000000e+00
4049        ,  4.949900000000000e+00,  5.850635278694673e+00,  7.102370000000001e+02
5896        ,  0.000000000000000e+00,  1.380697828128360e-01,  0.000000000000000e+00
3961        ,  1.207400000000000e+00,  1.406704627931140e+00,  1.577279782860850e+02
3907        ,  1.832000000000000e+00,  1.144887115177596e+00,  1.251764942042673e+02
3543        ,  2.136700000000000e+00,  2.139109056582504e+00,  2.487870172707680e+02
3529        ,  3.656900000000000e+00,  3.685223154558612e+00,  4.410136866010151e+02
3611        ,  1.296200000000000e+00,  1.367370631790736e+00,  1.528376257051104e+02
3217        ,  3.489100000000000e+00,  3.053055695009761e+00,  3.624170000000000e+02
3692        ,  1.994200000000000e+00,  2.031091591915291e+00,  2.353573244106768e+02
5730        ,  0.000000000000000e+00,  1.380697828128360e-01,  0.000000000000000e+00
5371        ,  4.331500000000000e+00,  3.671985372866646e+00,  4.393678477283869e+02
3979        ,  1.458900000000000e+00,  1.635998198300923e+00,  1.862357962981715e+02
3922        ,  1.836800000000000e+00,  1.839577508768891e+00,  2.115465885915941e+02
5636        ,  2.208800000000000e+00,  1.461626405683699e+00,  1.645563426512315e+02
3253        ,  0.000000000000000e+00,  1.380697828128360e-01,  0.000000000000000e+00
5413        ,  7.898000000000001e-01,  1.951701250541839e+00,  2.254868103786355e+02
3824        ,  2.338300000000000e+00,  2.295886622360316e+00,  2.682790000000001e+02
5357        ,  3.189999999999982e-02,  1.380697828128360e-01,  0.000000000000000e+00
5584        ,  3.728300000000000e+00,  3.896045520226392e+00,  4.672250000000001e+02
5423        ,  0.000000000000000e+00,  1.380697828128360e-01,  0.000000000000000e+00
3710        ,  3.456000000000000e+00,  3.314314572873830e+00,  3.948990296189705e+02
4749        ,  2.372800000000001e+00,  2.281068624678005e+00,  2.664366946071816e+02
3853        ,  0.000000000000000e+00,  1.380697828128360e-01,  0.000000000000000e+00
4604        ,  2.293100000000000e+00,  2.529994889785649e+00,  2.973854240140846e+02
4755        ,  2.301300000000000e+00,  2.336202347174542e+00,  2.732914098297908e+02
3150        ,  0.000000000000000e+00,  1.380697828128360e-01,  0.000000000000000e+00
3950        ,  0.000000000000000e+00,  1.380697828128360e-01,  0.000000000000000e+00
5107        ,  2.169700000000000e+00,  4.091221376064750e+00,  4.914910000000000e+02
5441        ,  3.915400000000000e+00,  3.905069970496342e+00,  4.683470000000000e+02
3886        ,  1.935600000000000e+00,  1.963685200898790e+00,  2.269767617771457e+02
3917        ,  4.013700000000000e+00,  3.903267206881379e+00,  4.681228643778310e+02
3695        ,  1.607300000000000e+00,  9.787491661961025e-01,  1.045207453019864e+02
3680        ,  2.891000000000000e+00,  2.970263386920382e+00,  3.521235231789699e+02
4977        ,  0.000000000000000e+00,  1.380697828128360e-01,  0.000000000000000e+00
3959        ,  2.491400000000000e+00,  2.032580010447054e+00,  2.355423778535661e+02
3665        ,  1.944300000000001e+00,  1.995900801983331e+00,  2.309820921114719e+02
3685        ,  3.286000000000000e+00,  2.893668514300819e+00,  3.426005667097762e+02
3506        ,  1.599000000000000e+00,  1.071881891636297e+00,  1.160998348662377e+02
4046        ,  0.000000000000000e+00,  6.668131873600014e-01,  6.573808732452788e+01
5179        ,  7.950000000000035e-02,  1.380697828128360e-01,  0.000000000000000e+00
5281        ,  1.805600000000000e+00,  2.162320836374711e+00,  2.516729123832463e+02
5869        ,  4.138300000000000e+00,  3.911882545700129e+00,  4.691940000000000e+02
4250        ,  2.172900000000000e+00,  2.539442035341918e+00,  2.985599772552309e+02
4232        ,  0.000000000000000e+00,  5.917365676805977e-01,  5.640389357748369e+01
3579        ,  1.574400000000000e+00,  1.376271578838251e+00,  1.539442706849786e+02
3199        ,  2.250400000000000e+00,  1.702136640784272e+00,  1.944587162818302e+02
3472        ,  7.224000000000004e-01,  8.109241222844271e-01,  8.365524173819809e+01
5768        ,  1.701800000000000e+00,  1.968352243591554e+00,  2.275570100742322e+02
3486        ,  7.329999999999992e-02,  1.380697828128360e-01,  0.000000000000000e+00
5647        ,  3.195000000000000e+00,  2.976524817720468e+00,  3.529020000000000e+02
4658        ,  2.303800000000000e+00,  2.281553671931569e+00,  2.664970000000000e+02
5559        ,  3.416700000000000e+00,  2.853592663387697e+00,  3.376179801389085e+02
3393        ,  8.523999999999998e-01,  2.536105666858303e-01,  1.436505888199645e+01
3139        ,  1.653300000000000e+00,  1.608579724563916e+00,  1.828268875433240e+02
4492        ,  1.135700000000000e+00,  1.060344589500120e+00,  1.146654147509324e+02
4690        ,  1.719900000000000e+00,  1.757097807197026e+00,  2.012919777958795e+02
3825        ,  1.613500000000001e+00,  1.584811271003403e+00,  1.798717817920417e+02
4563        ,  0.000000000000000e+00,  1.380697828128360e-01,  0.000000000000000e+00
5631        ,  1.302400000000000e+00,  3.823748023758877e+00,  4.582363315925017e+02
4055        ,  1.163999999999996e-01,  3.057461643612854e-01,  2.084702053528795e+01
5780        ,  9.264000000000001e-01,  1.010698830778031e+00,  1.084930120427412e+02
4399        ,  4.730000000000034e-02,  1.380697828128360e-01,  0.000000000000000e+00
3479        ,  2.809000000000000e+00,  2.595770819768351e+00,  3.055632732163043e+02
5715        ,  3.863600000000000e+00,  4.230127130219883e+00,  5.087610000000000e+02
5763        ,  3.147600000000001e+00,  4.253709856305856e+00,  5.116930144581621e+02
4439        ,  0.000000000000000e+00,  1.380697828128360e-01,  0.000000000000000e+00
3440        ,  2.282500000000000e+00,  2.572676503328229e+00,  3.026919821935042e+02
3534        ,  0.000000000000000e+00,  5.798551779692634e-01,  5.492669343150860e+01
3574        ,  2.645500000000000e+00,  2.438477177123654e+00,  2.860071272164768e+02
3733        ,  0.000000000000000e+00,  1.380697828128360e-01,  0.000000000000000e+00
3089        ,  0.000000000000000e+00,  1.380697828128360e-01,  0.000000000000000e+00
3658        ,  2.646900000000000e+00,  2.301172732742256e+00,  2.689362163036108e+02
4695        ,  2.482000000000000e+00,  2.401355565926267e+00,  2.813918380279318e+02
5697        ,  1.888100000000000e+00,  1.414411200956133e+00,  1.586861280542580e+02
3968        ,  3.180000000000000e+00,  2.975882227111430e+00,  3.528221074146599e+02
5590        ,  2.527500000000000e+00,  1.769033105189190e+00,  2.027758802992594e+02
4965        ,  2.943700000000000e+00,  2.745689806743093e+00,  3.242025363685148e+02
4770        ,  2.630999999999999e-01,  8.005415328018788e-01,  8.236438578011189e+01
3864        ,  2.564400000000000e+00,  2.387015875086294e+00,  2.796090000000000e+02
5202        ,  3.249999999999975e-02,  1.890141336517107e-01,  6.333855241193064e+00
4744        ,  1.614900000000000e+00,  1.582938267595493e+00,  1.796389133334860e+02
4337        ,  0.000000000000000e+00,  1.380697828128360e-01,  0.000000000000000e+00
3545        ,  5.858400000000000e+00,  5.569406648791634e+00,  6.752721530218017e+02
3700        ,  6.755000000000000e-01,  7.889277823232850e-01,  8.092046092627672e+01
4175        ,  6.012000000000000e-01,  4.767491846472814e-01,  4.210763841466625e+01
5607        ,  9.406000000000001e-01,  5.774170377872953e-01,  5.462356213792976e+01
5359        ,  1.056300000000000e+00,  1.223012468443074e+00,  1.348897336528502e+02
4377        ,  4.062600000000000e+00,  4.497144688207266e+00,  5.419589999999999e+02
4075        ,  2.952200000000000e+00,  2.502035064805503e+00,  2.939092096531745e+02
5633        ,  4.619200000000000e+00,  4.397127502097874e+00,  5.295239729947103e+02
4910        ,  0.000000000000000e+00,  1.380697828128360e-01,  0.000000000000000e+00
3649        ,  1.546300000000000e+00,  1.093766936673183e+00,  1.188207785023445e+02
3741        ,  4.134000000000000e+00,  3.779877841751429e+00,  4.527820000000000e+02
3537        ,  2.426400000000000e+00,  2.614983738487444e+00,  3.079519943193060e+02
3156        ,  1.755100000000000e+00,  9.893172608693012e-01,  1.058346649168809e+02
3519        ,  1.893400000000000e+00,  1.320275395760844e+00,  1.469823266846834e+02
5109        ,  0.000000000000000e+00,  1.380697828128360e-01,  0.000000000000000e+00
3131        ,  6.086400000000000e+00,  5.531227229037712e+00,  6.705253476561013e+02
3204        ,  3.863100000000000e+00,  3.539044376745978e+00,  4.228394395499911e+02
4783        ,  0.000000000000000e+00,  1.380697828128360e-01,  0.000000000000000e+00
3982        ,  9.999999999976694e-05,  1.380697828128360e-01,  0.000000000000000e+00
5510        ,  3.329200000000000e+00,  3.506430353921318e+00,  4.187845738778834e+02
3430        ,  0.000000000000000e+00,  1.380697828128360e-01,  0.000000000000000e+00
5228        ,  8.589000000000000e-01,  1.011708552721580e+00,  1.086185496640670e+02
4312        ,  5.035999999999996e-01,  4.624575973478284e-01,  4.033078104714566e+01
4346        ,  2.214600000000000e+00,  1.213022881651797e+00,  1.336477392881482e+02
5274        ,  2.598400000000000e+00,  4.842285673531581e+00,  5.848700000000000e+02
4358        ,  3.600000000000003e-02,  1.380697828128360e-01,  0.000000000000000e+00
3788        ,  7.426000000000001e-01,  6.911798776349022e-01,  6.876757119009592e+01
3544        ,  0.000000000000000e+00,  1.380697828128360e-01,  0.000000000000000e+00
3583        ,  1.527200000000000e+00,  1.592626155906592e+00,  1.808433978571856e+02
3222        ,  0.000000000000000e+00,  1.380697828128360e-01,  0.000000000000000e+00
3620        ,  9.683000000000000e-01,  1.276512901756040e+00,  1.415413838233899e+02
3484        ,  1.768600000000000e+00,  2.088458802170808e+00,  2.424897267156692e+02
4920        ,  3.948700000000000e+00,  3.675478630815572e+00,  4.398021606562054e+02
4565        ,  1.903700000000000e+00,  2.067185743421833e+00,  2.398448706632375e+02
4215        ,  2.252700000000000e+00,  1.919164594505745e+00,  2.214415636344596e+02
4801        ,  3.595800000000000e+00,  3.285214101954391e+00,  3.912810000000000e+02
3224        ,  0.000000000000000e+00,  1.380697828128360e-01,  0.000000000000000e+00
5473        ,  0.000000000000000e+00,  1.380697828128360e-01,  0.000000000000000e+00
5120        ,  8.623000000000001e-01,  2.041932951305633e+00,  2.367052187280145e+02
3365        ,  8.793000000000000e-01,  1.195023538108308e+00,  1.314099006551361e+02
4647        ,  3.913400000000000e+00,  3.500562258396171e+00,  4.180550000000000e+02
3532        ,  2.109100000000000e+00,  2.084054755562449e+00,  2.419421764331848e+02
5277        ,  4.523999999999999e-01,  8.885380321737788e-01,  9.330489399300765e+01
4570        ,  0.000000000000000e+00,  1.380697828128360e-01,  0.000000000000000e+00
4007        ,  2.537700000000000e+00,  2.210250991127153e+00,  2.576320159323348e+02
5635        ,  2.510199999999999e+00,  2.369194227803287e+00,  2.773932541480766e+02
4531        ,  8.411000000000000e-01,  9.059870854482658e-01,  9.547431564067993e+01
4679        ,  0.000000000000000e+00,  9.803831776680012e-01,  1.047239001553712e+02
4157        ,  1.256900000000000e+00,  1.768679387824169e+00,  2.027319030073821e+02
3754        ,  7.879000000000000e-01,  8.853205170878746e-01,  9.290486387279026e+01
3524        ,  1.959900000000000e+00,  1.688247010791565e+00,  1.927318338252104e+02
2992        ,  0.000000000000000e+00,  1.380697828128360e-01,  0.000000000000000e+00
4587        ,  0.000000000000000e+00,  1.380697828128360e-01,  0.000000000000000e+00
4161        ,  5.473999999999997e-01,  6.463891060702048e-01,  6.319878370805669e+01
3051        ,  3.296900000000000e+00,  3.542357014337471e+00,  4.232512961469553e+02
3400        ,  6.249000000000002e-01,  2.334142749890057e-01,  1.185407609567772e+01
3218        ,  0.000000000000000e+00,  1.380697828128360e-01,  0.000000000000000e+00
5134        ,  2.371200000000000e+00,  2.215879017822644e+00,  2.583317423160424e+02
4246        ,  3.542900000000000e+00,  3.460061057298467e+00,  4.130195301073980e+02
4771        ,  2.747500000000000e+00,  2.381323595681503e+00,  2.789012851474464e+02
5571        ,  2.085500000000000e+00,  1.715389232237889e+00,  1.961063964358745e+02
4741        ,  0.000000000000000e+00,  1.380697828128360e-01,  0.000000000000000e+00
4233        ,  3.497600000000000e+00,  3.399317182964364e+00,  4.054673108625540e+02
5535        ,  1.533700000000000e+00,  1.424778529714696e+00,  1.599750866632759e+02
3613        ,  5.574700000000000e+00,  5.468005133329756e+00,  6.626650138670705e+02
3514        ,  0.000000000000000e+00,  1.380697828128360e-01,  0.000000000000000e+00
3719        ,  0.000000000000000e+00,  1.380697828128360e-01,  0.000000000000000e+00
3520        ,  8.754999999999997e-01,  9.628222117157553e-01,  1.025405645272691e+02
4251        ,  0.000000000000000e+00,  1.380697828128360e-01,  0.000000000000000e+00
4237        ,  0.000000000000000e+00,  1.380697828128360e-01,  0.000000000000000e+00
3686        ,  1.206600000000000e+00,  1.089518971181012e+00,  1.182926336137759e+02
4534        ,  1.043000000000000e+00,  1.142091214012203e+00,  1.248288828801718e+02
5157        ,  4.291200000000000e+00,  4.422114638314780e+00,  5.326305962234646e+02
5253        ,  4.834600000000000e+00,  4.802927633831448e+00,  5.799766581096260e+02
5551        ,  0.000000000000000e+00,  1.380697828128360e-01,  0.000000000000000e+00
3368        ,  0.000000000000000e+00,  1.380697828128360e-01,  0.000000000000000e+00
4533        ,  1.544200000000000e+00,  1.441831277306451e+00,  1.620952360602599e+02
5280        ,  9.822000000000002e-01,  2.394811538466340e-01,  1.260836448717392e+01
4042        ,  1.349900000000000e+00,  1.569028839380632e+00,  1.779095693856293e+02
5025        ,  2.353300000000000e+00,  2.217443067891152e+00,  2.585261989449086e+02
3343        ,  0.000000000000000e+00,  1.380697828128360e-01,  0.000000000000000e+00
4703        ,  0.000000000000000e+00,  1.380697828128360e-01,  0.000000000000000e+00
3867        ,  1.943600000000000e+00,  1.830154208428710e+00,  2.103750000000000e+02
5016        ,  3.666500000000000e+00,  2.967042767039764e+00,  3.517231070430324e+02
3988        ,  1.247000000000000e+00,  1.289392592863033e+00,  1.431427016865026e+02
3134        ,  0.000000000000000e+00,  1.380697828128360e-01,  0.000000000000000e+00
5800        ,  5.573999999999995e-01,  6.840136498485911e-01,  6.787660195255539e+01
4939        ,  0.000000000000000e+00,  1.380697828128360e-01,  0.000000000000000e+00
4466        ,  0.000000000000000e+00,  1.380697828128360e-01,  0.000000000000000e+00
3987        ,  6.479999999999997e-02,  1.380697828128360e-01,  0.000000000000000e+00
5532        ,  0.000000000000000e+00,  1.176185712747682e+00,  1.290678144978220e+02
4730        ,  1.903900000000000e+00,  2.062310691641183e+00,  2.392387608244917e+02
5654        ,  5.839999999999979e-02,  1.380697828128360e-01,  0.000000000000000e+00
4643        ,  0.000000000000000e+00,  1.380697828128360e-01,  0.000000000000000e+00
3449        ,  5.802000000000000e-01,  6.873418232999894e-01,  6.829039010593495e+01
5471        ,  2.481200000000000e+00,  2.036946582883211e+00,  2.360852690133393e+02
2988        ,  1.057200000000000e+00,  1.132162209132785e+00,  1.235944205980980e+02
2993        ,  0.000000000000000e+00,  1.380697828128360e-01,  0.000000000000000e+00
3990        ,  0.000000000000000e+00,  1.380697828128360e-01,  0.000000000000000e+00
5435        ,  2.611900000000000e+00,  2.777499109348859e+00,  3.281573520587853e+02
3349        ,  2.150700000000000e+00,  1.093391564656741e+00,  1.187741089114165e+02
4243        ,  2.519600000000000e+00,  2.279242835618442e+00,  2.662096962567502e+02
3029        ,  0.000000000000000e+00,  1.380697828128360e-01,  0.000000000000000e+00
5735        ,  0.000000000000000e+00,  1.380697828128360e-01,  0.000000000000000e+00
4374        ,  4.502000000000002e-01,  1.380697828128360e-01,  0.000000000000000e+00
4023        ,  0.000000000000000e+00,  2.324021673201929e+00,  2.717770000000000e+02
4167        ,  1.737100000000000e+00,  1.634736744041589e+00,  1.860789610742371e+02
4577        ,  1.650400000000000e+00,  7.369581148017030e-01,  7.445912918694968e+01
4336        ,  0.000000000000000e+00,  1.380697828128360e-01,  0.000000000000000e+00
3421        ,  8.106000000000000e-01,  1.380697828128360e-01,  0.000000000000000e+00
3025        ,  0.000000000000000e+00,  1.380697828128360e-01,  0.000000000000000e+00
3551        ,  1.471900000000000e+00,  1.304186720611574e+00,  1.449820393566467e+02
3067        ,  0.000000000000000e+00,  8.711687773721741e-01,  9.114539360191009e+01
3170        ,  1.528999999999998e-01,  1.380697828128360e-01,  0.000000000000000e+00
3575        ,  2.196800000000000e+00,  1.535178892497197e+00,  1.737010426314098e+02
3082        ,  3.936999999999999e-01,  1.380697828128360e-01,  0.000000000000000e+00
3346        ,  2.480700000000000e+00,  1.129087655934546e+00,  1.232121647725093e+02
5052        ,  0.000000000000000e+00,  1.380697828128360e-01,  0.000000000000000e+00
4127        ,  2.794999999999999e-01,  3.169734625427412e-01,  2.224289819905410e+01
3110        ,  0.000000000000000e+00,  1.380697828128360e-01,  0.000000000000000e+00
5311        ,  0.000000000000000e+00,  1.380697828128360e-01,  0.000000000000000e+00
3063        ,  4.020500000000000e+00,  4.025774775138432e+00,  4.833540959180049e+02
5337        ,  8.550000000000000e-01,  1.003672023765772e+00,  1.076193768370594e+02
3836        ,  2.259999999999995e-02,  2.133578480744861e-01,  9.360482544276568e+00
4369        ,  2.673600000000000e+00,  3.293707702208463e+00,  3.923370000000000e+02
3861        ,  4.192900000000000e+00,  4.624577408550170e+00,  5.578025702948928e+02
4024        ,  4.102000000000000e+00,  4.170842014961888e+00,  5.013901466704676e+02
3752        ,  3.178199999999999e+00,  3.164755636608736e+00,  3.763045311764255e+02
4294        ,  1.687000000000000e+00,  1.530782932642482e+00,  1.731544977661327e+02
3090        ,  0.000000000000000e+00,  1.380697828128360e-01,  0.000000000000000e+00
3143        ,  0.000000000000000e+00,  5.885884952559278e-01,  5.601249718714171e+01
4069        ,  2.483500000000000e+00,  2.454973117438027e+00,  2.880580493756197e+02
3315        ,  3.259000000000000e+00,  3.784837011605562e+00,  4.533985681465234e+02
3460        ,  0.000000000000000e+00,  1.380697828128360e-01,  0.000000000000000e+00
3588        ,  0.000000000000000e+00,  1.380697828128360e-01,  0.000000000000000e+00
4264        ,  0.000000000000000e+00,  1.380697828128360e-01,  0.000000000000000e+00
5491        ,  9.824000000000006e-01,  1.115592614785965e+00,  1.215343411139177e+02
3291        ,  2.689400000000000e+00,  2.240289674965960e+00,  2.613666925341178e+02
3179        ,  0.000000000000000e+00,  1.380697828128360e-01,  0.000000000000000e+00
5103        ,  3.941999999999997e-01,  1.418541455908394e-01,  4.705056718034029e-01
4465        ,  9.755000000000003e-01,  8.374976521422481e-01,  8.695909954765953e+01
3330        ,  0.000000000000000e+00,  1.380697828128360e-01,  0.000000000000000e+00
4278        ,  7.349000000000001e-01,  1.380697828128360e-01,  0.000000000000000e+00
3077        ,  2.134800000000000e+00,  1.821043834650978e+00,  2.092423172245570e+02
3897        ,  3.892500000000000e+00,  3.402797380471698e+00,  4.059000000000000e+02
5136        ,  1.867100000000000e+00,  1.535601314593745e+00,  1.737535619071716e+02
4171        ,  4.364300000000000e+00,  4.096125108832081e+00,  4.921006757143496e+02
3292        ,  0.000000000000000e+00,  1.380697828128360e-01,  0.000000000000000e+00
3219        ,  0.000000000000000e+00,  1.380697828128360e-01,  0.000000000000000e+00
4584        ,  0.000000000000000e+00,  1.380697828128360e-01,  0.000000000000000e+00
3126        ,  0.000000000000000e+00,  1.380697828128360e-01,  0.000000000000000e+00
5240        ,  1.568900000000000e+00,  1.131232000497858e+00,  1.234787687791873e+02
3168        ,  1.440000000000019e-02,  1.380697828128360e-01,  0.000000000000000e+00
3774        ,  7.475999999999998e-01,  8.238666283009040e-01,  8.526436931008345e+01
3268        ,  0.000000000000000e+00,  1.380697828128360e-01,  0.000000000000000e+00
3407        ,  2.927999999999997e-01,  1.380697828128360e-01,  0.000000000000000e+00
3504        ,  0.000000000000000e+00,  1.380697828128360e-01,  0.000000000000000e+00
4715        ,  0.000000000000000e+00,  1.380697828128360e-01,  0.000000000000000e+00
3548        ,  0.000000000000000e+00,  1.380697828128360e-01,  0.000000000000000e+00
5399        ,  1.045000000000000e+00,  6.273937590951175e-01,  6.083711306125696e+01
4516        ,  0.000000000000000e+00,  1.380697828128360e-01,  0.000000000000000e+00
3161        ,  0.000000000000000e+00,  1.380697828128360e-01,  0.000000000000000e+00
3704        ,  2.006600000000000e+00,  2.347178212550892e+00,  2.746560271287823e+02
4747        ,  3.408700000000000e+00,  2.824482180479980e+00,  3.339987057404209e+02
5516        ,  0.000000000000000e+00,  1.380697828128360e-01,  0.000000000000000e+00
4393        ,  0.000000000000000e+00,  1.380697828128360e-01,  0.000000000000000e+00
5554        ,  1.662000000000000e+00,  1.167597393066033e+00,  1.280000381353220e+02
3498        ,  3.940200000000000e+00,  3.704103939008160e+00,  4.433611138147181e+02
5336        ,  4.309000000000003e-01,  5.966569235524033e-01,  5.701563602417299e+01
3630        ,  3.936000000000000e+00,  3.725908090137014e+00,  4.460720000000000e+02
3392        ,  3.340500000000000e+00,  3.159439143151380e+00,  3.756435373783859e+02
5299        ,  3.388300000000000e+00,  2.663501210000305e+00,  3.139841183167851e+02
4838        ,  3.014200000000000e+00,  2.930347303321044e+00,  3.471608003029205e+02
5297        ,  1.494600000000000e+00,  1.617755629012088e+00,  1.839677176751194e+02
3410        ,  2.838900000000000e+00,  2.605474314070923e+00,  3.067696980158000e+02
4955        ,  4.844999999999997e-01,  1.380697828128360e-01,  0.000000000000000e+00
3109        ,  0.000000000000000e+00,  1.380697828128360e-01,  0.000000000000000e+00
3146        ,  0.000000000000000e+00,  1.380697828128360e-01,  0.000000000000000e+00
4330        ,  2.371100000000000e+00,  2.309972269944009e+00,  2.700302531086272e+02
3038        ,  0.000000000000000e+00,  1.380697828128360e-01,  0.000000000000000e+00
4974        ,  1.457600000000000e+00,  1.293192087797519e+00,  1.436150887227178e+02
3726        ,  5.565000000000002e-01,  1.380697828128360e-01,  0.000000000000000e+00
3722        ,  0.000000000000000e+00,  1.380697828128360e-01,  0.000000000000000e+00
4902        ,  1.785500000000000e+00,  1.282978545829274e+00,  1.423452502565978e+02
3117        ,  0.000000000000000e+00,  1.380697828128360e-01,  0.000000000000000e+00
3133        ,  0.000000000000000e+00,  1.380697828128360e-01,  0.000000000000000e+00
5543        ,  4.231000000000000e-01,  7.471754928243648e-01,  7.572944458550619e+01
3130        ,  0.000000000000000e+00,  1.380697828128360e-01,  0.000000000000000e+00
3738        ,  1.802400000000000e+00,  1.709765745540439e+00,  1.954072345051419e+02
4181        ,  1.362600000000000e+00,  1.357622331268968e+00,  1.516256301975455e+02
3708        ,  3.914400000000000e+00,  3.142547402411507e+00,  3.735434057866320e+02
5601        ,  8.203000000000000e-01,  1.211121770309820e+00,  1.334113762009915e+02
5918        ,  0.000000000000000e+00,  1.380697828128360e-01,  0.000000000000000e+00
5456        ,  0.000000000000000e+00,  1.380697828128360e-01,  0.000000000000000e+00
5503        ,  8.586999999999998e-01,  7.451189867004301e-01,  7.547376143561530e+01
4630        ,  2.287500000000000e+00,  1.673550721251878e+00,  1.909046602722204e+02
4037        ,  1.423100000000000e+00,  1.214187300968105e+00,  1.337925102640877e+02
4293        ,  1.136700000000000e+00,  1.716290637766107e+00,  1.962184671961322e+02
5777        ,  6.503000000000001e-01,  7.990915567517304e-01,  8.218411184878074e+01
3093        ,  0.000000000000000e+00,  1.380697828128360e-01,  0.000000000000000e+00
4673        ,  1.365500000000000e+00,  1.238541945155461e+00,  1.368204964528088e+02
3395        ,  2.411100000000000e+00,  2.377927372675603e+00,  2.784790364676228e+02
3363        ,  3.151200000000000e+00,  2.713377170715527e+00,  3.201851417861937e+02
3231        ,  1.677200000000000e+00,  1.663388819259533e+00,  1.896412421476421e+02
5651        ,  5.059999999999998e-01,  4.947702333753942e-01,  4.434817562946677e+01
3608        ,  1.196200000000000e+00,  8.135415812651411e-01,  8.398066754126774e+01
5053        ,  0.000000000000000e+00,  1.380697828128360e-01,  0.000000000000000e+00
3411        ,  0.000000000000000e+00,  1.380697828128360e-01,  0.000000000000000e+00
5766        ,  2.967000000000000e+00,  2.655059169957068e+00,  3.129345287412237e+02
3000        ,  0.000000000000000e+00,  1.380697828128360e-01,  0.000000000000000e+00
3728        ,  0.000000000000000e+00,  1.380697828128360e-01,  0.000000000000000e+00
4241        ,  2.871100000000000e+00,  2.517552995036222e+00,  2.958385368917367e+02
3419        ,  4.336800000000000e+00,  3.918629046404542e+00,  4.700327850299930e+02
3998        ,  5.336600000000000e+00,  4.871434619107768e+00,  5.884940564198553e+02
3631        ,  3.243400000000000e+00,  3.432212028650083e+00,  4.095570909328449e+02
5095        ,  9.836999999999998e-01,  6.756205192506158e-01,  6.683309323465771e+01
5209        ,  1.572700000000000e+00,  1.220154211535704e+00,  1.345343697077745e+02
3928        ,  1.122600000000000e+00,  1.218393468236485e+00,  1.343154584253553e+02
3745        ,  2.101100000000000e+00,  1.173462846061452e+00,  1.287292834703840e+02
4270        ,  7.806999999999999e-01,  9.559773175766559e-01,  1.016895463495036e+02
5623        ,  3.708000000000000e+00,  4.213440354950180e+00,  5.066863515402542e+02
3230        ,  0.000000000000000e+00,  1.380697828128360e-01,  0.000000000000000e+00
3801        ,  0.000000000000000e+00,  1.380697828128360e-01,  0.000000000000000e+00
5627        ,  1.765000000000000e+00,  1.509300979776435e+00,  1.704836701373341e+02
4285        ,  0.000000000000000e+00,  1.380697828128360e-01,  0.000000000000000e+00
3873        ,  3.645000000000000e+00,  3.415360830847513e+00,  4.074620000000000e+02
3285        ,  0.000000000000000e+00,  1.380697828128360e-01,  0.000000000000000e+00
5770        ,  1.462100000000000e+00,  1.040512569101470e+00,  1.121997214154197e+02
4228        ,  0.000000000000000e+00,  1.380697828128360e-01,  0.000000000000000e+00
5070        ,  2.822200000000000e+00,  2.524353101701419e+00,  2.966839866920149e+02
4947        ,  8.538999999999999e-01,  1.051412460818021e+00,  1.135548929926504e+02
5131        ,  2.770000000000028e-02,  1.733905020741992e-01,  4.391386270164827e+00
5415        ,  1.726200000000000e+00,  1.701212702279823e+00,  1.943438440213621e+02
4165        ,  0.000000000000000e+00,  1.380697828128360e-01,  0.000000000000000e+00
5130        ,  3.741200000000000e+00,  3.081042569839993e+00,  3.658965774390908e+02
3586        ,  2.156900000000000e+00,  2.174858772434086e+00,  2.532317402162790e+02
4710        ,  0.000000000000000e+00,  1.380697828128360e-01,  0.000000000000000e+00
3538        ,  1.800000000000246e-03,  1.380697828128360e-01,  0.000000000000000e+00
4802        ,  0.000000000000000e+00,  1.380697828128360e-01,  0.000000000000000e+00
5102        ,  3.760100000000000e+00,  3.732256840241281e+00,  4.468613331343080e+02
5019        ,  1.267900000000000e+00,  1.381033867647905e+00,  1.545363608272695e+02
3426        ,  3.814500000000001e+00,  3.833742622890526e+00,  4.594789491359824e+02
5160        ,  4.105000000000000e+00,  4.134763529402028e+00,  4.969045481478684e+02
3607        ,  1.498500000000000e+00,  1.370154339967581e+00,  1.531837210883185e+02
5521        ,  0.000000000000000e+00,  1.380697828128360e-01,  0.000000000000000e+00
3227        ,  0.000000000000000e+00,  2.823200924787723e-01,  1.793448272235351e+01
5075        ,  0.000000000000000e+00,  1.380697828128360e-01,  0.000000000000000e+00
5039        ,  8.927999999999998e-01,  1.380697828128360e-01,  0.000000000000000e+00
5729        ,  3.487600000000000e+00,  3.238821387199818e+00,  3.855130446788930e+02
3717        ,  1.106800000000000e+00,  1.325609307907859e+00,  1.476454861292956e+02
3858        ,  3.167000000000000e-01,  3.168081478662180e-01,  2.222234480671321e+01
4893        ,  2.208000000000006e-01,  2.735305632767454e-01,  1.684169020096180e+01
3367        ,  2.085999999999997e-01,  4.113406107823303e-01,  3.397546219548575e+01
3369        ,  0.000000000000000e+00,  1.380697828128360e-01,  0.000000000000000e+00
5431        ,  0.000000000000000e+00,  1.380697828128360e-01,  0.000000000000000e+00
3345        ,  1.220300000000000e+00,  1.380697828128360e-01,  0.000000000000000e+00
3238        ,  0.000000000000000e+00,  1.380697828128360e-01,  0.000000000000000e+00
4457        ,  5.621100000000000e+00,  4.937750201387244e+00,  5.967390000000001e+02
4808        ,  8.830000000000001e-01,  6.619757846909358e-01,  6.513665835851499e+01
4444        ,  9.563000000000001e-01,  3.218508481537573e-01,  2.284929820036848e+01
3211        ,  1.219999999999999e-02,  1.380697828128360e-01,  0.000000000000000e+00
4993        ,  7.869999999999999e-01,  7.264285504126039e-01,  7.315000000000001e+01
3662        ,  2.304500000000000e+00,  2.423727865783743e+00,  2.841733615212431e+02
4731        ,  1.348900000000000e+00,  1.292591534932890e+00,  1.435404226440141e+02
3814        ,  2.086700000000000e+00,  1.945733736439032e+00,  2.247448758980785e+02
3810        ,  2.148500000000000e+00,  2.240691206795232e+00,  2.614166145458711e+02
4712        ,  1.100500000000000e+00,  1.058707984937105e+00,  1.144619375013744e+02
3573        ,  2.447999999999999e-01,  6.398841864454152e-01,  6.239003418861884e+01
3627        ,  2.072800000000000e+00,  1.698841285357546e+00,  1.940490083574486e+02
3590        ,  1.610000000000000e+00,  1.599846407277252e+00,  1.817410837876910e+02
5874        ,  4.438800000000000e+00,  4.790527796983331e+00,  5.784349999999999e+02
3765        ,  2.134000000000000e+00,  2.031599083532843e+00,  2.354204202866428e+02
5382        ,  5.297999999999998e-01,  8.195461876824895e-01,  8.472721366859227e+01
4089        ,  4.025900000000000e+00,  4.088391040840262e+00,  4.911391075271200e+02
5145        ,  8.130000000000002e-01,  8.798139322928646e-01,  9.222023622731767e+01
3277        ,  1.579500000000000e+00,  1.679851624259681e+00,  1.916880446295252e+02
3729        ,  9.948000000000000e-01,  6.698750618232595e-01,  6.611876681690811e+01
3200        ,  0.000000000000000e+00,  1.257658955443629e+00,  1.391972933658290e+02
4602        ,  3.186700000000000e+00,  3.124999399030644e+00,  3.713616817808069e+02
3141        ,  3.993400000000000e+00,  3.887985156041905e+00,  4.662228637651641e+02
5779        ,  0.000000000000000e+00,  1.380697828128360e-01,  0.000000000000000e+00
3289        ,  0.000000000000000e+00,  1.380697828128360e-01,  0.000000000000000e+00
4404        ,  2.805900000000000e+00,  2.270315620860075e+00,  2.650997854412140e+02
3412        ,  4.977500000000000e+00,  4.994081400992683e+00,  6.037425962376293e+02
3103        ,  0.000000000000000e+00,  1.380697828128360e-01,  0.000000000000000e+00
4441        ,  4.190000000000000e+00,  4.201602091901042e+00,  5.052145132848693e+02
3209        ,  2.847000000000008e-01,  1.380697828128360e-01,  0.000000000000000e+00
4701        ,  2.185200000000000e+00,  2.031700264457623e+00,  2.354330000000000e+02
5819        ,  0.000000000000000e+00,  1.380697828128360e-01,  0.000000000000000e+00
5012        ,  0.000000000000000e+00,  1.380697828128360e-01,  0.000000000000000e+00
3799        ,  3.415900000000000e+00,  2.978415988222411e+00,  3.531371271534229e+02
4895        ,  2.159000000000000e-01,  7.894804540565050e-01,  8.098917399644982e+01
3794        ,  0.000000000000000e+00,  1.523178695967313e-01,  1.771448996152178e+00
5645        ,  2.352200000000000e+00,  2.156396597747877e+00,  2.509363582951330e+02
3558        ,  0.000000000000000e+00,  1.380697828128360e-01,  0.000000000000000e+00
3681        ,  1.421999999999999e-01,  1.380697828128360e-01,  0.000000000000000e+00
3267        ,  2.079300000000000e+00,  8.850193682159202e-01,  9.286742236397527e+01
3032        ,  1.967300000000000e+00,  1.380697828128360e-01,  0.000000000000000e+00
3827        ,  1.014500000000000e+00,  1.040667333090000e+00,  1.122189630522991e+02
3313        ,  3.882800000000000e+00,  3.552936903917528e+00,  4.245666822096777e+02
4700        ,  7.430000000000003e-02,  1.380697828128360e-01,  0.000000000000000e+00
5556        ,  1.465900000000000e+00,  1.499764598831226e+00,  1.692980223581944e+02
5555        ,  0.000000000000000e+00,  1.380697828128360e-01,  0.000000000000000e+00
3273        ,  3.100000000000014e-02,  1.380697828128360e-01,  0.000000000000000e+00
4123        ,  0.000000000000000e+00,  1.380697828128360e-01,  0.000000000000000e+00
3829        ,  0.000000000000000e+00,  1.380697828128360e-01,  0.000000000000000e+00
5245        ,  1.697300000000000e+00,  1.896731090211042e+00,  2.186524306606245e+02
4792        ,  3.406700000000000e+00,  2.740158814990627e+00,  3.235148742328022e+02
3789        ,  4.554000000000000e+00,  4.036986199442396e+00,  4.847480000000000e+02
3112        ,  0.000000000000000e+00,  1.380697828128360e-01,  0.000000000000000e+00
5317        ,  4.574800000000001e+00,  4.260817916453712e+00,  5.125767517770379e+02
3985        ,  2.974100000000000e+00,  2.532291829431982e+00,  2.976710000000000e+02
4528        ,  4.040300000000000e+00,  3.964739795975252e+00,  4.757656839291761e+02
3390        ,  0.000000000000000e+00,  1.380697828128360e-01,  0.000000000000000e+00
4287        ,  1.774800000000000e+00,  1.820655694878875e+00,  2.091940602325772e+02
3265        ,  0.000000000000000e+00,  1.380697828128360e-01,  0.000000000000000e+00
3210        ,  7.141999999999999e-01,  7.239286143874829e-01,  7.283918569704736e+01
4984        ,  0.000000000000000e+00,  1.380697828128360e-01,  0.000000000000000e+00
5269        ,  0.000000000000000e+00,  1.380697828128360e-01,  0.000000000000000e+00
3295        ,  0.000000000000000e+00,  1.380697828128360e-01,  0.000000000000000e+00
4218        ,  2.750400000000000e+00,  2.855630397191237e+00,  3.378713293468026e+02
3173        ,  0.000000000000000e+00,  1.380697828128360e-01,  0.000000000000000e+00
3952        ,  2.400100000000000e+00,  2.595673784825325e+00,  3.055512089683093e+02
4639        ,  4.481400000000000e+00,  4.515812913765696e+00,  5.442800000000001e+02
5526        ,  0.000000000000000e+00,  1.380697828128360e-01,  0.000000000000000e+00
5760        ,  2.773000000000000e+00,  3.006034558881108e+00,  3.565709137389879e+02
3779        ,  3.920900000000000e+00,  3.606874926096386e+00,  4.312727373237699e+02
3755        ,  1.748400000000000e+00,  1.419485240617551e+00,  1.593169778378805e+02
3024        ,  0.000000000000000e+00,  1.380697828128360e-01,  0.000000000000000e+00
4671        ,  1.044100000000000e+00,  8.221308728321421e-01,  8.504856473720710e+01
4846        ,  0.000000000000000e+00,  1.380697828128360e-01,  0.000000000000000e+00
3101        ,  0.000000000000000e+00,  1.380697828128360e-01,  0.000000000000000e+00
4636        ,  3.054200000000000e+00,  2.384715525017483e+00,  2.793230000000000e+02
3812        ,  9.600000000000053e-03,  1.380697828128360e-01,  0.000000000000000e+00
4549        ,  4.942399999999999e+00,  4.743901470588583e+00,  5.726380000000000e+02
5480        ,  2.703000000000000e+00,  2.159889855696802e+00,  2.513706712229514e+02
3623        ,  2.059900000000000e+00,  2.049291087444319e+00,  2.376200477204347e+02
4253        ,  0.000000000000000e+00,  1.380697828128360e-01,  0.000000000000000e+00
5507        ,  2.815200000000000e+00,  3.077862530947888e+00,  3.655012066929278e+02
3734        ,  1.765000000000000e+00,  1.892136483247878e+00,  2.180811882183193e+02
3436        ,  6.292000000000000e-01,  2.109037527541962e-01,  9.055367565856939e+00
3114        ,  0.000000000000000e+00,  1.380697828128360e-01,  0.000000000000000e+00
3384        ,  0.000000000000000e+00,  1.380697828128360e-01,  0.000000000000000e+00
3721        ,  1.803700000000000e+00,  1.660349446385183e+00,  1.892633602531210e+02
3643        ,  1.559600000000000e+00,  1.253424821572905e+00,  1.386708681475783e+02
5734        ,  1.483100000000000e+00,  1.646524482430112e+00,  1.875445176540058e+02
3284        ,  0.000000000000000e+00,  1.380697828128360e-01,  0.000000000000000e+00
3017        ,  0.000000000000000e+00,  1.380697828128360e-01,  0.000000000000000e+00
5474        ,  0.000000000000000e+00,  1.380697828128360e-01,  0.000000000000000e+00
4617        ,  2.861800000000000e+00,  2.832147940979012e+00,  3.349517813320227e+02
4006        ,  0.000000000000000e+00,  3.646913793620913e-01,  2.817561443879903e+01
3091        ,  0.000000000000000e+00,  1.380697828128360e-01,  0.000000000000000e+00
3448        ,  1.538000000000000e+00,  9.693686299678150e-01,  1.033544735255012e+02
5233        ,  6.469999999999976e-02,  1.380697828128360e-01,  0.000000000000000e+00
4598        ,  2.164400000000000e+00,  2.245509148385776e+00,  2.620156239373450e+02
5193        ,  3.476700000000000e+00,  3.238715931745023e+00,  3.854999335179091e+02
5907        ,  7.605000000000004e-01,  8.305111362443963e-01,  8.609047369202257e+01
3600        ,  1.261000000000001e-01,  2.804602193529084e-01,  1.770324673735754e+01
5621        ,  2.851700000000000e+00,  3.243057419530568e+00,  3.860397059305957e+02
3042        ,  0.000000000000000e+00,  1.380697828128360e-01,  0.000000000000000e+00
4291        ,  4.773200000000000e+00,  4.232515955291341e+00,  5.090580000000000e+02
5502        ,  4.470800000000000e+00,  4.545098139641714e+00,  5.479209999999999e+02
4152        ,  0.000000000000000e+00,  1.380697828128360e-01,  0.000000000000000e+00
4856        ,  4.825800000000000e+00,  3.779597124682173e+00,  4.527470987547957e+02
5533        ,  0.000000000000000e+00,  1.380697828128360e-01,  0.000000000000000e+00
5195        ,  2.369000000000003e-01,  2.856327300702660e-01,  1.834633931931782e+01
4295        ,  1.103200000000000e+00,  9.740724820665327e-01,  1.039392982956409e+02
3305        ,  0.000000000000000e+00,  1.380697828128360e-01,  0.000000000000000e+00
4705        ,  2.014900000000000e+00,  1.965779089916083e+00,  2.272370927011495e+02
3736        ,  4.481999999999999e-01,  6.742984543418732e-01,  6.666872235518726e+01
3639        ,  3.916900000000000e+00,  3.911794070697483e+00,  4.691830000000000e+02
4178        ,  2.596900000000000e+00,  2.070098415606239e+00,  2.402070000000000e+02
4347        ,  3.522500000000000e+00,  3.930359421918343e+00,  4.714912097464888e+02
4279        ,  3.202400000000000e+00,  3.226497949435551e+00,  3.839808851835332e+02
3678        ,  5.503999999999998e-01,  3.475690147354589e-01,  2.604680963225593e+01
3612        ,  2.530999999999999e-01,  4.168711970427146e-01,  3.466307391681277e+01
3667        ,  2.740100000000000e+00,  2.698918964204695e+00,  3.183875688349450e+02
3113        ,  1.532700000000000e+00,  9.936268754706366e-01,  1.063704745715475e+02
3800        ,  1.905300000000000e+00,  2.125451571794192e+00,  2.470889971726896e+02
4490        ,  2.250200000000000e+00,  1.749626116584045e+00,  2.003630307002677e+02
3316        ,  0.000000000000000e+00,  1.380697828128360e-01,  0.000000000000000e+00
3184        ,  0.000000000000000e+00,  1.380697828128360e-01,  0.000000000000000e+00
3675        ,  1.858500000000000e+00,  1.863636001448330e+00,  2.145377545882876e+02
4708        ,  4.946400000000000e+00,  4.467865975563628e+00,  5.383188097830351e+02
4026        ,  2.560600000000000e+00,  2.439658501661011e+00,  2.861540000000000e+02
3140        ,  0.000000000000000e+00,  1.380697828128360e-01,  0.000000000000000e+00
4546        ,  3.642200000000000e+00,  4.853345048862403e+00,  5.862449999999999e+02
5820        ,  0.000000000000000e+00,  1.380697828128360e-01,  0.000000000000000e+00
5746        ,  1.736800000000000e+00,  2.378015092406228e+00,  2.784899425654812e+02
3798        ,  1.146800000000000e+00,  1.278520560902400e+00,  1.417909938821561e+02
5168        ,  0.000000000000000e+00,  1.380697828128360e-01,  0.000000000000000e+00
5757        ,  5.346700000000000e+00,  5.413126390607326e+00,  6.558420000000000e+02
5186        ,  0.000000000000000e+00,  1.380697828128360e-01,  0.000000000000000e+00
3006        ,  1.215300000000000e+00,  7.942731748004674e-01,  8.158504770774181e+01
3644        ,  5.740000000000003e-01,  6.926851290442348e-01,  6.895471744618365e+01
3465        ,  1.376900000000000e+00,  1.370316524296494e+00,  1.532038852879757e+02
3925        ,  4.481500000000000e+00,  4.421233135936499e+00,  5.325210000000000e+02
3059        ,  0.000000000000000e+00,  1.380697828128360e-01,  0.000000000000000e+00
4527        ,  2.819700000000000e+00,  2.497183317654216e+00,  2.933059972534265e+02
3271        ,  0.000000000000000e+00,  1.380697828128360e-01,  0.000000000000000e+00
3674        ,  4.303999999999999e-01,  3.348220793652698e-01,  2.446199714423395e+01
3966        ,  1.750200000000000e+00,  9.955340354272875e-01,  1.066075896763298e+02
4508        ,  4.478999999999997e-01,  1.380697828128360e-01,  0.000000000000000e+00
3441        ,  2.360700000000000e+00,  2.123318534768417e+00,  2.468237990197464e+02
3690        ,  2.423100000000000e+00,  2.305442270235388e+00,  2.694670432153890e+02
4214        ,  7.783000000000002e-01,  9.713319810164966e-01,  1.035985748071001e+02
5275        ,  0.000000000000000e+00,  1.380697828128360e-01,  0.000000000000000e+00
5366        ,  4.962000000000000e-01,  4.050884492786612e-01,  3.319813781590840e+01
3896        ,  5.040999999999999e+00,  4.333908308324323e+00,  5.216640000000000e+02
5671        ,  3.270300000000000e+00,  2.437692598538268e+00,  2.859095814218334e+02
4177        ,  2.914400000000000e+00,  2.889689662193266e+00,  3.421058803930329e+02
4213        ,  0.000000000000000e+00,  1.380697828128360e-01,  0.000000000000000e+00
4686        ,  5.896000000000001e-01,  2.015933765360277e+00,  2.334727684669919e+02
4550        ,  0.000000000000000e+00,  1.380697828128360e-01,  0.000000000000000e+00
5822        ,  0.000000000000000e+00,  1.380697828128360e-01,  0.000000000000000e+00
3256        ,  1.546800000000000e+00,  5.635680079806318e-01,  5.290172745789221e+01
4661        ,  5.475600000000000e+00,  5.107905078612444e+00,  6.178941691832532e+02
4855        ,  1.489400000000000e+00,  1.680052390174318e+00,  1.917130056354018e+02
5656        ,  2.185500000000000e+00,  2.250210857247554e+00,  2.626001822411877e+02
3424        ,  0.000000000000000e+00,  1.380697828128360e-01,  0.000000000000000e+00
5135        ,  1.470899999999999e+00,  1.380697828128360e-01,  0.000000000000000e+00
3550        ,  2.619400000000000e+00,  1.859760776918241e+00,  2.140559521745454e+02
3531        ,  4.588000000000001e-01,  4.682788211152769e-01,  4.105452741082443e+01
4370        ,  8.121000000000000e-01,  1.002562234404312e+00,  1.074813979434636e+02
4032        ,  5.322200000000000e+00,  4.853493053352379e+00,  5.862634012358409e+02
5577        ,  2.700600000000000e+00,  2.955313372741110e+00,  3.502648043199391e+02
5212        ,  0.000000000000000e+00,  1.380697828128360e-01,  0.000000000000000e+00
4913        ,  1.940700000000000e+00,  1.761359797186399e+00,  2.018218663347969e+02
4684        ,  0.000000000000000e+00,  1.380697828128360e-01,  0.000000000000000e+00
3362        ,  0.000000000000000e+00,  1.380697828128360e-01,  0.000000000000000e+00
3287        ,  5.146999999999995e-01,  4.982634913243202e-01,  4.478248855728527e+01
3155        ,  0.000000000000000e+00,  1.380697828128360e-01,  0.000000000000000e+00
4511        ,  3.130800000000000e+00,  2.808471414880736e+00,  3.320081048212529e+02
4340        ,  0.000000000000000e+00,  1.380697828128360e-01,  0.000000000000000e+00
3834        ,  0.000000000000000e+00,  1.380697828128360e-01,  0.000000000000000e+00
4348        ,  2.519400000000000e+00,  2.015023708025012e+00,  2.333596220370573e+02
3022        ,  0.000000000000000e+00,  1.380697828128360e-01,  0.000000000000000e+00
3584        ,  3.670800000000000e+00,  3.785451766918165e+00,  4.534750000000001e+02
4289        ,  4.016000000000002e-01,  3.085601777090315e-01,  2.119688372714176e+01
5286        ,  3.213700000000000e+00,  3.120869668462004e+00,  3.708482369105478e+02
5632        ,  2.338000000000005e-01,  1.380697828128360e-01,  0.000000000000000e+00
4039        ,  6.776000000000000e-01,  8.421553294074828e-01,  8.753818345141754e+01
5364        ,  0.000000000000000e+00,  1.380697828128360e-01,  0.000000000000000e+00
3560        ,  1.123000000000000e+00,  3.559307314071288e-01,  2.708641269116494e+01
3698        ,  4.599200000000000e+00,  4.399574442470358e+00,  5.298281984063201e+02
3353        ,  1.561700000000000e+00,  1.439788211022481e+00,  1.618412238709249e+02
4903        ,  1.562900000000000e+00,  1.951669153768402e+00,  2.254828198220123e+02
5805        ,  3.861999999999999e-01,  5.641425569853897e-01,  5.297316050523082e+01
3144        ,  2.984600000000000e+00,  2.508051231273097e+00,  2.946571930288619e+02
4896        ,  0.000000000000000e+00,  1.380697828128360e-01,  0.000000000000000e+00
4227        ,  4.606999999999999e-01,  1.057995934167685e+00,  1.143734090105090e+02
5437        ,  3.014500000000000e+00,  3.035537808855699e+00,  3.602390204359369e+02
4408        ,  7.400000000000002e-01,  1.380697828128360e-01,  0.000000000000000e+00
3972        ,  9.501000000000001e-01,  5.905428090581635e-01,  5.625547487780611e+01
5331        ,  1.814300000000000e+00,  1.225055214586986e+00,  1.351437060395230e+02
3934        ,  1.132800000000000e+00,  1.011287235101318e+00,  1.085661677066299e+02
4437        ,  0.000000000000000e+00,  1.380697828128360e-01,  0.000000000000000e+00
3823        ,  1.302100000000000e+00,  1.375289731756932e+00,  1.538221987146883e+02
5511        ,  1.303200000000000e+00,  1.381590304359918e+00,  1.546055419931248e+02
4409        ,  2.585300000000000e+00,  2.266822362911149e+00,  2.646654725133955e+02
3187        ,  0.000000000000000e+00,  1.380697828128360e-01,  0.000000000000000e+00
4300        ,  4.141800000000000e+00,  3.901861152894584e+00,  4.679480512284431e+02
4498        ,  0.000000000000000e+00,  1.380697828128360e-01,  0.000000000000000e+00
3192        ,  1.573799999999999e+00,  1.705549661333084e+00,  1.948830533817329e+02
4131        ,  8.060000000000000e-01,  5.348019830590046e-01,  4.932527914285929e+01
4086        ,  1.453300000000000e+00,  7.289238695864623e-01,  7.346024029490100e+01
3444        ,  2.131800000000000e+00,  2.217994547049553e+00,  2.585947637435630e+02
4129        ,  2.116100000000000e+00,  2.048784845932350e+00,  2.375571072687242e+02
4735        ,  0.000000000000000e+00,  1.380697828128360e-01,  0.000000000000000e+00
4482        ,  1.776600000000000e+00,  2.780818111866229e+00,  3.285700000000000e+02
3064        ,  0.000000000000000e+00,  1.971953446731258e-01,  7.351016230665423e+00
5408        ,  2.319000000000000e+00,  1.584666713440316e+00,  1.798538091088386e+02
4861        ,  0.000000000000000e+00,  1.380697828128360e-01,  0.000000000000000e+00
4610        ,  1.037200000000000e+00,  9.970467485827857e-01,  1.067956636431309e+02
4383        ,  5.411300000000000e+00,  4.848744348724782e+00,  5.856730000000000e+02
2990        ,  0.000000000000000e+00,  1.380697828128360e-01,  0.000000000000000e+00
3434        ,  0.000000000000000e+00,  1.380697828128360e-01,  0.000000000000000e+00
5178        ,  1.411000000000000e+00,  7.876092526165001e-01,  8.075652957458668e+01
3720        ,  2.619999999999978e-02,  1.380697828128360e-01,  0.000000000000000e+00
4890        ,  2.595300000000000e+00,  2.707914709685447e+00,  3.195060000000000e+02
5514        ,  0.000000000000000e+00,  1.380697828128360e-01,  0.000000000000000e+00
3501        ,  1.934100000000000e+00,  1.937582801224871e+00,  2.237314790665020e+02
5517        ,  1.991000000000000e+00,  1.756709667424923e+00,  2.012437208038997e+02
3513        ,  2.600500000000000e+00,  2.442067470015605e+00,  2.864535043922903e+02
3239        ,  9.895999999999999e-01,  1.269594253435792e+00,  1.406811958692088e+02
3963        ,  0.000000000000000e+00,  1.380697828128360e-01,  0.000000000000000e+00
3071        ,  0.000000000000000e+00,  1.380697828128360e-01,  0.000000000000000e+00
5146        ,  3.059299999999999e+00,  3.199231130445323e+00,  3.805908314969500e+02
4277        ,  2.930600000000000e+00,  2.663792314829383e+00,  3.140203110607700e+02
4506        ,  1.594500000000000e+00,  1.764474457278738e+00,  2.022091086065217e+02
3758        ,  0.000000000000000e+00,  1.380697828128360e-01,  0.000000000000000e+00
4810        ,  2.130700000000000e+00,  2.343583738046160e+00,  2.742091300576403e+02
3822        ,  1.651400000000000e+00,  1.143907015138989e+00,  1.250546394418805e+02
3521        ,  0.000000000000000e+00,  1.380697828128360e-01,  0.000000000000000e+00
4198        ,  4.097700000000001e+00,  3.922317651015085e+00,  4.704913851939065e+02
3040        ,  0.000000000000000e+00,  1.380697828128360e-01,  0.000000000000000e+00
4677        ,  0.000000000000000e+00,  1.713820222607554e+00,  1.959113231901281e+02
4495        ,  0.000000000000000e+00,  1.380697828128360e-01,  0.000000000000000e+00
5520        ,  0.000000000000000e+00,  1.380697828128360e-01,  0.000000000000000e+00
4706        ,  3.862500000000000e+00,  4.049014558244051e+00,  4.862434726517131e+02
3870        ,  1.333400000000000e+00,  5.993739019571237e-01,  5.735343496803183e+01
4345        ,  1.651000000000000e+00,  1.353844030096543e+00,  1.511558781585127e+02
5042        ,  3.263400000000000e+00,  3.156341685627953e+00,  3.752584338831784e+02
3404        ,  2.820000000000000e-02,  1.380697828128360e-01,  0.000000000000000e+00
4400        ,  2.935200000000000e+00,  2.049749164997525e+00,  2.376770000000000e+02
3787        ,  0.000000000000000e+00,  1.380697828128360e-01,  0.000000000000000e+00
3249        ,  0.000000000000000e+00,  1.380697828128360e-01,  0.000000000000000e+00
4790        ,  1.588000000000000e+00,  6.310728397069466e-01,  6.129452911686060e+01
4553        ,  3.322600000000000e+00,  3.309656895608596e+00,  3.943199457152126e+02
4203        ,  1.323500000000000e+00,  1.498793342413683e+00,  1.691772671135109e+02
3957        ,  2.369100000000000e+00,  1.800181321900447e+00,  2.066485039056410e+02
5733        ,  3.228000000000000e-01,  4.532149654934699e-01,  3.918165477015569e+01
3015        ,  0.000000000000000e+00,  1.380697828128360e-01,  0.000000000000000e+00
3202        ,  0.000000000000000e+00,  1.380697828128360e-01,  0.000000000000000e+00
4717        ,  0.000000000000000e+00,  1.380697828128360e-01,  0.000000000000000e+00
4841        ,  4.640900000000000e+00,  3.807128142566576e+00,  4.561700000000000e+02
5828        ,  3.484800000000000e+00,  2.905687660036850e+00,  3.440948939111491e+02
3304        ,  2.330000000000010e-02,  3.138696130715938e-01,  2.185700000000001e+01
4866        ,  4.522399999999999e+00,  3.899938420342841e+00,  4.677090000000000e+02
5817        ,  3.843800000000000e+00,  3.923371682499786e+00,  4.706224317718651e+02
4031        ,  3.750400000000000e+00,  3.605759036542956e+00,  4.311340000000000e+02
3288        ,  0.000000000000000e+00,  1.380697828128360e-01,  0.000000000000000e+00
3496        ,  4.153700000000000e+00,  3.824734668093246e+00,  4.583590000000000e+02
3796        ,  3.416900000000000e+00,  2.857437464158169e+00,  3.380960000000000e+02
5518        ,  0.000000000000000e+00,  1.380697828128360e-01,  0.000000000000000e+00
5282        ,  3.805300000000000e+00,  3.736479775426249e+00,  4.473863660322464e+02
3828        ,  3.228500000000000e+00,  3.315867131962241e+00,  3.950920575868898e+02
3767        ,  0.000000000000000e+00,  1.380697828128360e-01,  0.000000000000000e+00
3252        ,  4.925999999999999e-01,  2.848828392009474e-01,  1.825310621035196e+01
3014        ,  1.998000000000002e-01,  1.380697828128360e-01,  0.000000000000000e+00
5068        ,  2.732000000000000e+00,  2.503101172403219e+00,  2.940417576410138e+02
3899        ,  3.063600000000000e+00,  2.449636195571612e+00,  2.873945157358970e+02
5266        ,  2.960300000000000e+00,  3.085021002504047e+00,  3.663912116068840e+02
4921        ,  3.986700000000000e+00,  3.543444715971150e+00,  4.233865288975918e+02
5838        ,  1.495700000000000e+00,  1.813662106364548e+00,  2.083245550462943e+02
4786        ,  1.332600000000000e+00,  1.104371196137659e+00,  1.201391944460566e+02
5692        ,  2.643300000000000e+00,  2.379621219723316e+00,  2.786896306124942e+02
3463        ,  1.951400000000000e+00,  1.963734627554927e+00,  2.269829069390699e+02
4422        ,  4.267999999999996e-01,  6.736056333718021e-01,  6.658258468417498e+01
3366        ,  0.000000000000000e+00,  1.380697828128360e-01,  0.000000000000000e+00
3028        ,  0.000000000000000e+00,  1.380697828128360e-01,  0.000000000000000e+00
5803        ,  2.048100000000000e+00,  2.127177687775077e+00,  2.473036032786152e+02
3043        ,  8.247000000000004e-01,  1.042629521698627e+00,  1.124629198090014e+02
4325        ,  2.300000000000000e-01,  4.566427303778656e+00,  5.505728315737560e+02
4983        ,  0.000000000000000e+00,  3.496429370911838e+00,  4.175411626338768e+02
3757        ,  1.403600000000000e+00,  1.347751098248167e+00,  1.503983506272634e+02
5375        ,  2.877700000000000e+00,  2.615989181935648e+00,  3.080770000000000e+02
4208        ,  9.359000000000002e-01,  6.962147750967954e-01,  6.939355446700024e+01
5614        ,  1.138500000000000e+00,  1.186920481977877e+00,  1.304024565775044e+02
5417        ,  2.387700000000000e+00,  2.457301956070644e+00,  2.883475913274987e+02
5313        ,  3.138300000000000e+00,  3.158670524260570e+00,  3.755479758350574e+02
5560        ,  3.030600000000000e+00,  2.528331534365473e+00,  2.971786208598082e+02
4436        ,  1.310000000000011e-02,  1.380697828128360e-01,  0.000000000000000e+00
3260        ,  0.000000000000000e+00,  1.380697828128360e-01,  0.000000000000000e+00
4615        ,  0.000000000000000e+00,  1.380697828128360e-01,  0.000000000000000e+00
5599        ,  1.938499999999999e+00,  2.077365904506495e+00,  2.411105589207287e+02
3817        ,  2.727700000000000e+00,  2.803813737615501e+00,  3.314290209174949e+02
5219        ,  2.218200000000000e+00,  1.966143818530559e+00,  2.272824390095894e+02
5330        ,  5.059900000000001e+00,  4.642721666120414e+00,  5.600584259298447e+02
3165        ,  1.235000000000000e+00,  1.492689575017978e+00,  1.684183924105514e+02
3983        ,  0.000000000000000e+00,  1.380697828128360e-01,  0.000000000000000e+00
5497        ,  0.000000000000000e+00,  1.207006715184201e+00,  1.328997559124608e+02
3079        ,  3.068500000000000e+00,  2.370649751948673e+00,  2.775742178680009e+02
3241        ,  3.769000000000000e-01,  7.965489061853934e-01,  8.186798689378718e+01
3656        ,  2.389100000000000e+00,  2.084299635079764e+00,  2.419726220348789e+02
5796        ,  1.643200000000000e+00,  1.454154715070719e+00,  1.636273955556196e+02
3337        ,  0.000000000000000e+00,  1.380697828128360e-01,  0.000000000000000e+00
5189        ,  6.053000000000002e-01,  5.137028090967147e-01,  4.670204199516134e+01
2997        ,  0.000000000000000e+00,  1.380697828128360e-01,  0.000000000000000e+00
4912        ,  0.000000000000000e+00,  1.380697828128360e-01,  0.000000000000000e+00
5034        ,  2.416000000000000e-01,  1.380697828128360e-01,  0.000000000000000e+00
3415        ,  1.425400000000000e+00,  1.462528056279113e-01,  1.017386247790131e+00
4663        ,  1.831000000000000e+00,  1.368654541358750e+00,  1.529972527729340e+02
5472        ,  0.000000000000000e+00,  1.380697828128360e-01,  0.000000000000000e+00
4618        ,  9.976000000000003e-01,  1.094328201896844e+00,  1.188905599917549e+02
5698        ,  2.943900000000000e+00,  2.964794708095176e+00,  3.514436083411307e+02
4062        ,  5.457999999999998e-01,  3.134623574951798e-01,  2.180636636104495e+01
3569        ,  2.146999999999997e-01,  1.380697828128360e-01,  0.000000000000000e+00
5396        ,  3.100000000000103e-03,  1.380697828128360e-01,  0.000000000000000e+00
3433        ,  0.000000000000000e+00,  1.380697828128360e-01,  0.000000000000000e+00
3240        ,  1.162500000000000e+00,  1.248961491977084e+00,  1.381159472763107e+02
3761        ,  3.577100000000000e+00,  2.959928916412663e+00,  3.508386498002257e+02
4096        ,  3.949999999999998e-02,  1.396321889027388e+00,  1.564371037506245e+02
5882        ,  0.000000000000000e+00,  1.380697828128360e-01,  0.000000000000000e+00
5695        ,  2.888000000000000e+00,  2.018704013594375e+00,  2.338171903902871e+02
3911        ,  1.346200000000000e+00,  1.562905478984235e+00,  1.771482587063923e+02
4721        ,  2.367300000000000e+00,  3.344245671239476e+00,  3.986203302369234e+02
3785        ,  1.859500000000000e+00,  1.916069132935615e+00,  2.210567082939356e+02
5548        ,  0.000000000000000e+00,  1.380697828128360e-01,  0.000000000000000e+00
5293        ,  2.833800000000000e+00,  2.798955487408779e+00,  3.308250000000000e+02
3232        ,  9.213999999999998e-01,  9.126776613725048e-01,  9.630614760411727e+01
3655        ,  2.189700000000000e+00,  1.829291804808164e+00,  2.102677783041284e+02
4144        ,  7.689000000000000e-01,  4.072567785959002e-01,  3.346772382072498e+01
3296        ,  6.007300000000000e+00,  5.997233712592048e+00,  7.284634224315730e+02
4033        ,  5.497999999999998e-01,  8.732745622097167e-01,  9.140720352019284e+01
3229        ,  5.016000000000003e-01,  6.274366997379853e-01,  6.084245182426818e+01
4329        ,  2.076200000000000e+00,  1.675033242308418e+00,  1.910889804884862e+02
4845        ,  0.000000000000000e+00,  1.380697828128360e-01,  0.000000000000000e+00
3319        ,  9.309000000000001e-01,  3.476605581323514e-01,  2.605819112234573e+01
4634        ,  1.984300000000000e+00,  1.757388912026103e+00,  2.013281705398643e+02
3459        ,  2.935700000000000e+00,  2.761700572342338e+00,  3.261931372876830e+02
3485        ,  1.129800000000000e+00,  1.297831421856279e+00,  1.441918920357418e+02
5562        ,  3.304500000000000e+00,  3.087118571028695e+00,  3.666520000000000e+02
3196        ,  0.000000000000000e+00,  1.380697828128360e-01,  0.000000000000000e+00
5376        ,  2.012700000000000e+00,  2.093032779952080e+00,  2.430584043544252e+02
3326        ,  1.114300000000000e+00,  7.865436870869827e-01,  8.062404898149180e+01
4509        ,  2.598600000000000e+00,  1.357410876874072e+00,  1.515993403046462e+02
3405        ,  2.360100000000000e+00,  2.170896937852392e+00,  2.527391696698533e+02
5728        ,  3.545400000000000e+00,  3.849065293821056e+00,  4.613840000000000e+02
5687        ,  3.023600000000000e+00,  2.927921429745401e+00,  3.468591941030465e+02
5262        ,  2.010999999999994e-01,  2.179627102026993e-01,  9.933000000000000e+00
3624        ,  1.820700000000000e+00,  1.692750834275041e+00,  1.932917892570982e+02
4098        ,  2.567200000000000e+00,  3.474373657612783e+00,  4.147990000000000e+02
2987        ,  0.000000000000000e+00,  1.380697828128360e-01,  0.000000000000000e+00
3182        ,  0.000000000000000e+00,  1.380697828128360e-01,  0.000000000000000e+00
5741        ,  1.094500000000000e+00,  1.155267226678167e+00,  1.264670420775732e+02
4769        ,  1.221900000000000e+00,  1.325098253097942e+00,  1.475819472455326e+02
5485        ,  6.596000000000002e-01,  6.513251493337887e-01,  6.381247655095282e+01
3718        ,  0.000000000000000e+00,  1.380697828128360e-01,  0.000000000000000e+00
4156        ,  3.097000000000000e+00,  3.097784289450845e+00,  3.679780570684841e+02
3518        ,  1.070500000000000e+00,  1.140560916561724e+00,  1.246386226772701e+02
4115        ,  3.576900000000000e+00,  2.446045902679659e+00,  2.869481385600835e+02
4242        ,  5.707000000000000e-01,  6.827778900576799e-01,  6.772296129368677e+01
4813        ,  4.401000000000000e+00,  3.953569924934982e+00,  4.743769461188618e+02
4070        ,  7.039999999999997e-01,  1.380697828128360e-01,  0.000000000000000e+00
4076        ,  3.507100000000000e+00,  3.179521546031006e+00,  3.781403604930267e+02
5813        ,  4.605999999999999e-01,  1.380697828128360e-01,  0.000000000000000e+00
5626        ,  2.421200000000000e+00,  2.449540651260711e+00,  2.873826368165585e+02
4416        ,  8.491000000000000e-01,  1.050489352083710e+00,  1.134401238965931e+02
4907        ,  3.617400000000000e+00,  3.667909905259565e+00,  4.388611493125986e+02
3926        ,  7.533000000000000e-01,  6.732394749187448e-01,  6.653706060547312e+01
3967        ,  2.306200000000000e+00,  2.183847272419627e+00,  2.543492705568646e+02
5159        ,  2.832700000000000e+00,  2.601063235151297e+00,  3.062212734137719e+02
3838        ,  1.593100000000000e+00,  1.031578485900170e+00,  1.110889566539100e+02
5030        ,  2.814400000000000e+00,  2.549809879956005e+00,  2.998490000000000e+02
3875        ,  2.401300000000000e+00,  2.478261503764200e+00,  2.909534688944097e+02
4324        ,  0.000000000000000e+00,  1.715149187675571e-01,  4.158197055630678e+00
5629        ,  8.353000000000002e-01,  8.694041546894798e-01,  9.092600000000000e+01
3781        ,  1.123700000000000e+00,  1.230537507304406e+00,  1.358253134776432e+02
4923        ,  2.503000000000000e+00,  3.682820763848130e+00,  4.407150000000001e+02
3941        ,  1.333200000000000e+00,  1.095422046754405e+00,  1.190265565226761e+02
4652        ,  3.696700000000000e+00,  3.493441077699315e+00,  4.171696314176635e+02
4960        ,  0.000000000000000e+00,  1.380697828128360e-01,  0.000000000000000e+00
3333        ,  0.000000000000000e+00,  1.380697828128360e-01,  0.000000000000000e+00
3638        ,  3.944000000000000e+00,  3.574084985595480e+00,  4.271960000000000e+02
4414        ,  0.000000000000000e+00,  1.380697828128360e-01,  0.000000000000000e+00
4596        ,  1.153000000000000e-01,  7.419261976934566e-01,  7.507680548166071e+01
3645        ,  0.000000000000000e+00,  1.380697828128360e-01,  0.000000000000000e+00
5703        ,  3.516900000000001e+00,  3.234551849706686e+00,  3.849822177671148e+02
5482        ,  9.074999999999998e-01,  9.573759615338164e-01,  1.018634382180376e+02
4940        ,  4.171100000000000e+00,  4.619947991880722e+00,  5.572270000000001e+02
4100        ,  0.000000000000000e+00,  1.380697828128360e-01,  0.000000000000000e+00
4040        ,  3.755400000000000e+00,  4.549698839779335e+00,  5.484929999999999e+02
4789        ,  3.575900000000000e+00,  3.590087880952936e+00,  4.291856224206421e+02
4275        ,  3.135000000000000e+00,  2.292015698381986e+00,  2.677977322691391e+02
3154        ,  0.000000000000000e+00,  1.380697828128360e-01,  0.000000000000000e+00
4442        ,  8.890999999999998e-01,  6.612056178377529e-01,  6.504090435872305e+01
3659        ,  1.149999999999984e-02,  1.380697828128360e-01,  0.000000000000000e+00
3802        ,  3.640600000000001e+00,  3.653964962526316e+00,  4.371273898836390e+02
5067        ,  2.608600000000000e+00,  3.562848660259364e+00,  4.257990000000000e+02
5018        ,  1.576900000000000e+00,  1.305691252241363e+00,  1.451690961233335e+02
4723        ,  8.354000000000004e-01,  1.041076962610215e+00,  1.122698918410821e+02
4392        ,  4.559800000000000e+00,  5.056749079946895e+00,  6.115340000000000e+02
3324        ,  2.361700000000000e+00,  2.291384600240812e+00,  2.677192685297184e+02
3215        ,  2.198300000000000e+00,  1.921161099990179e+00,  2.216897869706771e+02
4996        ,  0.000000000000000e+00,  1.380697828128360e-01,  0.000000000000000e+00
3052        ,  4.224600000000000e+00,  4.208200468026791e+00,  5.060348821485265e+02
4918        ,  1.971800000000000e+00,  1.716190254808790e+00,  1.962059866931939e+02
3380        ,  3.602999999999998e-01,  7.261884460751135e-01,  7.312014809117390e+01
3474        ,  3.947700000000000e+00,  3.646105589141083e+00,  4.361502426143374e+02
3677        ,  0.000000000000000e+00,  1.380697828128360e-01,  0.000000000000000e+00
3637        ,  3.929200000000000e+00,  3.444026731705005e+00,  4.110260000000000e+02
5278        ,  1.021200000000000e+00,  1.380697828128360e-01,  0.000000000000000e+00
5105        ,  1.147400000000000e+00,  1.422130468783086e+00,  1.596458561532293e+02
4114        ,  2.924900000000000e+00,  3.546616226477411e+00,  4.237808393189007e+02
5258        ,  3.733000000000000e-01,  8.777917952890256e-01,  9.196882615241684e+01
3833        ,  2.096400000000000e+00,  1.945733736439032e+00,  2.247448758980785e+02
3095        ,  0.000000000000000e+00,  1.380697828128360e-01,  0.000000000000000e+00
3011        ,  0.000000000000000e+00,  1.380697828128360e-01,  0.000000000000000e+00
5315        ,  1.127500000000000e+00,  1.237062399530074e+00,  1.366365461686335e+02
5049        ,  3.301000000000000e+00,  3.240956155946384e+00,  3.857784581347821e+02
3618        ,  3.023200000000000e+00,  7.490988190458141e-01,  7.596856962425248e+01
4357        ,  2.144500000000000e+00,  1.380697828128360e-01,  0.000000000000000e+00
3352        ,  2.475100000000000e+00,  2.163092008816652e+00,  2.517687914067851e+02
4411        ,  0.000000000000000e+00,  1.380697828128360e-01,  0.000000000000000e+00
5077        ,  1.153900000000000e+00,  1.221205590628043e+00,  1.346650865167011e+02
4616        ,  3.628800000000000e+00,  3.200636221955846e+00,  3.807655249827191e+02
3554        ,  3.720300000000000e+00,  3.516632429082463e+00,  4.200529866884586e+02
4259        ,  0.000000000000000e+00,  1.380697828128360e-01,  0.000000000000000e+00
3487        ,  0.000000000000000e+00,  1.380697828128360e-01,  0.000000000000000e+00
5549        ,  2.207500000000000e+00,  3.107025446624176e+00,  3.691270000000000e+02
3735        ,  4.644100000000000e+00,  4.056008325011411e+00,  4.871130000000000e+02
5911        ,  1.002100000000000e+00,  1.724273871288368e+00,  1.972110138603652e+02
4467        ,  1.254100000000000e+00,  1.001523096088228e+00,  1.073522030168176e+02
3445        ,  0.000000000000000e+00,  1.380697828128360e-01,  0.000000000000000e+00
4870        ,  2.521100000000000e+00,  2.500815016200124e+00,  2.937575223487640e+02
3325        ,  6.866999999999999e-01,  2.121172913429539e+00,  2.465570362729631e+02
3261        ,  0.000000000000000e+00,  1.380697828128360e-01,  0.000000000000000e+00
4281        ,  2.025100000000000e+00,  1.662494078413437e+00,  1.895300000000000e+02
3654        ,  0.000000000000000e+00,  1.380697828128360e-01,  0.000000000000000e+00
4235        ,  2.754999999999999e-01,  3.713597756198203e-01,  2.900468882863577e+01
4924        ,  3.480100000000000e+00,  3.523742709089575e+00,  4.209370000000000e+02
4935        ,  3.557399999999999e+00,  3.578448156504330e+00,  4.277384682516152e+02
3332        ,  0.000000000000000e+00,  1.380697828128360e-01,  0.000000000000000e+00
3039        ,  1.061300000000000e+00,  1.268941095127787e+00,  1.405999894134514e+02
4388        ,  0.000000000000000e+00,  1.380697828128360e-01,  0.000000000000000e+00
5842        ,  5.800000000000005e-02,  1.380697828128360e-01,  0.000000000000000e+00
3142        ,  0.000000000000000e+00,  1.380697828128360e-01,  0.000000000000000e+00
4664        ,  1.383200000000000e+00,  1.987040255262422e+00,  2.298804700598814e+02
4389        ,  1.188300000000000e+00,  1.290359731243298e+00,  1.432629449401300e+02
3399        ,  0.000000000000000e+00,  1.380697828128360e-01,  0.000000000000000e+00
3008        ,  0.000000000000000e+00,  1.380697828128360e-01,  0.000000000000000e+00
3515        ,  0.000000000000000e+00,  1.380697828128360e-01,  0.000000000000000e+00
4016        ,  1.261500000000000e+00,  2.053470856883143e+00,  2.381397138685186e+02
3628        ,  1.788400000000000e+00,  1.540006532417703e+00,  1.743012578056064e+02
5619        ,  0.000000000000000e+00,  1.380697828128360e-01,  0.000000000000000e+00
3269        ,  0.000000000000000e+00,  1.380697828128360e-01,  0.000000000000000e+00
4525        ,  1.162800000000000e+00,  1.604525368454462e+00,  1.823228138968711e+02
3019        ,  3.700100000000000e+00,  2.615080773430469e+00,  3.079640585673009e+02
4112        ,  5.923999999999998e-01,  1.380697828128360e-01,  0.000000000000000e+00
4500        ,  0.000000000000000e+00,  1.380697828128360e-01,  0.000000000000000e+00
5530        ,  0.000000000000000e+00,  1.667793086057781e-01,  3.569423840357063e+00
3940        ,  2.413200000000000e+00,  2.071102882828266e+00,  2.403318843075646e+02
5810        ,  1.667300000000000e+00,  1.792782451242408e+00,  2.057286104351255e+02
4207        ,  1.619500000000000e+00,  2.966832441898716e+00,  3.516969575490249e+02
4780        ,  3.433200000000000e+00,  3.513042136190512e+00,  4.196066095126452e+02
3303        ,  0.000000000000000e+00,  1.380697828128360e-01,  0.000000000000000e+00
4231        ,  3.127200000000000e+00,  3.255123257628140e+00,  3.875398383420460e+02
3819        ,  0.000000000000000e+00,  1.380697828128360e-01,  0.000000000000000e+00
5097        ,  1.196899999999999e+00,  1.286187228693192e+00,  1.427441822763468e+02
4562        ,  2.138600000000000e+00,  2.157195859252273e+00,  2.510357296009862e+02
4323        ,  0.000000000000000e+00,  1.380697828128360e-01,  0.000000000000000e+00
3021        ,  0.000000000000000e+00,  1.380697828128360e-01,  0.000000000000000e+00
5719        ,  2.343600000000000e+00,  1.951555833020575e+00,  2.254687307777759e+02
3743        ,  0.000000000000000e+00,  1.380697828128360e-01,  0.000000000000000e+00
5328        ,  0.000000000000000e+00,  1.380697828128360e-01,  0.000000000000000e+00
3455        ,  0.000000000000000e+00,  1.380697828128360e-01,  0.000000000000000e+00
5400        ,  3.421000000000000e+00,  3.229797137498425e+00,  3.843910696153618e+02
3626        ,  3.394699999999999e+00,  3.334268659809061e+00,  3.973798993530390e+02
4443        ,  2.707600000000000e+00,  2.842142540110662e+00,  3.361943988755034e+02
3567        ,  3.290600000000000e+00,  3.320473738204831e+00,  3.956647918864400e+02
4372        ,  0.000000000000000e+00,  1.380697828128360e-01,  0.000000000000000e+00
5702        ,  3.637999999999995e-01,  4.785322017253791e-01,  4.232931897157361e+01
3207        ,  0.000000000000000e+00,  1.380697828128360e-01,  0.000000000000000e+00
4597        ,  2.728600000000000e+00,  1.875237850330844e+00,  2.159801997297412e+02
5883        ,  5.354999999999999e-01,  6.102783346709914e-01,  5.870917112247634e+01
3138        ,  0.000000000000000e+00,  1.380697828128360e-01,  0.000000000000000e+00
3539        ,  2.172700000000000e+00,  2.197610551320247e+00,  2.560604439208437e+02
5478        ,  5.165000000000000e+00,  4.935892226331664e+00,  5.965079999999999e+02
3753        ,  0.000000000000000e+00,  1.380697828128360e-01,  0.000000000000000e+00
3195        ,  8.440000000000003e-02,  1.380697828128360e-01,  0.000000000000000e+00
4979        ,  1.930300000000000e+00,  1.921469161422070e+00,  2.217280879104842e+02
5128        ,  4.194100000000000e+00,  4.054061874953185e+00,  4.868710000000000e+02
5207        ,  0.000000000000000e+00,  1.380697828128360e-01,  0.000000000000000e+00
5603        ,  1.377800000000001e+00,  1.622873142319804e+00,  1.846039724894848e+02
4572        ,  2.515200000000000e+00,  2.342509618471214e+00,  2.740755859494630e+02
5198        ,  3.256600000000000e+00,  3.189915775914853e+00,  3.794326636894340e+02
