# c0 + a0 * ((min:vdw_radius * mp_bandgap) / cbrt(min:period))
# Property Label: $bandgap$; Unit of the Property: eV
# RMSE: 0.453005145580302; Max AE: 3.51715956197517
# Coefficients
# Task   a0                      c0
# all ,  8.133060511210344e-03,  1.212720203527306e-01, 
# Feature Rung, Units, and Expressions
# 0;  2; eV * pm;                                          19|0|mult|11|cbrt|div; ((min:vdw_radius * mp_bandgap) / cbrt(min:period)); $\left(\frac{ \left(min:vdw_{radius} mp_{bandgap}\right) }{ \left(\sqrt[3]{ min:period }\right) } \right)$; ((min:vdw_radius .* mp_bandgap) ./ nthroot(min:period, 3)); min:vdw_radius,mp_bandgap,min:period
# Number of Samples Per Task
# Task, n_samples               
# all , 1016                  

# Sample ID , Property Value        ,  Property Value (EST) ,  Feature 0 Value      
3577        ,  5.216900000000000e+00,  4.794021628090562e+00,  5.745376665152148e+02
3033        ,  0.000000000000000e+00,  1.250526571783724e+00,  1.388474301739753e+02
3404        ,  2.820000000000000e-02,  1.212720203527306e-01,  0.000000000000000e+00
5293        ,  2.833800000000000e+00,  2.811891763973893e+00,  3.308250000000000e+02
3707        ,  1.609999999999999e+00,  1.805911917034712e+00,  2.071348042179114e+02
5075        ,  0.000000000000000e+00,  1.212720203527306e-01,  0.000000000000000e+00
5016        ,  3.666500000000000e+00,  2.981857333124626e+00,  3.517231070430324e+02
4329        ,  2.076200000000000e+00,  1.675410261691082e+00,  1.910889804884862e+02
3574        ,  2.645500000000000e+00,  2.447385292641771e+00,  2.860071272164768e+02
3908        ,  1.994499999999999e+00,  1.720714060745174e+00,  1.966593065658155e+02
4303        ,  0.000000000000000e+00,  1.212720203527306e-01,  0.000000000000000e+00
4983        ,  0.000000000000000e+00,  3.517159561975170e+00,  4.175411626338768e+02
4042        ,  1.349900000000000e+00,  1.568221313689429e+00,  1.779095693856293e+02
4750        ,  9.359000000000002e-01,  2.690416494853514e-01,  1.816900648027148e+01
4141        ,  3.190800000000000e+00,  3.531406865689788e+00,  4.192929390647763e+02
4420        ,  0.000000000000000e+00,  1.212720203527306e-01,  0.000000000000000e+00
4136        ,  0.000000000000000e+00,  1.212720203527306e-01,  0.000000000000000e+00
4617        ,  2.861800000000000e+00,  2.845455126263766e+00,  3.349517813320227e+02
3836        ,  2.259999999999995e-02,  1.974013912994601e-01,  9.360482544276568e+00
5832        ,  3.573500000000000e+00,  3.430238808960775e+00,  4.068538263113957e+02
4712        ,  1.100500000000000e+00,  1.052197884281785e+00,  1.144619375013744e+02
4913        ,  1.940700000000000e+00,  1.762701471739039e+00,  2.018218663347969e+02
4046        ,  0.000000000000000e+00,  6.559238624543455e-01,  6.573808732452788e+01
4636        ,  3.054200000000000e+00,  2.393022881525537e+00,  2.793230000000000e+02
5195        ,  2.369000000000003e-01,  2.704839081959400e-01,  1.834633931931782e+01
4525        ,  1.162800000000000e+00,  1.604114498350126e+00,  1.823228138968711e+02
5751        ,  5.041900000000000e+00,  4.848263720891761e+00,  5.812070000000000e+02
5102        ,  3.760100000000000e+00,  3.755622282854181e+00,  4.468613331343080e+02
5500        ,  1.070000000000002e-01,  2.313618289117345e-01,  1.353608625034324e+01
3022        ,  0.000000000000000e+00,  1.212720203527306e-01,  0.000000000000000e+00
4533        ,  1.544200000000000e+00,  1.439602383809749e+00,  1.620952360602599e+02
5095        ,  9.836999999999998e-01,  6.648296117815644e-01,  6.683309323465771e+01
5258        ,  3.733000000000000e-01,  8.692600485953211e-01,  9.196882615241684e+01
3426        ,  3.814500000000001e+00,  3.858242117303015e+00,  4.594789491359824e+02
5717        ,  8.259000000000003e-01,  4.122663191871299e+00,  4.919908275615535e+02
5108        ,  2.033300000000000e+00,  1.869176245816875e+00,  2.149134662228186e+02
5105        ,  1.147400000000000e+00,  1.419681428810927e+00,  1.596458561532293e+02
4721        ,  2.367300000000000e+00,  3.363275287168279e+00,  3.986203302369234e+02
4062        ,  5.457999999999998e-01,  2.986245174967309e-01,  2.180636636104495e+01
3583        ,  1.527200000000000e+00,  1.592082318178108e+00,  1.808433978571856e+02
5228        ,  8.589000000000000e-01,  1.004673257410494e+00,  1.086185496640670e+02
3315        ,  3.259000000000000e+00,  3.808790010784532e+00,  4.533985681465234e+02
3746        ,  0.000000000000000e+00,  1.212720203527306e-01,  0.000000000000000e+00
3201        ,  0.000000000000000e+00,  5.496217936169092e-01,  5.266772239967418e+01
5331        ,  1.814300000000000e+00,  1.220403959281394e+00,  1.351437060395230e+02
3126        ,  0.000000000000000e+00,  1.212720203527306e-01,  0.000000000000000e+00
3598        ,  9.411999999999998e-01,  1.030445073924682e+00,  1.117873219212837e+02
5120        ,  8.623000000000001e-01,  2.046409887586953e+00,  2.367052187280145e+02
4244        ,  6.532000000000000e-01,  1.212720203527306e-01,  0.000000000000000e+00
4710        ,  0.000000000000000e+00,  1.212720203527306e-01,  0.000000000000000e+00
5371        ,  4.331500000000000e+00,  3.694677312607954e+00,  4.393678477283869e+02
4218        ,  2.750400000000000e+00,  2.869199986933356e+00,  3.378713293468026e+02
5277        ,  4.523999999999999e-01,  8.801263691899284e-01,  9.330489399300765e+01
5825        ,  2.044100000000000e+00,  2.186790867782298e+00,  2.539657542916992e+02
3969        ,  2.773000000000000e+00,  1.884769461735062e+00,  2.168307292133858e+02
3495        ,  1.237600000000000e+00,  4.298608511228970e-01,  3.794252241758409e+01
3278        ,  1.245800000000000e+00,  8.998766813491814e-01,  9.573329251924878e+01
4278        ,  7.349000000000001e-01,  1.212720203527306e-01,  0.000000000000000e+00
4647        ,  3.913400000000000e+00,  3.521338632366771e+00,  4.180550000000000e+02
4958        ,  3.220400000000000e+00,  3.227335282156496e+00,  3.819058345284005e+02
3444        ,  2.131800000000000e+00,  2.224438881761271e+00,  2.585947637435630e+02
4837        ,  2.507100000000000e+00,  2.521403241694993e+00,  2.951080000000000e+02
4994        ,  3.688700000000000e+00,  4.286042086391480e+00,  5.120790703940007e+02
5893        ,  4.026400000000000e+00,  3.796798979823847e+00,  4.519242116058144e+02
5161        ,  4.347900000000000e+00,  4.274584726342967e+00,  5.106703313304316e+02
3743        ,  0.000000000000000e+00,  1.212720203527306e-01,  0.000000000000000e+00
4189        ,  1.018400000000000e+00,  1.083331354506949e+00,  1.182899515905663e+02
4450        ,  5.732999999999999e-01,  3.528042082237239e-01,  2.846802720228836e+01
4947        ,  8.538999999999999e-01,  1.044820836405972e+00,  1.135548929926504e+02
4749        ,  2.372800000000001e+00,  2.288217779999810e+00,  2.664366946071816e+02
5135        ,  1.470899999999999e+00,  1.212720203527306e-01,  0.000000000000000e+00
3721        ,  1.803700000000000e+00,  1.660562381846367e+00,  1.892633602531210e+02
4848        ,  7.781000000000002e-01,  7.151590183953450e-01,  7.302134260823709e+01
5490        ,  2.288300000000000e+00,  2.455141878271550e+00,  2.869608377684993e+02
5388        ,  1.719900000000000e+00,  1.652571707429366e+00,  1.882808673273662e+02
5732        ,  5.205000000000001e-01,  4.327143358832476e-01,  3.829337247660153e+01
4953        ,  2.663900000000000e+00,  2.558991632457859e+00,  2.997296784826641e+02
3082        ,  3.936999999999999e-01,  1.212720203527306e-01,  0.000000000000000e+00
4256        ,  2.726200000000000e+00,  2.815175006529940e+00,  3.312286909047365e+02
4685        ,  7.060000000000000e-01,  5.894119847608468e-01,  5.756012312497213e+01
4747        ,  3.408700000000000e+00,  2.837703704805512e+00,  3.339987057404209e+02
5067        ,  2.608600000000000e+00,  3.584321052965584e+00,  4.257990000000000e+02
3965        ,  4.246200000000000e+00,  3.575364293706217e+00,  4.246977221665176e+02
3422        ,  9.169000000000000e-01,  8.848917701788959e-01,  9.389082360491685e+01
3134        ,  0.000000000000000e+00,  1.212720203527306e-01,  0.000000000000000e+00
5875        ,  4.952999999999994e-01,  3.392930137735028e-01,  2.680675904479737e+01
4937        ,  0.000000000000000e+00,  1.212720203527306e-01,  0.000000000000000e+00
4121        ,  1.252800000000000e+00,  1.057722227917020e+00,  1.151411828638822e+02
3358        ,  0.000000000000000e+00,  1.212720203527306e-01,  0.000000000000000e+00
3180        ,  1.234700000000000e+00,  1.482855873093417e+00,  1.674134664145095e+02
5476        ,  0.000000000000000e+00,  1.212720203527306e-01,  0.000000000000000e+00
3830        ,  6.069000000000000e-01,  6.052301727215501e-01,  5.950504754043664e+01
3277        ,  1.579500000000000e+00,  1.683023113111654e+00,  1.920250182088596e+02
4178        ,  2.596900000000000e+00,  2.074890086569034e+00,  2.402070000000000e+02
4700        ,  7.430000000000003e-02,  1.212720203527306e-01,  0.000000000000000e+00
5159        ,  2.832700000000000e+00,  2.611788166846825e+00,  3.062212734137719e+02
4672        ,  6.372000000000000e-01,  6.189329018244484e-01,  6.118986583042858e+01
5042        ,  3.263400000000000e+00,  3.173271570466647e+00,  3.752584338831784e+02
5909        ,  1.706400000000000e+00,  1.481333302809303e+00,  1.672262588704348e+02
3034        ,  1.700700000000000e+00,  2.049962551583219e+00,  2.371420363308554e+02
3339        ,  0.000000000000000e+00,  1.653250539064401e-01,  5.416538275227172e+00
4575        ,  2.957400000000000e+00,  2.208548803010264e+00,  2.566410000000000e+02
5517        ,  1.991000000000000e+00,  1.757999379151967e+00,  2.012437208038997e+02
5696        ,  0.000000000000000e+00,  1.212720203527306e-01,  0.000000000000000e+00
4993        ,  7.869999999999999e-01,  7.162053967477673e-01,  7.315000000000001e+01
4049        ,  4.949900000000000e+00,  5.897672518653232e+00,  7.102370000000001e+02
3296        ,  6.007300000000000e+00,  6.045909115192097e+00,  7.284634224315730e+02
5474        ,  0.000000000000000e+00,  1.212720203527306e-01,  0.000000000000000e+00
4069        ,  2.483500000000000e+00,  2.464065566665863e+00,  2.880580493756197e+02
3067        ,  0.000000000000000e+00,  8.625630218351494e-01,  9.114539360191009e+01
3245        ,  0.000000000000000e+00,  1.212720203527306e-01,  0.000000000000000e+00
3972        ,  9.501000000000001e-01,  5.788012016208010e-01,  5.625547487780611e+01
5077        ,  1.153900000000000e+00,  1.216511317740437e+00,  1.346650865167011e+02
3503        ,  7.069999999999999e-01,  3.848203499333760e-01,  3.240457011445803e+01
4802        ,  0.000000000000000e+00,  1.212720203527306e-01,  0.000000000000000e+00
4651        ,  3.520400000000000e+00,  3.452898928164936e+00,  4.096400000000000e+02
3793        ,  0.000000000000000e+00,  1.212720203527306e-01,  0.000000000000000e+00
3873        ,  3.645000000000000e+00,  3.435185122371520e+00,  4.074620000000000e+02
4895        ,  2.159000000000000e-01,  7.799618732188003e-01,  8.098917399644982e+01
5431        ,  0.000000000000000e+00,  1.212720203527306e-01,  0.000000000000000e+00
5297        ,  1.494600000000000e+00,  1.617492600313737e+00,  1.839677176751194e+02
3520        ,  8.754999999999997e-01,  9.552406365066795e-01,  1.025405645272691e+02
4859        ,  0.000000000000000e+00,  1.212720203527306e-01,  0.000000000000000e+00
5591        ,  4.297800000000001e+00,  4.233842640621970e+00,  5.056608904606829e+02
5160        ,  4.105000000000000e+00,  4.162626778734978e+00,  4.969045481478684e+02
5202        ,  3.249999999999975e-02,  1.727856482986006e-01,  6.333855241193064e+00
3573        ,  2.447999999999999e-01,  6.286939437052498e-01,  6.239003418861884e+01
3838        ,  1.593100000000000e+00,  1.024765226946204e+00,  1.110889566539100e+02
4112        ,  5.923999999999998e-01,  1.212720203527306e-01,  0.000000000000000e+00
3399        ,  0.000000000000000e+00,  1.212720203527306e-01,  0.000000000000000e+00
5658        ,  1.245900000000000e+00,  1.435066903194427e+00,  1.615375762950250e+02
5582        ,  0.000000000000000e+00,  6.023052903001657e-01,  5.914541878600246e+01
5068        ,  2.732000000000000e+00,  2.512731428069742e+00,  2.940417576410138e+02
4409        ,  2.585300000000000e+00,  2.273812323532254e+00,  2.646654725133955e+02
4907        ,  3.617400000000000e+00,  3.690556303731413e+00,  4.388611493125986e+02
3741        ,  4.134000000000000e+00,  3.803775424739572e+00,  4.527820000000000e+02
3079        ,  3.068500000000000e+00,  2.378799930625065e+00,  2.775742178680009e+02
4684        ,  0.000000000000000e+00,  1.212720203527306e-01,  0.000000000000000e+00
4673        ,  1.365500000000000e+00,  1.234041397177265e+00,  1.368204964528088e+02
3508        ,  5.225600000000000e+00,  4.886335712740843e+00,  5.858881396271557e+02
4472        ,  1.962400000000000e+00,  1.640943103206430e+00,  1.868510729459144e+02
3173        ,  0.000000000000000e+00,  1.212720203527306e-01,  0.000000000000000e+00
3941        ,  1.333200000000000e+00,  1.089322206992653e+00,  1.190265565226761e+02
4023        ,  0.000000000000000e+00,  2.331650806907944e+00,  2.717770000000000e+02
3485        ,  1.129800000000000e+00,  1.293993403505327e+00,  1.441918920357418e+02
4565        ,  1.903700000000000e+00,  2.071944866760260e+00,  2.398448706632375e+02
4165        ,  0.000000000000000e+00,  1.212720203527306e-01,  0.000000000000000e+00
3463        ,  1.951400000000000e+00,  1.967337737498613e+00,  2.269829069390699e+02
5755        ,  1.744400000000000e+00,  1.614745261062710e+00,  1.836299187312605e+02
4114        ,  2.924900000000000e+00,  3.567907230024858e+00,  4.237808393189007e+02
3199        ,  2.250400000000000e+00,  1.702816526805140e+00,  1.944587162818302e+02
3686        ,  1.206600000000000e+00,  1.083353167564005e+00,  1.182926336137759e+02
4416        ,  8.491000000000000e-01,  1.043887412402920e+00,  1.134401238965931e+02
4562        ,  2.138600000000000e+00,  2.162960799673389e+00,  2.510357296009862e+02
3600        ,  1.261000000000001e-01,  2.652535973125466e-01,  1.770324673735754e+01
3272        ,  0.000000000000000e+00,  1.212720203527306e-01,  0.000000000000000e+00
5130        ,  3.741200000000000e+00,  3.097131025509618e+00,  3.658965774390908e+02
3567        ,  3.290600000000000e+00,  3.339237714920595e+00,  3.956647918864400e+02
3337        ,  0.000000000000000e+00,  1.212720203527306e-01,  0.000000000000000e+00
3222        ,  0.000000000000000e+00,  1.212720203527306e-01,  0.000000000000000e+00
4931        ,  7.595999999999998e-01,  9.631513314213250e-01,  1.035132235777879e+02
4792        ,  3.406700000000000e+00,  2.752438068764715e+00,  3.235148742328022e+02
4038        ,  0.000000000000000e+00,  3.531087222805470e-01,  2.850546871110332e+01
3618        ,  3.023200000000000e+00,  7.391289940568720e-01,  7.596856962425248e+01
3319        ,  9.309000000000001e-01,  3.332048655634526e-01,  2.605819112234573e+01
4531        ,  8.411000000000000e-01,  8.977704067247767e-01,  9.547431564067993e+01
4586        ,  1.556100000000000e+00,  1.873722221622380e+00,  2.154724164235750e+02
5773        ,  3.998000000000000e+00,  3.813772818917122e+00,  4.540112290416097e+02
3637        ,  3.929200000000000e+00,  3.464171350033473e+00,  4.110260000000000e+02
3000        ,  0.000000000000000e+00,  1.213735250383384e-01,  1.248050293833776e-02
4392        ,  4.559800000000000e+00,  5.094915047015237e+00,  6.115340000000000e+02
3459        ,  2.935700000000000e+00,  2.774220544254999e+00,  3.261931372876830e+02
3487        ,  0.000000000000000e+00,  1.212720203527306e-01,  0.000000000000000e+00
3897        ,  3.892500000000000e+00,  3.422481281853009e+00,  4.059000000000000e+02
3474        ,  3.947700000000000e+00,  3.668508335514209e+00,  4.361502426143374e+02
3858        ,  3.167000000000000e-01,  3.020076953667101e-01,  2.222234480671321e+01
4762        ,  2.902400000000000e+00,  3.559765913616505e+00,  4.227798242155296e+02
5355        ,  1.801200000000000e+00,  1.222955060014491e+00,  1.354573764873920e+02
3779        ,  3.920900000000000e+00,  3.628839289842275e+00,  4.312727373237699e+02
3537        ,  2.426400000000000e+00,  2.625864224699550e+00,  3.079519943193060e+02
5437        ,  3.014500000000000e+00,  3.051117772057345e+00,  3.602390204359369e+02
4845        ,  0.000000000000000e+00,  1.212720203527306e-01,  0.000000000000000e+00
3788        ,  7.426000000000001e-01,  6.803598286795306e-01,  6.874261018421930e+01
3211        ,  1.219999999999999e-02,  1.212720203527306e-01,  0.000000000000000e+00
3763        ,  0.000000000000000e+00,  1.212720203527306e-01,  0.000000000000000e+00
5299        ,  3.388300000000000e+00,  2.674923854182172e+00,  3.139841183167851e+02
5510        ,  3.329200000000000e+00,  3.527272300862995e+00,  4.187845738778834e+02
4560        ,  4.276800000000000e+00,  3.788773681955623e+00,  4.509374615555520e+02
4984        ,  0.000000000000000e+00,  1.212720203527306e-01,  0.000000000000000e+00
4289        ,  4.016000000000002e-01,  2.936675583546643e-01,  2.119688372714176e+01
3251        ,  0.000000000000000e+00,  1.212720203527306e-01,  0.000000000000000e+00
5409        ,  5.116999999999998e-01,  1.212720203527306e-01,  0.000000000000000e+00
3822        ,  1.651400000000000e+00,  1.138348970141136e+00,  1.250546394418805e+02
3675        ,  1.858500000000000e+00,  1.866120560358469e+00,  2.145377545882876e+02
4096        ,  3.949999999999998e-02,  1.393584451355050e+00,  1.564371037506245e+02
5417        ,  2.387700000000000e+00,  2.466420428881029e+00,  2.883475913274987e+02
3842        ,  2.475500000000000e+00,  2.552471018993548e+00,  2.989279368190772e+02
5072        ,  9.227000000000000e-01,  9.551628476276386e-01,  1.025310000000000e+02
5543        ,  4.231000000000000e-01,  7.371841756470030e-01,  7.572944458550619e+01
4233        ,  3.497600000000000e+00,  3.418962194915617e+00,  4.054673108625540e+02
3950        ,  0.000000000000000e+00,  1.212720203527306e-01,  0.000000000000000e+00
3912        ,  4.126200000000000e+00,  3.990997474682991e+00,  4.758018766731610e+02
4814        ,  2.224100000000000e+00,  2.128210431280528e+00,  2.467629999999999e+02
5735        ,  0.000000000000000e+00,  1.212720203527306e-01,  0.000000000000000e+00
3628        ,  1.788400000000000e+00,  1.538874697265802e+00,  1.743012578056064e+02
3928        ,  1.122600000000000e+00,  1.213667771317102e+00,  1.343154584253553e+02
4408        ,  7.400000000000002e-01,  1.212720203527306e-01,  0.000000000000000e+00
5400        ,  3.421000000000000e+00,  3.247547849503336e+00,  3.843910696153618e+02
4007        ,  2.537700000000000e+00,  2.216608795555517e+00,  2.576320159323348e+02
4743        ,  0.000000000000000e+00,  1.212720203527306e-01,  0.000000000000000e+00
3683        ,  2.536900000000000e+00,  2.316199843405240e+00,  2.698772276472176e+02
3502        ,  0.000000000000000e+00,  1.212720203527306e-01,  0.000000000000000e+00
3819        ,  0.000000000000000e+00,  1.212720203527306e-01,  0.000000000000000e+00
5413        ,  7.898000000000001e-01,  1.955169893641986e+00,  2.254868103786355e+02
4369        ,  2.673600000000000e+00,  3.312172582139463e+00,  3.923370000000000e+02
4246        ,  3.542900000000000e+00,  3.480384851027861e+00,  4.130195301073980e+02
4229        ,  6.249999999999996e-01,  3.698081033116938e-01,  3.055874017122942e+01
3575        ,  2.196800000000000e+00,  1.533993110934314e+00,  1.737010426314098e+02
3284        ,  0.000000000000000e+00,  1.212720203527306e-01,  0.000000000000000e+00
3465        ,  1.376900000000000e+00,  1.367288489952365e+00,  1.532038852879757e+02
5768        ,  1.701800000000000e+00,  1.972006953036563e+00,  2.275570100742322e+02
5370        ,  3.720300000000000e+00,  3.894491581681613e+00,  4.639360000000000e+02
3481        ,  8.867999999999998e-01,  1.212720203527306e-01,  0.000000000000000e+00
4214        ,  7.783000000000002e-01,  9.638454981340273e-01,  1.035985748071001e+02
5898        ,  3.282200000000000e+00,  3.122410290643419e+00,  3.690047880688970e+02
3138        ,  0.000000000000000e+00,  1.212720203527306e-01,  0.000000000000000e+00
5907        ,  7.605000000000004e-01,  8.214510523287124e-01,  8.609047369202257e+01
4686        ,  5.896000000000001e-01,  2.020120174014578e+00,  2.334727684669919e+02
4305        ,  7.780300000000000e+00,  6.552553718552100e+00,  7.907578812840137e+02
3982        ,  9.999999999976694e-05,  1.212720203527306e-01,  0.000000000000000e+00
5631        ,  1.302400000000000e+00,  3.848135833629595e+00,  4.582363315925017e+02
4050        ,  5.382100000000000e+00,  4.801563687436390e+00,  5.754649999999999e+02
4808        ,  8.830000000000001e-01,  6.510324042805681e-01,  6.513665835851499e+01
5136        ,  1.867100000000000e+00,  1.534420253382090e+00,  1.737535619071716e+02
3462        ,  9.331000000000000e-01,  7.583154272261873e-01,  7.832763644084253e+01
5529        ,  0.000000000000000e+00,  1.212720203527306e-01,  0.000000000000000e+00
5715        ,  3.863600000000000e+00,  4.259056019096616e+00,  5.087610000000000e+02
3854        ,  3.373500000000000e+00,  3.181022991924901e+00,  3.762115094747801e+02
4487        ,  2.786700000000000e+00,  2.602511766412128e+00,  3.050806941174652e+02
3434        ,  0.000000000000000e+00,  1.212720203527306e-01,  0.000000000000000e+00
3531        ,  4.588000000000001e-01,  4.551709760441094e-01,  4.105452741082443e+01
3569        ,  2.146999999999997e-01,  1.212720203527306e-01,  0.000000000000000e+00
5601        ,  8.203000000000000e-01,  1.206314815879242e+00,  1.334113762009915e+02
3809        ,  4.851000000000000e+00,  4.472619432259096e+00,  5.350196775136016e+02
5281        ,  1.805600000000000e+00,  2.168143045798212e+00,  2.516729123832463e+02
5141        ,  1.826300000000000e+00,  1.408204220940872e+00,  1.582346767018733e+02
4791        ,  3.607100000000000e+00,  4.060357217747237e+00,  4.843300000000000e+02
4765        ,  2.740200000000000e+00,  2.819125585073401e+00,  3.317144340684590e+02
3860        ,  1.860999999999999e-01,  1.212720203527306e-01,  0.000000000000000e+00
3765        ,  2.134000000000000e+00,  2.035960544118568e+00,  2.354204202866428e+02
4742        ,  2.144300000000000e+00,  1.638062176536676e+00,  1.864968487684619e+02
4331        ,  3.055899999999999e+00,  1.212720203527306e-01,  0.000000000000000e+00
3539        ,  2.172700000000000e+00,  2.203827105288336e+00,  2.560604439208437e+02
3696        ,  2.420000000000000e-02,  1.212720203527306e-01,  0.000000000000000e+00
4181        ,  1.362600000000000e+00,  1.354452445799771e+00,  1.516256301975455e+02
5467        ,  0.000000000000000e+00,  1.225947513820517e+00,  1.358253134776432e+02
4372        ,  0.000000000000000e+00,  1.212720203527306e-01,  0.000000000000000e+00
4944        ,  2.979200000000000e+00,  3.134810260030626e+00,  3.705294256109533e+02
5633        ,  4.619200000000000e+00,  4.427922534855222e+00,  5.295239729947103e+02
4156        ,  3.097000000000000e+00,  3.114059825288325e+00,  3.679780570684841e+02
4869        ,  2.777500000000000e+00,  4.091490573384149e+00,  4.881579999999999e+02
3643        ,  1.559600000000000e+00,  1.249090582139056e+00,  1.386708681475783e+02
3735        ,  4.644100000000000e+00,  4.082991525149935e+00,  4.871130000000000e+02
3952        ,  2.400100000000000e+00,  2.606338492165467e+00,  3.055512089683093e+02
3532        ,  2.109100000000000e+00,  2.089002381497752e+00,  2.419421764331848e+02
3155        ,  0.000000000000000e+00,  1.212720203527306e-01,  0.000000000000000e+00
3515        ,  0.000000000000000e+00,  1.212720203527306e-01,  0.000000000000000e+00
3130        ,  0.000000000000000e+00,  1.212720203527306e-01,  0.000000000000000e+00
3202        ,  0.000000000000000e+00,  1.212720203527306e-01,  0.000000000000000e+00
3273        ,  3.100000000000014e-02,  1.212720203527306e-01,  0.000000000000000e+00
5602        ,  1.740300000000000e+00,  1.504262975467845e+00,  1.700455754889375e+02
3424        ,  0.000000000000000e+00,  1.212720203527306e-01,  0.000000000000000e+00
4272        ,  2.407300000000000e+00,  2.498897903598524e+00,  2.923408574138299e+02
5826        ,  4.010000000000025e-02,  1.493283450629651e-01,  3.449663834612145e+00
5367        ,  0.000000000000000e+00,  1.212720203527306e-01,  0.000000000000000e+00
5269        ,  0.000000000000000e+00,  1.212720203527306e-01,  0.000000000000000e+00
4354        ,  2.761100000000000e+00,  2.705046466684502e+00,  3.176878424512374e+02
3784        ,  2.679300000000000e+00,  2.641170829098128e+00,  3.098340170065194e+02
3538        ,  1.800000000000246e-03,  1.212720203527306e-01,  0.000000000000000e+00
3579        ,  1.574400000000000e+00,  1.373310089187807e+00,  1.539442706849786e+02
3218        ,  0.000000000000000e+00,  1.212720203527306e-01,  0.000000000000000e+00
3617        ,  2.533399999999999e+00,  2.530892032935137e+00,  2.962746937959043e+02
3475        ,  0.000000000000000e+00,  1.212720203527306e-01,  0.000000000000000e+00
5391        ,  2.591300000000000e+00,  2.474466208116178e+00,  2.893368596630852e+02
3224        ,  0.000000000000000e+00,  1.212720203527306e-01,  0.000000000000000e+00
5396        ,  3.100000000000103e-03,  1.212720203527306e-01,  0.000000000000000e+00
4694        ,  2.325100000000000e+00,  2.919963872046856e+00,  3.441130000000001e+02
4889        ,  0.000000000000000e+00,  1.212720203527306e-01,  0.000000000000000e+00
3219        ,  0.000000000000000e+00,  1.212720203527306e-01,  0.000000000000000e+00
5472        ,  0.000000000000000e+00,  1.212720203527306e-01,  0.000000000000000e+00
3362        ,  0.000000000000000e+00,  1.212720203527306e-01,  0.000000000000000e+00
3973        ,  2.406300000000000e+00,  2.050394770868394e+00,  2.371951798288754e+02
3659        ,  1.149999999999984e-02,  1.212720203527306e-01,  0.000000000000000e+00
3527        ,  1.341400000000000e+00,  1.339151501401200e+00,  1.497443034353162e+02
4388        ,  0.000000000000000e+00,  1.212720203527306e-01,  0.000000000000000e+00
4001        ,  2.571800000000000e+00,  2.326998696295532e+00,  2.712050000000000e+02
5635        ,  2.510199999999999e+00,  2.377328141740587e+00,  2.773932541480766e+02
4527        ,  2.819700000000000e+00,  2.506747444315744e+00,  2.933059972534265e+02
5763        ,  3.147600000000001e+00,  4.282902270104592e+00,  5.116930144581621e+02
3800        ,  1.905300000000000e+00,  2.130861786012496e+00,  2.470889971726896e+02
4177        ,  2.914400000000000e+00,  2.903639846830156e+00,  3.421058803930329e+02
4152        ,  0.000000000000000e+00,  1.212720203527306e-01,  0.000000000000000e+00
3751        ,  2.705800000000000e+00,  2.283844228969121e+00,  2.658989448849633e+02
3519        ,  1.893400000000000e+00,  1.316688177357747e+00,  1.469823266846834e+02
5521        ,  0.000000000000000e+00,  1.212720203527306e-01,  0.000000000000000e+00
5838        ,  1.495700000000000e+00,  1.815588232515213e+00,  2.083245550462943e+02
3046        ,  0.000000000000000e+00,  1.212720203527306e-01,  0.000000000000000e+00
3398        ,  1.423800000000000e+00,  1.501257908364681e+00,  1.696760876314424e+02
3215        ,  2.198300000000000e+00,  1.924288472502578e+00,  2.216897869706771e+02
3866        ,  4.189600000000000e+00,  4.115736101292642e+00,  4.911391075271200e+02
4861        ,  0.000000000000000e+00,  1.212720203527306e-01,  0.000000000000000e+00
4013        ,  1.083500000000000e+00,  1.072243878243876e+00,  1.169266915671360e+02
4738        ,  4.309900000000000e+00,  3.875903583916759e+00,  4.616505137750749e+02
5730        ,  0.000000000000000e+00,  1.212720203527306e-01,  0.000000000000000e+00
5734        ,  1.483100000000000e+00,  1.646582930978516e+00,  1.875445176540058e+02
3608        ,  1.196200000000000e+00,  8.042918712376995e-01,  8.398066754126774e+01
3510        ,  2.562800000000000e+00,  1.326016431128668e+00,  1.481292816050437e+02
3516        ,  1.097000000000001e-01,  2.063385860411211e-01,  1.045935482357933e+01
4247        ,  1.700000000000035e-03,  8.625666406413166e-01,  9.114583855201984e+01
4235        ,  2.754999999999999e-01,  3.571689097048520e-01,  2.900468882863577e+01
3681        ,  1.421999999999999e-01,  1.212720203527306e-01,  0.000000000000000e+00
5806        ,  3.925800000000000e+00,  3.044637221963212e+00,  3.594422047617880e+02
5247        ,  0.000000000000000e+00,  1.212720203527306e-01,  0.000000000000000e+00
5512        ,  0.000000000000000e+00,  1.212720203527306e-01,  0.000000000000000e+00
3366        ,  0.000000000000000e+00,  1.212720203527306e-01,  0.000000000000000e+00
4075        ,  2.952200000000000e+00,  2.511653407264006e+00,  2.939092096531745e+02
4253        ,  0.000000000000000e+00,  1.212720203527306e-01,  0.000000000000000e+00
4596        ,  1.153000000000000e-01,  7.318762223234456e-01,  7.507680548166071e+01
4040        ,  3.755400000000000e+00,  4.582198779328025e+00,  5.484929999999999e+02
4733        ,  4.222000000000001e-01,  4.959566540674517e-01,  4.606932816966848e+01
4616        ,  3.628800000000000e+00,  3.218061075619959e+00,  3.807655249827191e+02
3341        ,  1.408900000000000e+00,  1.749407177499041e+00,  2.001872671305153e+02
4701        ,  2.185200000000000e+00,  2.036062855688515e+00,  2.354330000000000e+02
4948        ,  0.000000000000000e+00,  1.212720203527306e-01,  0.000000000000000e+00
4080        ,  2.228600000000000e+00,  2.603688047923828e+00,  3.052253237449072e+02
3985        ,  2.974100000000000e+00,  2.542248275785225e+00,  2.976710000000000e+02
3133        ,  0.000000000000000e+00,  1.212720203527306e-01,  0.000000000000000e+00
5530        ,  0.000000000000000e+00,  1.503023604365114e-01,  3.569423840357063e+00
4690        ,  1.719900000000000e+00,  1.758391856187828e+00,  2.012919777958795e+02
5282        ,  3.805300000000000e+00,  3.759892407183491e+00,  4.473863660322464e+02
3983        ,  0.000000000000000e+00,  1.212720203527306e-01,  0.000000000000000e+00
5532        ,  0.000000000000000e+00,  1.170988365713189e+00,  1.290678144978220e+02
4723        ,  8.354000000000004e-01,  1.034369844283292e+00,  1.122698918410821e+02
5654        ,  5.839999999999979e-02,  1.212720203527306e-01,  0.000000000000000e+00
3446        ,  1.277400000000000e+00,  1.183129107431903e+00,  1.305605787164062e+02
5584        ,  3.728300000000000e+00,  3.921241217702984e+00,  4.672250000000001e+02
3588        ,  0.000000000000000e+00,  1.212720203527306e-01,  0.000000000000000e+00
2988        ,  1.057200000000000e+00,  1.126472921925044e+00,  1.235944205980980e+02
2993        ,  0.000000000000000e+00,  1.212720203527306e-01,  0.000000000000000e+00
4902        ,  1.785500000000000e+00,  1.278974554173020e+00,  1.423452502565978e+02
3346        ,  2.480700000000000e+00,  1.123364012164768e+00,  1.232121647725093e+02
4032        ,  5.322200000000000e+00,  4.889387738111814e+00,  5.862634012358409e+02
3028        ,  0.000000000000000e+00,  1.212720203527306e-01,  0.000000000000000e+00
4048        ,  5.700300000000000e+00,  4.840033063654416e+00,  5.801949999999999e+02
4161        ,  5.473999999999997e-01,  6.352715524852501e-01,  6.319878370805669e+01
5577        ,  2.700600000000000e+00,  2.969996868834046e+00,  3.502648043199391e+02
4330        ,  2.371100000000000e+00,  2.317444408742641e+00,  2.700302531086272e+02
3418        ,  0.000000000000000e+00,  1.212720203527306e-01,  0.000000000000000e+00
3024        ,  0.000000000000000e+00,  1.212720203527306e-01,  0.000000000000000e+00
3545        ,  5.858400000000000e+00,  5.613301302414335e+00,  6.752721530218017e+02
3957        ,  2.369100000000000e+00,  1.801956807168396e+00,  2.066485039056410e+02
3168        ,  1.440000000000019e-02,  1.212720203527306e-01,  0.000000000000000e+00
3572        ,  1.227300000000000e+00,  1.450069859642154e+00,  1.633822639654348e+02
3081        ,  9.398000000000002e-01,  1.372926298580358e+00,  1.538970817323182e+02
4251        ,  0.000000000000000e+00,  1.212720203527306e-01,  0.000000000000000e+00
3343        ,  0.000000000000000e+00,  1.212720203527306e-01,  0.000000000000000e+00
3191        ,  0.000000000000000e+00,  1.212720203527306e-01,  0.000000000000000e+00
4348        ,  2.519400000000000e+00,  2.019199947253292e+00,  2.333596220370573e+02
3109        ,  0.000000000000000e+00,  1.212720203527306e-01,  0.000000000000000e+00
5357        ,  3.189999999999982e-02,  1.212720203527306e-01,  0.000000000000000e+00
3062        ,  1.324800000000000e+00,  1.020852268033207e+00,  1.106078390097460e+02
5336        ,  4.309000000000003e-01,  5.849836382224739e-01,  5.701563602417299e+01
3833        ,  2.096400000000000e+00,  1.958457025217960e+00,  2.258909794575995e+02
5052        ,  0.000000000000000e+00,  1.212720203527306e-01,  0.000000000000000e+00
3857        ,  2.970300000000000e+00,  2.918563421867745e+00,  3.439408077266018e+02
4016        ,  1.261500000000000e+00,  2.058076723367710e+00,  2.381397138685186e+02
5423        ,  0.000000000000000e+00,  1.212720203527306e-01,  0.000000000000000e+00
4210        ,  3.155900000000000e+00,  3.012051299643701e+00,  3.554356045066203e+02
3089        ,  0.000000000000000e+00,  1.212720203527306e-01,  0.000000000000000e+00
3142        ,  0.000000000000000e+00,  1.212720203527306e-01,  0.000000000000000e+00
5291        ,  4.676600000000000e+00,  4.754595262984152e+00,  5.696900000000001e+02
3456        ,  1.118800000000000e+00,  9.748982305668576e-01,  1.049575629048274e+02
3584        ,  3.670800000000000e+00,  3.809411635673842e+00,  4.534750000000001e+02
4259        ,  0.000000000000000e+00,  1.212720203527306e-01,  0.000000000000000e+00
3288        ,  0.000000000000000e+00,  1.212720203527306e-01,  0.000000000000000e+00
3177        ,  1.162500000000000e+00,  1.561662741962513e+00,  1.771031605659881e+02
5495        ,  3.851200000000000e+00,  3.836754645111068e+00,  4.568369581951392e+02
4457        ,  5.621100000000000e+00,  4.974586416751881e+00,  5.967390000000001e+02
3326        ,  1.114300000000000e+00,  7.769922893779900e-01,  8.062404898149180e+01
4850        ,  2.079800000000000e+00,  2.198835904261765e+00,  2.554467510779477e+02
3886        ,  1.935600000000000e+00,  1.967287758524832e+00,  2.269767617771457e+02
4630        ,  2.287500000000000e+00,  1.673911174218752e+00,  1.909046602722204e+02
4401        ,  0.000000000000000e+00,  1.212720203527306e-01,  0.000000000000000e+00
3289        ,  0.000000000000000e+00,  1.212720203527306e-01,  0.000000000000000e+00
3217        ,  3.489100000000000e+00,  3.068831411644050e+00,  3.624170000000000e+02
4695        ,  2.482000000000000e+00,  2.409848866394600e+00,  2.813918380279318e+02
3120        ,  0.000000000000000e+00,  1.212720203527306e-01,  0.000000000000000e+00
5237        ,  1.472900000000000e+00,  1.322884488575799e+00,  1.477441937837306e+02
3167        ,  0.000000000000000e+00,  1.212720203527306e-01,  0.000000000000000e+00
3768        ,  4.322000000000000e+00,  4.112370998022998e+00,  4.907253514429245e+02
3266        ,  1.678000000000000e+00,  5.643785938397728e-01,  5.448214394523177e+01
3405        ,  2.360100000000000e+00,  2.176814980830705e+00,  2.527391696698533e+02
4149        ,  0.000000000000000e+00,  1.480518114798256e+00,  1.671260274741575e+02
3543        ,  2.136700000000000e+00,  2.144671886219420e+00,  2.487870172707680e+02
5174        ,  1.404900000000000e+00,  1.354532986286883e+00,  1.516355330486311e+02
5780        ,  9.264000000000001e-01,  1.003652252339817e+00,  1.084930120427412e+02
3159        ,  9.429000000000001e-01,  8.231769213294602e-01,  8.630267781842356e+01
3698        ,  4.599200000000000e+00,  4.430396818536892e+00,  5.298281984063201e+02
5516        ,  0.000000000000000e+00,  1.212720203527306e-01,  0.000000000000000e+00
4391        ,  2.476800000000000e+00,  2.408183826564914e+00,  2.811871131488545e+02
5554        ,  1.662000000000000e+00,  1.162304075944536e+00,  1.280000381353220e+02
3492        ,  0.000000000000000e+00,  1.212720203527306e-01,  0.000000000000000e+00
5335        ,  4.263500000000000e+00,  4.642318362626892e+00,  5.558850000000000e+02
5262        ,  2.010999999999994e-01,  2.020577104105829e-01,  9.933000000000000e+00
3626        ,  3.394699999999999e+00,  3.353186787729673e+00,  3.973798993530390e+02
3389        ,  6.611000000000002e-01,  7.457539806013480e-01,  7.678314447407000e+01
5294        ,  0.000000000000000e+00,  1.212720203527306e-01,  0.000000000000000e+00
4836        ,  2.266100000000000e+00,  2.316096559974751e+00,  2.698645284388019e+02
3498        ,  3.940200000000000e+00,  3.727154787325449e+00,  4.433611138147181e+02
3186        ,  0.000000000000000e+00,  1.212720203527306e-01,  0.000000000000000e+00
5236        ,  1.808000000000001e-01,  1.212720203527306e-01,  0.000000000000000e+00
3406        ,  0.000000000000000e+00,  1.212720203527306e-01,  0.000000000000000e+00
4952        ,  4.310000000000036e-02,  2.346347377630030e-01,  1.393850657498699e+01
3108        ,  0.000000000000000e+00,  1.212720203527306e-01,  0.000000000000000e+00
3144        ,  2.984600000000000e+00,  2.517736801319851e+00,  2.946571930288619e+02
4447        ,  2.571900000000000e+00,  2.664523212731856e+00,  3.127053080293195e+02
3036        ,  0.000000000000000e+00,  1.556364301978390e+00,  1.764516911742603e+02
4963        ,  4.657000000000000e+00,  4.852915831504173e+00,  5.817790000000000e+02
3722        ,  0.000000000000000e+00,  1.212720203527306e-01,  0.000000000000000e+00
3719        ,  0.000000000000000e+00,  1.212720203527306e-01,  0.000000000000000e+00
4956        ,  3.796700000000000e+00,  4.057494380447291e+00,  4.839780000000000e+02
5085        ,  0.000000000000000e+00,  1.212720203527306e-01,  0.000000000000000e+00
4434        ,  1.092800000000000e+00,  6.176502507220540e-01,  6.103215753591554e+01
4730        ,  1.903900000000000e+00,  2.067015338765300e+00,  2.392387608244917e+02
3116        ,  0.000000000000000e+00,  1.212720203527306e-01,  0.000000000000000e+00
5503        ,  8.586999999999998e-01,  7.351046891172436e-01,  7.547376143561530e+01
3128        ,  0.000000000000000e+00,  1.212720203527306e-01,  0.000000000000000e+00
3734        ,  1.765000000000000e+00,  1.894939520488973e+00,  2.180811882183193e+02
4176        ,  4.014700000000000e+00,  3.822294403523598e+00,  4.550590000000000e+02
5220        ,  2.462000000000000e-01,  8.922001075426450e-01,  9.478941981647529e+01
3700        ,  6.755000000000000e-01,  7.794030256611714e-01,  8.092046092627672e+01
5849        ,  0.000000000000000e+00,  1.212720203527306e-01,  0.000000000000000e+00
5193        ,  3.476700000000000e+00,  3.256566306721450e+00,  3.854999335179091e+02
5450        ,  1.609300000000000e+00,  1.638259546758691e+00,  1.865211164130643e+02
5797        ,  0.000000000000000e+00,  1.212720203527306e-01,  0.000000000000000e+00
4031        ,  3.750400000000000e+00,  3.627710930792891e+00,  4.311340000000000e+02
4290        ,  4.068000000000001e-01,  5.027266288661875e-01,  4.690173004217444e+01
4717        ,  0.000000000000000e+00,  1.212720203527306e-01,  0.000000000000000e+00
3091        ,  0.000000000000000e+00,  1.212720203527306e-01,  0.000000000000000e+00
4753        ,  7.596999999999996e-01,  1.395494173680454e+00,  1.566719135522694e+02
3393        ,  8.523999999999998e-01,  2.381039134871073e-01,  1.436505888199645e+01
3361        ,  0.000000000000000e+00,  1.212720203527306e-01,  0.000000000000000e+00
3229        ,  5.016000000000003e-01,  6.161073626899038e-01,  6.084245182426818e+01
3602        ,  1.873300000000000e+00,  1.188711438635620e+00,  1.312469539371515e+02
5049        ,  3.301000000000000e+00,  3.258831564284340e+00,  3.857784581347821e+02
3407        ,  2.927999999999997e-01,  1.212720203527306e-01,  0.000000000000000e+00
5766        ,  2.967000000000000e+00,  2.666387478652196e+00,  3.129345287412237e+02
2999        ,  1.144500000000000e+00,  1.102857087041032e+00,  1.206907369415630e+02
3723        ,  6.068800000000000e+00,  5.656184367381129e+00,  6.805448378749004e+02
4238        ,  5.243000000000000e+00,  4.922697490690357e+00,  5.903589999999999e+02
3415        ,  1.425400000000000e+00,  1.295464842692810e-01,  1.017386247790131e+00
3990        ,  0.000000000000000e+00,  1.212720203527306e-01,  0.000000000000000e+00
3627        ,  2.072800000000000e+00,  1.699484347464222e+00,  1.940490083574486e+02
5456        ,  0.000000000000000e+00,  1.212720203527306e-01,  0.000000000000000e+00
5207        ,  0.000000000000000e+00,  1.212720203527306e-01,  0.000000000000000e+00
3922        ,  1.836800000000000e+00,  1.841793226308285e+00,  2.115465885915941e+02
3738        ,  1.802400000000000e+00,  1.710530882911320e+00,  1.954072345051419e+02
4262        ,  2.272100000000000e+00,  1.590265409887543e+00,  1.806200000000000e+02
5623        ,  3.708000000000000e+00,  4.242182777634015e+00,  5.066863515402542e+02
3798        ,  1.146800000000000e+00,  1.274466753540962e+00,  1.417909938821561e+02
5627        ,  1.765000000000000e+00,  1.507826025752893e+00,  1.704836701373341e+02
4279        ,  3.202400000000000e+00,  3.244211794698518e+00,  3.839808851835332e+02
3867        ,  1.943600000000000e+00,  1.832264625398607e+00,  2.103750000000000e+02
3283        ,  0.000000000000000e+00,  1.212720203527306e-01,  0.000000000000000e+00
5770        ,  1.462100000000000e+00,  1.033799143965282e+00,  1.121997214154197e+02
4222        ,  2.760500000000000e+00,  2.518709602130776e+00,  2.947768036981277e+02
4509        ,  2.598600000000000e+00,  1.354238628509987e+00,  1.515993403046462e+02
4777        ,  1.779300000000000e+00,  1.827261271360089e+00,  2.097598128842001e+02
4390        ,  2.926900000000000e+00,  3.609019199531295e+00,  4.288357592287882e+02
4157        ,  1.256900000000000e+00,  1.770102855064595e+00,  2.027319030073821e+02
5125        ,  9.231000000000000e-01,  1.144950249137122e+00,  1.258662993314001e+02
3581        ,  3.809500000000000e+00,  3.483763892804979e+00,  4.134349999999999e+02
4706        ,  3.862500000000000e+00,  4.075919606610166e+00,  4.862434726517131e+02
3533        ,  0.000000000000000e+00,  1.212720203527306e-01,  0.000000000000000e+00
4798        ,  1.230200000000000e+00,  1.180371301623575e+00,  1.302214928575801e+02
5097        ,  1.196899999999999e+00,  1.282219092429498e+00,  1.427441822763468e+02
5017        ,  3.460900000000000e+00,  3.591848329212378e+00,  4.267245158296706e+02
3421        ,  8.106000000000000e-01,  1.212720203527306e-01,  0.000000000000000e+00
5157        ,  4.291200000000000e+00,  4.453188889560212e+00,  5.326305962234646e+02
3601        ,  2.851500000000000e+00,  2.811354981980153e+00,  3.307590000000000e+02
4476        ,  3.099999999999881e-03,  1.212720203527306e-01,  0.000000000000000e+00
3225        ,  2.281000000000004e-01,  1.212720203527306e-01,  0.000000000000000e+00
3835        ,  1.736000000000000e+00,  1.825722970045524e+00,  2.095706711321567e+02
5439        ,  3.011300000000000e+00,  2.960450897771032e+00,  3.490910799821139e+02
4661        ,  5.475600000000000e+00,  5.146642687844171e+00,  6.178941691832532e+02
5134        ,  2.371200000000000e+00,  2.222299712575501e+00,  2.583317423160424e+02
5729        ,  3.487600000000000e+00,  3.256672940587104e+00,  3.855130446788930e+02
3709        ,  2.167100000000000e+00,  1.766358411132569e+00,  2.022715051132726e+02
3853        ,  0.000000000000000e+00,  1.212720203527306e-01,  0.000000000000000e+00
4891        ,  2.943400000000000e+00,  1.212720203527306e-01,  0.000000000000000e+00
3365        ,  8.793000000000000e-01,  1.190036694153092e+00,  1.314099006551361e+02
3367        ,  2.085999999999997e-01,  3.777641550666060e-01,  3.153697606950484e+01
5429        ,  3.010400000000000e+00,  2.827401182614162e+00,  3.327319597009504e+02
3342        ,  0.000000000000000e+00,  1.212720203527306e-01,  0.000000000000000e+00
3119        ,  7.066900000000000e+00,  6.693692462880637e+00,  8.081115876942878e+02
3232        ,  9.213999999999998e-01,  9.045357464185715e-01,  9.630614760411727e+01
4451        ,  1.030000000000000e-01,  1.212720203527306e-01,  0.000000000000000e+00
5642        ,  5.254999999999996e-01,  8.245458958176003e-01,  8.647100000000000e+01
4442        ,  8.890999999999998e-01,  6.502536312060698e-01,  6.504090435872305e+01
4987        ,  2.826900000000000e+00,  2.711814113467342e+00,  3.185199580826791e+02
3658        ,  2.646900000000000e+00,  2.308546541205951e+00,  2.689362163036108e+02
5128        ,  4.194100000000000e+00,  4.081023324506222e+00,  4.868710000000000e+02
3810        ,  2.148500000000000e+00,  2.247389165090050e+00,  2.614166145458711e+02
3801        ,  0.000000000000000e+00,  1.212720203527306e-01,  0.000000000000000e+00
4708        ,  4.946400000000000e+00,  4.499451474640886e+00,  5.383188097830351e+02
3568        ,  3.916600000000000e+00,  4.634169217200165e+00,  5.548830222801128e+02
3623        ,  2.059900000000000e+00,  2.053850247139716e+00,  2.376200477204347e+02
2981        ,  2.159200000000000e+00,  1.493137413439780e+00,  1.686776326324039e+02
5702        ,  3.637999999999995e-01,  4.655389329468628e-01,  4.232931897157361e+01
3761        ,  3.577100000000000e+00,  2.974663988849301e+00,  3.508386498002257e+02
5376        ,  2.012700000000000e+00,  2.098080730725503e+00,  2.430584043544252e+02
3084        ,  8.620000000000028e-02,  9.763904736878055e-01,  1.051410415742521e+02
5459        ,  6.888000000000001e-01,  6.846169931183311e-01,  6.926604959954550e+01
4786        ,  1.332600000000000e+00,  1.098371358550575e+00,  1.201391944460566e+02
3275        ,  0.000000000000000e+00,  1.213735250383384e-01,  1.248050293833776e-02
3725        ,  0.000000000000000e+00,  1.212720203527306e-01,  0.000000000000000e+00
3197        ,  1.631300000000000e+00,  1.705963172058978e+00,  1.948456118729180e+02
4597        ,  2.728600000000000e+00,  1.877852053978012e+00,  2.159801997297412e+02
3140        ,  0.000000000000000e+00,  1.212720203527306e-01,  0.000000000000000e+00
5779        ,  0.000000000000000e+00,  1.212720203527306e-01,  0.000000000000000e+00
3287        ,  5.146999999999995e-01,  4.854907096317165e-01,  4.478248855728527e+01
4663        ,  1.831000000000000e+00,  1.365607935203948e+00,  1.529972527729340e+02
4399        ,  4.730000000000034e-02,  1.212720203527306e-01,  0.000000000000000e+00
3101        ,  0.000000000000000e+00,  1.212720203527306e-01,  0.000000000000000e+00
4436        ,  1.310000000000011e-02,  1.212720203527306e-01,  0.000000000000000e+00
3204        ,  3.863100000000000e+00,  3.560250768739077e+00,  4.228394395499911e+02
4697        ,  9.560000000000013e-02,  1.212720203527306e-01,  0.000000000000000e+00
5819        ,  0.000000000000000e+00,  1.212720203527306e-01,  0.000000000000000e+00
4996        ,  0.000000000000000e+00,  1.212720203527306e-01,  0.000000000000000e+00
3796        ,  3.416900000000000e+00,  2.871027246950903e+00,  3.380960000000000e+02
4679        ,  0.000000000000000e+00,  9.729978372863149e-01,  1.047239001553712e+02
4497        ,  1.327300000000000e+00,  1.514877217913102e+00,  1.713506490747821e+02
3790        ,  0.000000000000000e+00,  1.212720203527306e-01,  0.000000000000000e+00
5645        ,  2.352200000000000e+00,  2.162152606829807e+00,  2.509363582951330e+02
3550        ,  2.619400000000000e+00,  1.862202032173056e+00,  2.140559521745454e+02
3677        ,  0.000000000000000e+00,  1.212720203527306e-01,  0.000000000000000e+00
3265        ,  0.000000000000000e+00,  1.212720203527306e-01,  0.000000000000000e+00
3029        ,  0.000000000000000e+00,  1.212720203527306e-01,  0.000000000000000e+00
3305        ,  0.000000000000000e+00,  1.212720203527306e-01,  0.000000000000000e+00
4582        ,  0.000000000000000e+00,  1.212720203527306e-01,  0.000000000000000e+00
5556        ,  1.465900000000000e+00,  1.498183080620168e+00,  1.692980223581944e+02
5555        ,  0.000000000000000e+00,  1.212720203527306e-01,  0.000000000000000e+00
3271        ,  0.000000000000000e+00,  1.212720203527306e-01,  0.000000000000000e+00
4810        ,  2.130700000000000e+00,  2.351431467837866e+00,  2.742091300576403e+02
4118        ,  3.832100000000000e+00,  3.820528172659690e+00,  4.548418331829729e+02
3826        ,  3.180200000000001e+00,  3.412180808608953e+00,  4.046335058887293e+02
5238        ,  2.869999999999995e-02,  1.212720203527306e-01,  0.000000000000000e+00
4790        ,  1.588000000000000e+00,  6.197841346663022e-01,  6.129452911686060e+01
3785        ,  1.859500000000000e+00,  1.919139605316282e+00,  2.210567082939356e+02
5313        ,  3.138300000000000e+00,  3.175626432681812e+00,  3.755479758350574e+02
3979        ,  1.458900000000000e+00,  1.635939020999203e+00,  1.862357962981715e+02
4516        ,  0.000000000000000e+00,  1.212720203527306e-01,  0.000000000000000e+00
3384        ,  0.000000000000000e+00,  1.212720203527306e-01,  0.000000000000000e+00
4281        ,  2.025100000000000e+00,  1.662730979042427e+00,  1.895300000000000e+02
3260        ,  0.000000000000000e+00,  1.212720203527306e-01,  0.000000000000000e+00
4979        ,  1.930300000000000e+00,  1.924599976363665e+00,  2.217280879104842e+02
5265        ,  0.000000000000000e+00,  1.212720203527306e-01,  0.000000000000000e+00
3292        ,  0.000000000000000e+00,  1.212720203527306e-01,  0.000000000000000e+00
4213        ,  0.000000000000000e+00,  1.212720203527306e-01,  0.000000000000000e+00
3172        ,  0.000000000000000e+00,  1.212720203527306e-01,  0.000000000000000e+00
3043        ,  8.247000000000004e-01,  1.035939752426735e+00,  1.124629198090014e+02
3947        ,  5.163000000000002e-01,  5.012181940095402e-01,  4.671626051879292e+01
4634        ,  1.984300000000000e+00,  1.758686213964723e+00,  2.013281705398643e+02
5350        ,  5.800999999999998e-01,  6.032525270317768e-01,  5.926188622532687e+01
5760        ,  2.773000000000000e+00,  3.021284838329483e+00,  3.565709137389879e+02
3774        ,  7.475999999999998e-01,  8.147322954018255e-01,  8.526436931008345e+01
3752        ,  3.178199999999999e+00,  3.181779543053239e+00,  3.763045311764255e+02
3023        ,  2.116900000000000e+00,  1.984458628843750e+00,  2.290880051762635e+02
4664        ,  1.383200000000000e+00,  1.990903793695224e+00,  2.298804700598814e+02
5619        ,  0.000000000000000e+00,  1.212720203527306e-01,  0.000000000000000e+00
3100        ,  1.347000000000000e+00,  1.369170625212876e+00,  1.534353031236007e+02
4624        ,  1.861999999999995e-01,  1.566930728391837e-01,  4.355193526179951e+00
3594        ,  6.517999999999999e-01,  8.158556266925934e-01,  8.540248844607409e+01
3802        ,  3.640600000000001e+00,  3.676455533383803e+00,  4.371273898836390e+02
4541        ,  9.722000000000000e-01,  8.013534139238202e-01,  8.361936968668654e+01
5479        ,  1.344900000000000e+00,  1.056434688855783e+00,  1.149828735706632e+02
3619        ,  0.000000000000000e+00,  1.212720203527306e-01,  0.000000000000000e+00
4250        ,  2.172900000000000e+00,  2.549478381595107e+00,  2.985599772552309e+02
5507        ,  2.815200000000000e+00,  3.093915451306712e+00,  3.655012066929278e+02
3730        ,  5.054000000000003e-01,  5.738698260668192e-01,  5.564913787254412e+01
3432        ,  0.000000000000000e+00,  1.212720203527306e-01,  0.000000000000000e+00
3113        ,  1.532700000000000e+00,  9.863895266492873e-01,  1.063704745715475e+02
3380        ,  3.602999999999998e-01,  7.159626093669095e-01,  7.312014809117390e+01
3718        ,  0.000000000000000e+00,  1.212720203527306e-01,  0.000000000000000e+00
3638        ,  3.944000000000000e+00,  3.595682938499745e+00,  4.271960000000000e+02
4921        ,  3.986700000000000e+00,  3.564700279508151e+00,  4.233865288975918e+02
3279        ,  0.000000000000000e+00,  1.212720203527306e-01,  0.000000000000000e+00
3015        ,  0.000000000000000e+00,  1.212720203527306e-01,  0.000000000000000e+00
5896        ,  0.000000000000000e+00,  1.212720203527306e-01,  0.000000000000000e+00
3558        ,  0.000000000000000e+00,  1.212720203527306e-01,  0.000000000000000e+00
4739        ,  2.321700000000000e+00,  1.953845420046594e+00,  2.253239598018365e+02
4610        ,  1.037200000000000e+00,  9.898476150971806e-01,  1.067956636431309e+02
3997        ,  2.932200000000000e+00,  2.708561230178966e+00,  3.181200000000001e+02
3090        ,  0.000000000000000e+00,  1.212720203527306e-01,  0.000000000000000e+00
3445        ,  0.000000000000000e+00,  1.212720203527306e-01,  0.000000000000000e+00
5229        ,  4.162100000000001e+00,  4.627202749813632e+00,  5.540264606724706e+02
4590        ,  0.000000000000000e+00,  1.212720203527306e-01,  0.000000000000000e+00
5025        ,  2.353300000000000e+00,  2.223881240104876e+00,  2.585261989449086e+02
5683        ,  0.000000000000000e+00,  1.212720203527306e-01,  0.000000000000000e+00
5123        ,  5.819999999999992e-02,  9.313620514486806e-01,  9.960457443779600e+01
3596        ,  0.000000000000000e+00,  1.212720203527306e-01,  0.000000000000000e+00
5621        ,  2.851700000000000e+00,  3.260956308416112e+00,  3.860397059305957e+02
3040        ,  0.000000000000000e+00,  1.212720203527306e-01,  0.000000000000000e+00
4287        ,  1.774800000000000e+00,  1.822659970810062e+00,  2.091940602325772e+02
5502        ,  4.470800000000000e+00,  4.577546668715613e+00,  5.479209999999999e+02
4144        ,  7.689000000000000e-01,  3.934670433591627e-01,  3.346772382072498e+01
4851        ,  0.000000000000000e+00,  1.212720203527306e-01,  0.000000000000000e+00
5533        ,  0.000000000000000e+00,  1.212720203527306e-01,  0.000000000000000e+00
5918        ,  0.000000000000000e+00,  1.212720203527306e-01,  0.000000000000000e+00
4203        ,  1.323500000000000e+00,  1.497200970908110e+00,  1.691772671135109e+02
4291        ,  4.773200000000000e+00,  4.261471538068446e+00,  5.090580000000000e+02
3303        ,  0.000000000000000e+00,  1.212720203527306e-01,  0.000000000000000e+00
4702        ,  4.318700000000000e+00,  3.953017510548583e+00,  4.711320523085129e+02
3733        ,  0.000000000000000e+00,  1.212720203527306e-01,  0.000000000000000e+00
4584        ,  0.000000000000000e+00,  1.212720203527306e-01,  0.000000000000000e+00
3633        ,  4.639500000000000e+00,  4.210722644706844e+00,  5.028181726568182e+02
4175        ,  6.012000000000000e-01,  4.637359915633765e-01,  4.210763841466625e+01
4340        ,  0.000000000000000e+00,  1.212720203527306e-01,  0.000000000000000e+00
4275        ,  3.135000000000000e+00,  2.299287181662546e+00,  2.677977322691391e+02
3674        ,  4.303999999999999e-01,  3.202229233518399e-01,  2.446199714423395e+01
3607        ,  1.498500000000000e+00,  1.367124493296393e+00,  1.531837210883185e+02
3663        ,  0.000000000000000e+00,  1.212720203527306e-01,  0.000000000000000e+00
3112        ,  0.000000000000000e+00,  1.212720203527306e-01,  0.000000000000000e+00
5665        ,  1.656300000000000e+00,  1.414189495737752e+00,  1.589705958295658e+02
3797        ,  5.508700000000000e+00,  5.187509940935367e+00,  6.229190000000001e+02
4482        ,  1.776600000000000e+00,  2.793551712521113e+00,  3.285700000000000e+02
3313        ,  3.882800000000000e+00,  3.574298537807851e+00,  4.245666822096777e+02
5121        ,  2.568900000000000e+00,  2.730602660516305e+00,  3.208301028336084e+02
4041        ,  2.202900000000001e+00,  2.235173346664606e+00,  2.599146192750125e+02
3182        ,  0.000000000000000e+00,  1.212720203527306e-01,  0.000000000000000e+00
3672        ,  0.000000000000000e+00,  1.212720203527306e-01,  0.000000000000000e+00
4012        ,  0.000000000000000e+00,  1.212720203527306e-01,  0.000000000000000e+00
3139        ,  1.653300000000000e+00,  1.608214159818834e+00,  1.828268875433240e+02
4534        ,  1.043000000000000e+00,  1.136512878363957e+00,  1.248288828801718e+02
5091        ,  3.107900000000000e+00,  3.374170902416420e+00,  3.999600000000000e+02
5746        ,  1.736800000000000e+00,  2.386247575001282e+00,  2.784899425654812e+02
3794        ,  0.000000000000000e+00,  1.744463384690875e-01,  6.538045308166975e+00
5163        ,  8.546999999999993e-01,  1.024263560609872e+00,  1.110272742976014e+02
5757        ,  5.346700000000000e+00,  5.455274692145945e+00,  6.558420000000000e+02
5312        ,  4.080400000000000e+00,  3.985895273216798e+00,  4.751745357774232e+02
5178        ,  1.411000000000000e+00,  7.780697620581918e-01,  8.075652957458668e+01
3001        ,  0.000000000000000e+00,  1.212720203527306e-01,  0.000000000000000e+00
3639        ,  3.916900000000000e+00,  3.937165750183933e+00,  4.691830000000000e+02
3461        ,  1.653900000000000e+00,  1.663640928099430e+00,  1.896418827353797e+02
3914        ,  1.235300000000000e+00,  2.083865116576166e+00,  2.413105243122514e+02
3054        ,  2.297200000000000e+00,  1.426650641626337e+00,  1.605027553249254e+02
4514        ,  3.202900000000000e+00,  3.185144000801442e+00,  3.767182078905684e+02
3268        ,  0.000000000000000e+00,  1.212720203527306e-01,  0.000000000000000e+00
3670        ,  5.524000000000000e+00,  5.362438265956462e+00,  6.444273024133387e+02
3961        ,  1.207400000000000e+00,  1.404083212064331e+00,  1.577279782860850e+02
4500        ,  0.000000000000000e+00,  1.212720203527306e-01,  0.000000000000000e+00
3436        ,  6.292000000000000e-01,  1.949198727170966e-01,  9.055367565856939e+00
4208        ,  9.359000000000002e-01,  6.856539979208145e-01,  6.939355446700024e+01
5271        ,  0.000000000000000e+00,  1.212720203527306e-01,  0.000000000000000e+00
5364        ,  0.000000000000000e+00,  1.212720203527306e-01,  0.000000000000000e+00
3883        ,  6.357800000000000e+00,  6.166421370185666e+00,  7.432809999999999e+02
5671        ,  3.270300000000000e+00,  2.446591946791322e+00,  2.859095814218334e+02
4172        ,  2.572000000000000e+00,  1.889858752772443e+00,  2.174564827080716e+02
4207        ,  1.619500000000000e+00,  2.981644657707526e+00,  3.516969575490249e+02
4680        ,  2.538000000000000e+00,  2.610165143265111e+00,  3.060217146401126e+02
5485        ,  6.596000000000002e-01,  6.402627535118210e-01,  6.381247655095282e+01
4546        ,  3.642200000000000e+00,  4.889238079747238e+00,  5.862449999999999e+02
5822        ,  0.000000000000000e+00,  1.212720203527306e-01,  0.000000000000000e+00
3252        ,  4.925999999999999e-01,  2.697256376790724e-01,  1.825310621035196e+01
4655        ,  5.565700000000001e+00,  5.344378890642105e+00,  6.422068129322307e+02
4849        ,  3.854400000000000e+00,  3.863229415952787e+00,  4.600921621623576e+02
5883        ,  5.354999999999999e-01,  5.987572616548336e-01,  5.870917112247634e+01
3419        ,  4.336800000000000e+00,  3.944077103254387e+00,  4.700327850299930e+02
5131        ,  2.770000000000028e-02,  1.569874306160794e-01,  4.391386270164827e+00
3544        ,  0.000000000000000e+00,  1.212720203527306e-01,  0.000000000000000e+00
5684        ,  4.439300000000000e+00,  5.292092966049021e+00,  6.357780000000001e+02
3011        ,  0.000000000000000e+00,  1.212720203527306e-01,  0.000000000000000e+00
3823        ,  1.302100000000000e+00,  1.372317270466713e+00,  1.538221987146883e+02
3524        ,  1.959900000000000e+00,  1.688771687289703e+00,  1.927318338252104e+02
4360        ,  1.576000000000000e-01,  3.202065281292185e-01,  2.445998127055407e+01
5480        ,  2.703000000000000e+00,  2.165684900152555e+00,  2.513706712229514e+02
5208        ,  0.000000000000000e+00,  1.212720203527306e-01,  0.000000000000000e+00
4677        ,  0.000000000000000e+00,  1.714630666689329e+00,  1.959113231901281e+02
3360        ,  4.618000000000002e-01,  1.212720203527306e-01,  0.000000000000000e+00
3285        ,  0.000000000000000e+00,  1.212720203527306e-01,  0.000000000000000e+00
5246        ,  1.909999999999989e-02,  1.212720203527306e-01,  0.000000000000000e+00
3154        ,  0.000000000000000e+00,  1.212720203527306e-01,  0.000000000000000e+00
4506        ,  1.594500000000000e+00,  1.765850936567476e+00,  2.022091086065217e+02
4336        ,  0.000000000000000e+00,  1.212720203527306e-01,  0.000000000000000e+00
4345        ,  1.651000000000000e+00,  1.350631924041052e+00,  1.511558781585127e+02
3021        ,  0.000000000000000e+00,  1.212720203527306e-01,  0.000000000000000e+00
3580        ,  1.859800000000000e+00,  1.497394627340278e+00,  1.692010781292904e+02
4284        ,  2.943400000000000e+00,  2.819277295284703e+00,  3.317330875889994e+02
5284        ,  5.591300000000000e+00,  5.441485039873401e+00,  6.541464940765487e+02
5632        ,  2.338000000000005e-01,  1.212720203527306e-01,  0.000000000000000e+00
4033        ,  5.497999999999998e-01,  8.646923377429782e-01,  9.140720352019284e+01
5362        ,  1.485500000000000e+00,  1.128171855854065e+00,  1.238033129242622e+02
3554        ,  3.720300000000000e+00,  3.537588379004598e+00,  4.200529866884586e+02
3693        ,  2.168900000000000e+00,  1.988653721476214e+00,  2.296038125561153e+02
3758        ,  0.000000000000000e+00,  1.212720203527306e-01,  0.000000000000000e+00
3349        ,  2.150700000000000e+00,  1.087269035294369e+00,  1.187741089114165e+02
4688        ,  2.151000000000000e+00,  2.274287906776072e+00,  2.647239478245237e+02
5215        ,  1.232400000000000e+00,  1.113574937215725e+00,  1.220085496099822e+02
4896        ,  0.000000000000000e+00,  1.212720203527306e-01,  0.000000000000000e+00
5805        ,  3.861999999999999e-01,  5.521059402118308e-01,  5.297316050523082e+01
3143        ,  0.000000000000000e+00,  5.768250493597533e-01,  5.601249718714171e+01
4893        ,  2.208000000000006e-01,  2.582465058682112e-01,  1.684169020096180e+01
4220        ,  1.188700000000000e+00,  1.211866858582324e+00,  1.340940273008363e+02
4868        ,  0.000000000000000e+00,  1.268434997627495e-01,  6.850409390584686e-01
3241        ,  3.769000000000000e-01,  7.871093116908771e-01,  8.186798689378718e+01
4404        ,  2.805900000000000e+00,  2.277344616855003e+00,  2.650997854412140e+02
3967        ,  2.306200000000000e+00,  2.189910028773922e+00,  2.543492705568646e+02
4232        ,  0.000000000000000e+00,  5.800082998862740e-01,  5.640389357748369e+01
5330        ,  5.059900000000001e+00,  4.676261088253374e+00,  5.600584259298447e+02
3781        ,  1.123700000000000e+00,  1.225947513820517e+00,  1.358253134776432e+02
3926        ,  7.533000000000000e-01,  6.624219604951134e-01,  6.653706060547312e+01
4074        ,  2.853600000000000e+00,  4.194284325185337e+00,  5.007970000000000e+02
5511        ,  1.303200000000000e+00,  1.378688248751287e+00,  1.546055419931248e+02
3184        ,  0.000000000000000e+00,  1.212720203527306e-01,  0.000000000000000e+00
4294        ,  1.687000000000000e+00,  1.529548028472924e+00,  1.731544977661327e+02
4495        ,  0.000000000000000e+00,  1.212720203527306e-01,  0.000000000000000e+00
3188        ,  8.198000000000000e-01,  6.706938626581291e-01,  6.755413187300076e+01
4125        ,  1.822700000000000e+00,  1.586999680526841e+00,  1.802184624292170e+02
4076        ,  3.507100000000000e+00,  3.196710453973410e+00,  3.781403604930267e+02
3597        ,  2.477700000000000e+00,  2.162429743236469e+00,  2.509704335865045e+02
3438        ,  1.828700000000000e+00,  1.871248369641075e+00,  2.151682440916595e+02
4731        ,  1.348900000000000e+00,  1.288694963521204e+00,  1.435404226440141e+02
4475        ,  4.044100000000000e+00,  3.962144959231540e+00,  4.722543172505204e+02
4579        ,  0.000000000000000e+00,  1.212720203527306e-01,  0.000000000000000e+00
3063        ,  4.020500000000000e+00,  4.052420130795233e+00,  4.833540959180049e+02
5403        ,  1.062500000000000e+00,  5.560384568277270e-01,  5.345668286566031e+01
4856        ,  4.825800000000000e+00,  3.803491570800409e+00,  4.527470987547957e+02
4602        ,  3.186700000000000e+00,  3.141579049820873e+00,  3.713616817808069e+02
4374        ,  4.502000000000002e-01,  1.212720203527306e-01,  0.000000000000000e+00
4881        ,  3.677999999999999e-01,  3.764356719419318e-01,  3.137363250125731e+01
3430        ,  0.000000000000000e+00,  1.212720203527306e-01,  0.000000000000000e+00
5168        ,  0.000000000000000e+00,  1.212720203527306e-01,  0.000000000000000e+00
3717        ,  1.106800000000000e+00,  1.322081693249359e+00,  1.476454861292956e+02
4508        ,  4.478999999999997e-01,  1.212720203527306e-01,  0.000000000000000e+00
5514        ,  0.000000000000000e+00,  1.212720203527306e-01,  0.000000000000000e+00
3496        ,  4.153700000000000e+00,  3.849133503210592e+00,  4.583590000000000e+02
3509        ,  0.000000000000000e+00,  1.212720203527306e-01,  0.000000000000000e+00
3237        ,  9.591000000000000e-01,  9.103694462664095e-01,  9.702342984243298e+01
3959        ,  2.491400000000000e+00,  2.036952432390155e+00,  2.355423778535661e+02
3070        ,  9.367000000000001e-01,  9.232605413385785e-01,  9.860845371559860e+01
4270        ,  7.806999999999999e-01,  9.483192541707726e-01,  1.016895463495036e+02
4498        ,  0.000000000000000e+00,  1.212720203527306e-01,  0.000000000000000e+00
3754        ,  7.879000000000000e-01,  8.768729000158936e-01,  9.290486387279026e+01
4804        ,  4.575000000000000e-01,  4.506547251494748e-01,  4.049923203482058e+01
4119        ,  3.041100000000000e+00,  2.511562238476428e+00,  2.938980000000000e+02
3644        ,  5.740000000000003e-01,  6.820849098759538e-01,  6.895471744618365e+01
3518        ,  1.070500000000000e+00,  1.134965480620882e+00,  1.246386226772701e+02
3017        ,  0.000000000000000e+00,  1.212720203527306e-01,  0.000000000000000e+00
4193        ,  4.166600000000000e+00,  3.881340422834986e+00,  4.623190000000001e+02
3039        ,  1.061300000000000e+00,  1.264780242127865e+00,  1.405999894134514e+02
4671        ,  1.044100000000000e+00,  8.129771437520262e-01,  8.504856473720710e+01
4489        ,  1.591999999999998e-01,  3.875150651970224e-01,  3.273589867889353e+01
5520        ,  0.000000000000000e+00,  1.212720203527306e-01,  0.000000000000000e+00
4703        ,  0.000000000000000e+00,  1.212720203527306e-01,  0.000000000000000e+00
3864        ,  2.564400000000000e+00,  2.395348936831744e+00,  2.796090000000000e+02
4337        ,  0.000000000000000e+00,  1.212720203527306e-01,  0.000000000000000e+00
5030        ,  2.814400000000000e+00,  2.559962081578641e+00,  2.998490000000000e+02
3401        ,  2.284600000000000e+00,  1.971022770780366e+00,  2.274360000000000e+02
4395        ,  9.707000000000000e-01,  4.995673887250894e-01,  4.651328584742839e+01
3783        ,  2.028500000000000e+00,  1.417006641571370e+00,  1.593169778378805e+02
4783        ,  0.000000000000000e+00,  1.212720203527306e-01,  0.000000000000000e+00
4061        ,  1.667600000000000e+00,  1.747598737701651e+00,  1.999649105164341e+02
4195        ,  5.205000000000000e+00,  5.921827708371526e+00,  7.132070000000000e+02
5733        ,  3.228000000000000e-01,  4.399387895277602e-01,  3.918165477015569e+01
3200        ,  0.000000000000000e+00,  1.253372030293716e+00,  1.391972933658290e+02
4713        ,  3.813500000000000e+00,  4.850858167194837e+00,  5.815260000000000e+02
4838        ,  3.014200000000000e+00,  2.944751816336594e+00,  3.471608003029205e+02
5828        ,  3.484800000000000e+00,  2.919816614130610e+00,  3.440948939111491e+02
3302        ,  1.491900000000000e+00,  1.346208530067143e+00,  1.506120000000000e+02
4858        ,  3.400500000000000e+00,  3.359919993394028e+00,  3.982077802786848e+02
4024        ,  4.102000000000000e+00,  4.199108422948273e+00,  5.013901466704676e+02
3286        ,  0.000000000000000e+00,  1.212720203527306e-01,  0.000000000000000e+00
3491        ,  8.259000000000001e-01,  9.439726272984413e-01,  1.011551070856693e+02
3791        ,  2.952400000000000e+00,  2.430555257643470e+00,  2.839377912051311e+02
5280        ,  9.822000000000002e-01,  2.238166116743116e-01,  1.260836448717392e+01
3825        ,  1.613500000000001e+00,  1.584180105926629e+00,  1.798717817920417e+02
5053        ,  0.000000000000000e+00,  1.212720203527306e-01,  0.000000000000000e+00
3762        ,  3.050900000000000e+00,  3.181779543053239e+00,  3.763045311764255e+02
3250        ,  1.199900000000000e+00,  1.212720203527306e-01,  0.000000000000000e+00
3012        ,  0.000000000000000e+00,  1.212720203527306e-01,  0.000000000000000e+00
5063        ,  0.000000000000000e+00,  1.212720203527306e-01,  0.000000000000000e+00
3895        ,  0.000000000000000e+00,  1.411077276652209e-01,  2.438898282528386e+00
4129        ,  2.116100000000000e+00,  2.053338348637351e+00,  2.375571072687242e+02
5264        ,  0.000000000000000e+00,  1.212720203527306e-01,  0.000000000000000e+00
5320        ,  0.000000000000000e+00,  1.212720203527306e-01,  0.000000000000000e+00
4778        ,  3.289100000000000e+00,  3.090655154417911e+00,  3.651003370714235e+02
3460        ,  0.000000000000000e+00,  1.212720203527306e-01,  0.000000000000000e+00
3363        ,  3.151200000000000e+00,  2.725357153290308e+00,  3.201851417861937e+02
3025        ,  0.000000000000000e+00,  1.212720203527306e-01,  0.000000000000000e+00
3704        ,  2.006600000000000e+00,  2.355066108759747e+00,  2.746560271287823e+02
5803        ,  2.048100000000000e+00,  2.132607190458065e+00,  2.473036032786152e+02
3368        ,  0.000000000000000e+00,  1.212720203527306e-01,  0.000000000000000e+00
3042        ,  0.000000000000000e+00,  1.212720203527306e-01,  0.000000000000000e+00
4312        ,  5.035999999999996e-01,  4.492847030735415e-01,  4.033078104714566e+01
4974        ,  1.457600000000000e+00,  1.289302227257436e+00,  1.436150887227178e+02
3753        ,  0.000000000000000e+00,  1.212720203527306e-01,  0.000000000000000e+00
5374        ,  2.020000000000000e+00,  1.910672946101886e+00,  2.200156906840548e+02
5835        ,  0.000000000000000e+00,  1.212720203527306e-01,  0.000000000000000e+00
4198        ,  4.097700000000001e+00,  3.947806926137947e+00,  4.704913851939065e+02
5614        ,  1.138500000000000e+00,  1.181843090508053e+00,  1.304024565775044e+02
4087        ,  0.000000000000000e+00,  1.212720203527306e-01,  0.000000000000000e+00
5415        ,  1.726200000000000e+00,  1.701882263759693e+00,  1.943438440213621e+02
5560        ,  3.030600000000000e+00,  2.538243726443587e+00,  2.971786208598082e+02
4422        ,  4.267999999999996e-01,  6.627922105819127e-01,  6.658258468417498e+01
3253        ,  0.000000000000000e+00,  1.212720203527306e-01,  0.000000000000000e+00
4771        ,  2.747500000000000e+00,  2.389593049111243e+00,  2.789012851474464e+02
4604        ,  2.293100000000000e+00,  2.539925669011227e+00,  2.973854240140846e+02
3240        ,  1.162500000000000e+00,  1.244577377114103e+00,  1.381159472763107e+02
5703        ,  3.516900000000001e+00,  3.252355693192633e+00,  3.849822177671148e+02
3813        ,  0.000000000000000e+00,  1.212720203527306e-01,  0.000000000000000e+00
5209        ,  1.572700000000000e+00,  1.215448190023605e+00,  1.345343697077745e+02
5328        ,  0.000000000000000e+00,  1.212720203527306e-01,  0.000000000000000e+00
3161        ,  0.000000000000000e+00,  1.212720203527306e-01,  0.000000000000000e+00
3977        ,  3.184500000000000e+00,  3.221761850038694e+00,  3.812205534942658e+02
5496        ,  2.170000000000000e+00,  2.255164041303785e+00,  2.623725740156203e+02
3077        ,  2.134800000000000e+00,  1.823052447845924e+00,  2.092423172245570e+02
3239        ,  9.895999999999999e-01,  1.265440699146441e+00,  1.406811958692088e+02
3652        ,  1.815100000000000e+00,  1.667876920004414e+00,  1.901627188829954e+02
5796        ,  1.643200000000000e+00,  1.452063529698336e+00,  1.636273955556196e+02
3332        ,  0.000000000000000e+00,  1.212720203527306e-01,  0.000000000000000e+00
5181        ,  0.000000000000000e+00,  1.212720203527306e-01,  0.000000000000000e+00
2997        ,  0.000000000000000e+00,  1.212720203527306e-01,  0.000000000000000e+00
4903        ,  1.562900000000000e+00,  1.955137438203496e+00,  2.254828198220123e+02
5700        ,  2.603800000000000e+00,  2.134188618024712e+00,  2.474980476165699e+02
5019        ,  1.267900000000000e+00,  1.378125594143149e+00,  1.545363608272695e+02
3728        ,  0.000000000000000e+00,  1.212720203527306e-01,  0.000000000000000e+00
3412        ,  4.977500000000000e+00,  5.031547088748605e+00,  6.037425962376293e+02
5471        ,  2.481200000000000e+00,  2.041367799043591e+00,  2.360852690133393e+02
5698        ,  2.943900000000000e+00,  2.979584153269255e+00,  3.514436083411307e+02
4055        ,  1.163999999999996e-01,  2.908220998446722e-01,  2.084702053528795e+01
3563        ,  0.000000000000000e+00,  7.900610176499722e-01,  8.223091373479943e+01
5843        ,  9.450000000000003e-02,  9.773653583420429e-01,  1.052609084623557e+02
3757        ,  1.403600000000000e+00,  1.344470906790494e+00,  1.503983506272634e+02
4089        ,  4.025900000000000e+00,  4.115736101292642e+00,  4.911391075271200e+02
5695        ,  2.888000000000000e+00,  2.022921378358125e+00,  2.338171903902871e+02
3906        ,  1.246300000000000e+00,  1.324281727184818e+00,  1.479159911787080e+02
4715        ,  0.000000000000000e+00,  1.212720203527306e-01,  0.000000000000000e+00
5548        ,  0.000000000000000e+00,  1.212720203527306e-01,  0.000000000000000e+00
5285        ,  3.423700000000000e+00,  2.923802063504632e+00,  3.445849246158917e+02
3230        ,  0.000000000000000e+00,  1.212720203527306e-01,  0.000000000000000e+00
3651        ,  2.001500000000000e+00,  2.003270396203712e+00,  2.314010049792321e+02
4769        ,  1.221900000000000e+00,  1.321564927662900e+00,  1.475819472455326e+02
5682        ,  3.568200000000000e+00,  3.202311200754034e+00,  3.788290000000000e+02
4131        ,  8.060000000000000e-01,  5.224375003539468e-01,  4.932527914285929e+01
3745        ,  2.101100000000000e+00,  1.168235072382113e+00,  1.287292834703840e+02
3293        ,  2.504400000000000e+00,  2.832284552312004e+00,  3.333323941488574e+02
5240        ,  1.568900000000000e+00,  1.125532318683612e+00,  1.234787687791873e+02
4324        ,  0.000000000000000e+00,  1.550908886237116e-01,  4.158197055630678e+00
4839        ,  2.247100000000000e+00,  1.962872391871396e+00,  2.264338706173726e+02
3316        ,  0.000000000000000e+00,  1.212720203527306e-01,  0.000000000000000e+00
4618        ,  9.976000000000003e-01,  1.088216138977356e+00,  1.188905599917549e+02
3479        ,  2.809000000000000e+00,  2.606436611424432e+00,  3.055632732163043e+02
5562        ,  3.304500000000000e+00,  3.103274922909026e+00,  3.666520000000000e+02
3645        ,  0.000000000000000e+00,  1.212720203527306e-01,  0.000000000000000e+00
3194        ,  0.000000000000000e+00,  1.212720203527306e-01,  0.000000000000000e+00
3324        ,  2.361700000000000e+00,  2.298649031321902e+00,  2.677192685297184e+02
4502        ,  7.188000000000000e+00,  6.578648922786769e+00,  7.939664156603043e+02
3402        ,  0.000000000000000e+00,  1.212720203527306e-01,  0.000000000000000e+00
5728        ,  3.545400000000000e+00,  3.873736011257004e+00,  4.613840000000000e+02
5687        ,  3.023600000000000e+00,  2.942298834862462e+00,  3.468591941030465e+02
5254        ,  4.435099999999999e+00,  6.224191808731945e+00,  7.503841610384122e+02
4550        ,  0.000000000000000e+00,  1.212720203527306e-01,  0.000000000000000e+00
3353        ,  1.561700000000000e+00,  1.437536487303303e+00,  1.618412238709249e+02
2987        ,  0.000000000000000e+00,  1.212720203527306e-01,  0.000000000000000e+00
4225        ,  6.553999999999998e-01,  3.431612630909995e-01,  2.728237942314876e+01
4755        ,  2.301300000000000e+00,  2.343967593692404e+00,  2.732914098297908e+02
5482        ,  9.074999999999998e-01,  9.497335272599671e-01,  1.018634382180376e+02
5538        ,  0.000000000000000e+00,  1.212720203527306e-01,  0.000000000000000e+00
5212        ,  0.000000000000000e+00,  1.212720203527306e-01,  0.000000000000000e+00
5595        ,  1.449800000000000e+00,  1.394422538960405e+00,  1.565401507652385e+02
3514        ,  0.000000000000000e+00,  1.212720203527306e-01,  0.000000000000000e+00
4109        ,  3.027700000000000e+00,  2.909036406073244e+00,  3.427694140327557e+02
4239        ,  4.587000000000003e-01,  5.551553834970399e-01,  5.334810463370568e+01
4805        ,  8.720000000000001e-01,  6.757921178271873e-01,  6.818098755199526e+01
4065        ,  0.000000000000000e+00,  1.212720203527306e-01,  0.000000000000000e+00
4072        ,  9.394999999999998e-01,  9.459643919556068e-01,  1.014000043976246e+02
5492        ,  0.000000000000000e+00,  1.212720203527306e-01,  0.000000000000000e+00
5501        ,  0.000000000000000e+00,  1.212720203527306e-01,  0.000000000000000e+00
5626        ,  2.421200000000000e+00,  2.458572395452987e+00,  2.873826368165585e+02
4412        ,  0.000000000000000e+00,  1.212720203527306e-01,  0.000000000000000e+00
4901        ,  1.536700000000000e+00,  1.628819610997182e+00,  1.853604296398013e+02
3917        ,  4.013700000000000e+00,  3.928543603018744e+00,  4.681228643778310e+02
4190        ,  0.000000000000000e+00,  1.212720203527306e-01,  0.000000000000000e+00
3963        ,  0.000000000000000e+00,  1.212720203527306e-01,  0.000000000000000e+00
5146        ,  3.059299999999999e+00,  3.216640282929284e+00,  3.805908314969500e+02
5315        ,  1.127500000000000e+00,  1.232545318385012e+00,  1.366365461686335e+02
3834        ,  0.000000000000000e+00,  1.212720203527306e-01,  0.000000000000000e+00
5018        ,  1.576900000000000e+00,  1.301941063481513e+00,  1.451690961233335e+02
3870        ,  1.333400000000000e+00,  5.877309774735008e-01,  5.735343496803183e+01
5337        ,  8.550000000000000e-01,  9.965469243472836e-01,  1.076193768370594e+02
4310        ,  1.386300000000000e+00,  1.348355658042103e+00,  1.508760000000000e+02
5629        ,  8.353000000000002e-01,  8.607786803950424e-01,  9.092600000000000e+01
3775        ,  7.872000000000000e-01,  9.667073663532425e-01,  1.039504556538331e+02
3146        ,  0.000000000000000e+00,  1.212720203527306e-01,  0.000000000000000e+00
4918        ,  1.971800000000000e+00,  1.717027182790208e+00,  1.962059866931939e+02
3936        ,  7.376000000000000e-01,  8.946218626189616e-01,  9.508718657635350e+01
4572        ,  2.515200000000000e+00,  2.350345345525145e+00,  2.740755859494630e+02
4645        ,  3.145100000000000e+00,  2.570608124532369e+00,  3.011579836155841e+02
4955        ,  4.844999999999997e-01,  1.212720203527306e-01,  0.000000000000000e+00
3631        ,  3.243400000000000e+00,  3.452224623704835e+00,  4.095570909328449e+02
4411        ,  0.000000000000000e+00,  1.212720203527306e-01,  0.000000000000000e+00
4587        ,  0.000000000000000e+00,  1.212720203527306e-01,  0.000000000000000e+00
3642        ,  5.232000000000000e-01,  6.848629214576472e-01,  6.929628770474305e+01
4357        ,  2.144500000000000e+00,  1.212720203527306e-01,  0.000000000000000e+00
5777        ,  6.503000000000001e-01,  7.896803750789434e-01,  8.218411184878074e+01
5478        ,  5.165000000000000e+00,  4.972707679773790e+00,  5.965079999999999e+02
4935        ,  3.557399999999999e+00,  3.600094865615542e+00,  4.277384682516152e+02
4094        ,  1.604600000000000e+00,  1.326568997481789e+00,  1.481972223700680e+02
4037        ,  1.423100000000000e+00,  1.209414602277287e+00,  1.337925102640877e+02
4269        ,  0.000000000000000e+00,  1.212720203527306e-01,  0.000000000000000e+00
3151        ,  1.532600000000000e+00,  1.235501596691950e+00,  1.370000352024188e+02
4437        ,  0.000000000000000e+00,  1.212720203527306e-01,  0.000000000000000e+00
3656        ,  2.389100000000000e+00,  2.089249997418630e+00,  2.419726220348789e+02
3799        ,  3.415900000000000e+00,  2.993357644246501e+00,  3.531371271534229e+02
5062        ,  4.345800000000000e+00,  4.337426190182639e+00,  5.183969999999999e+02
4389        ,  1.188300000000000e+00,  1.286438220565004e+00,  1.432629449401300e+02
3320        ,  0.000000000000000e+00,  1.212720203527306e-01,  0.000000000000000e+00
4990        ,  3.729400000000000e+00,  3.374808528381258e+00,  4.000383992648228e+02
3051        ,  3.296900000000000e+00,  3.563600423364128e+00,  4.232512961469553e+02
4912        ,  0.000000000000000e+00,  1.212720203527306e-01,  0.000000000000000e+00
3369        ,  0.000000000000000e+00,  1.212720203527306e-01,  0.000000000000000e+00
3612        ,  2.530999999999999e-01,  4.031888980227258e-01,  3.466307391681277e+01
3673        ,  0.000000000000000e+00,  1.212720203527306e-01,  0.000000000000000e+00
3630        ,  3.936000000000000e+00,  3.749202588709351e+00,  4.460720000000000e+02
5274        ,  2.598400000000000e+00,  4.878055121544325e+00,  5.848700000000000e+02
5098        ,  2.883100000000000e+00,  2.449586498820441e+00,  2.862777763989875e+02
4104        ,  3.053999999999999e+00,  3.076672296035789e+00,  3.633810755015816e+02
5253        ,  4.834600000000000e+00,  4.838257275847872e+00,  5.799766581096260e+02
3828        ,  3.228500000000000e+00,  3.334579632205508e+00,  3.950920575868898e+02
3008        ,  0.000000000000000e+00,  1.212720203527306e-01,  0.000000000000000e+00
5311        ,  0.000000000000000e+00,  1.212720203527306e-01,  0.000000000000000e+00
3613        ,  5.574700000000000e+00,  5.510766676795656e+00,  6.626650138670705e+02
3295        ,  0.000000000000000e+00,  1.212720203527306e-01,  0.000000000000000e+00
4347        ,  3.522500000000000e+00,  3.955938559724692e+00,  4.714912097464888e+02
3348        ,  0.000000000000000e+00,  1.212720203527306e-01,  0.000000000000000e+00
4407        ,  3.911400000000000e+00,  3.270661441290245e+00,  3.872329999999999e+02
5070        ,  2.822200000000000e+00,  2.534220836826012e+00,  2.966839866920149e+02
3548        ,  0.000000000000000e+00,  1.212720203527306e-01,  0.000000000000000e+00
4252        ,  1.628000000000003e-01,  1.212720203527306e-01,  0.000000000000000e+00
3484        ,  1.768600000000000e+00,  2.093455641078128e+00,  2.424897267156692e+02
5542        ,  4.253000000000000e-01,  1.212720203527306e-01,  0.000000000000000e+00
3732        ,  0.000000000000000e+00,  1.212720203527306e-01,  0.000000000000000e+00
5911        ,  1.002100000000000e+00,  1.725201129556222e+00,  1.972110138603652e+02
4464        ,  2.394400000000000e+00,  2.016543626525385e+00,  2.330330142706148e+02
3440        ,  2.282500000000000e+00,  2.583084227790704e+00,  3.026919821935042e+02
4866        ,  4.522399999999999e+00,  3.925177618990409e+00,  4.677090000000000e+02
3322        ,  0.000000000000000e+00,  1.212720203527306e-01,  0.000000000000000e+00
3256        ,  1.546800000000000e+00,  5.515249709153257e-01,  5.290172745789221e+01
4277        ,  2.930600000000000e+00,  2.675218211959068e+00,  3.140203110607700e+02
3649        ,  1.546300000000000e+00,  1.087648601901419e+00,  1.188207785023445e+02
4231        ,  3.127200000000000e+00,  3.273156976093266e+00,  3.875398383420460e+02
5198        ,  3.256600000000000e+00,  3.207220834068621e+00,  3.794326636894340e+02
3940        ,  2.413200000000000e+00,  2.075905778199358e+00,  2.403318843075646e+02
4920        ,  3.948700000000000e+00,  3.698209605930702e+00,  4.398021606562054e+02
4925        ,  4.453400000000000e+00,  4.997220724154578e+00,  5.995219999999999e+02
3327        ,  1.875800000000000e+00,  1.340140285129096e+00,  1.498658792832436e+02
4382        ,  1.551700000000000e+00,  1.585188770863752e+00,  1.799958021329371e+02
3812        ,  9.600000000000053e-03,  1.212720203527306e-01,  0.000000000000000e+00
3141        ,  3.993400000000000e+00,  3.913090783064587e+00,  4.662228637651641e+02
4658        ,  2.303800000000000e+00,  2.288708247408754e+00,  2.664970000000000e+02
3939        ,  0.000000000000000e+00,  1.212720203527306e-01,  0.000000000000000e+00
4383        ,  5.411300000000000e+00,  4.884585969134826e+00,  5.856730000000000e+02
3007        ,  1.782999999999997e-01,  1.885227115447609e+00,  2.168870000000000e+02
3512        ,  2.296399999999999e+00,  2.264120520767708e+00,  2.634738174468695e+02
3624        ,  1.820700000000000e+00,  1.693325838700828e+00,  1.932917892570982e+02
5603        ,  1.377800000000001e+00,  1.622667299219520e+00,  1.846039724894848e+02
3267        ,  2.079300000000000e+00,  8.765683859590702e-01,  9.286742236397527e+01
4512        ,  7.999000000000001e-01,  4.916231440905520e-01,  4.553650169297788e+01
3018        ,  0.000000000000000e+00,  1.675581569898081e-01,  5.691109339870049e+00
4102        ,  1.217700000000000e+00,  1.166890959904161e+00,  1.285640181958788e+02
5256        ,  1.496700000000000e+00,  1.516758438086364e+00,  1.715819543959055e+02
4496        ,  1.123700000000000e+00,  4.909853881337702e-01,  4.545808644500293e+01
5524        ,  0.000000000000000e+00,  1.212720203527306e-01,  0.000000000000000e+00
3934        ,  1.132800000000000e+00,  1.004247231780962e+00,  1.085661677066299e+02
5810        ,  1.667300000000000e+00,  1.794475257908826e+00,  2.057286104351255e+02
4197        ,  1.164100000000000e+00,  9.530289786011050e-01,  1.022686302532617e+02
4773        ,  2.457200000000000e+00,  2.046082786238327e+00,  2.366650000000000e+02
3301        ,  1.573000000000000e+00,  1.212720203527306e-01,  0.000000000000000e+00
4813        ,  4.401000000000000e+00,  3.979408428260602e+00,  4.743769461188618e+02
3814        ,  2.086700000000000e+00,  1.958457025217960e+00,  2.258909794575995e+02
5086        ,  4.665000000000000e+00,  4.154464160119088e+00,  4.959009138327616e+02
4553        ,  3.322600000000000e+00,  3.328299999631733e+00,  3.943199457152126e+02
4307        ,  0.000000000000000e+00,  1.212720203527306e-01,  0.000000000000000e+00
3411        ,  0.000000000000000e+00,  1.212720203527306e-01,  0.000000000000000e+00
3019        ,  3.700100000000000e+00,  2.625962343958515e+00,  3.079640585673009e+02
5704        ,  2.854299999999999e+00,  3.001948401518292e+00,  3.541934032330057e+02
5317        ,  4.574800000000001e+00,  4.290089759195024e+00,  5.125767517770379e+02
3449        ,  5.802000000000000e-01,  6.766818954184597e-01,  6.829039010593495e+01
5394        ,  6.362999999999999e-01,  1.380158695280110e+00,  1.547863406637848e+02
3622        ,  0.000000000000000e+00,  1.212720203527306e-01,  0.000000000000000e+00
4439        ,  0.000000000000000e+00,  1.212720203527306e-01,  0.000000000000000e+00
4365        ,  4.376200000000001e+00,  4.777140106721227e+00,  5.724620000000000e+02
5697        ,  1.888100000000000e+00,  1.411875902107685e+00,  1.586861280542580e+02
3203        ,  2.789999999999981e-02,  1.212720203527306e-01,  0.000000000000000e+00
4589        ,  1.158500000000000e+00,  1.316185179325696e+00,  1.469204805898021e+02
5184        ,  1.397900000000000e+00,  1.444720077790516e+00,  1.627244818372601e+02
5874        ,  4.438800000000000e+00,  4.825718877154686e+00,  5.784349999999999e+02
3136        ,  1.730999999999998e-01,  4.877885226342643e-01,  4.506501602641950e+01
5473        ,  0.000000000000000e+00,  1.212720203527306e-01,  0.000000000000000e+00
3749        ,  2.032700000000000e+00,  2.044176784503585e+00,  2.364306476633716e+02
3192        ,  1.573799999999999e+00,  1.706267686115800e+00,  1.948830533817329e+02
4965        ,  2.943700000000000e+00,  2.758030866525734e+00,  3.242025363685148e+02
5122        ,  0.000000000000000e+00,  1.212720203527306e-01,  0.000000000000000e+00
5199        ,  0.000000000000000e+00,  1.240950727477888e-01,  3.471082492460259e-01
5599        ,  1.938499999999999e+00,  2.082238785946764e+00,  2.411105589207287e+02
4563        ,  0.000000000000000e+00,  1.212720203527306e-01,  0.000000000000000e+00
