# c0 + a0 * (min:gs_est_fcc_latcnt * ave:covalent_radius_pyykko_triple)
# Property Label: $Volume$; Unit of the Property: AA^3
# RMSE: 12.9645913211545; Max AE: 39.691961883676
# Coefficients
# Task   a0                      c0
# all ,  4.104627055485658e-01, -3.806482477268599e+01, 
# Feature Rung, Units, and Expressions
# 0;  1; AA * pm;                                          257|11|mult; (min:gs_est_fcc_latcnt * ave:covalent_radius_pyykko_triple); $\left(min:gs_{est, fcc, latcnt} ave:covalent_{radius, pyykko, triple}\right)$; (min:gs_est_fcc_latcnt .* ave:covalent_radius_pyykko_triple); min:gs_est_fcc_latcnt,ave:covalent_radius_pyykko_triple
# Number of Samples Per Task
# Task, n_mats_train            
# all , 104                   

# Sample ID , Property Value        ,  Property Value (EST) ,  Feature 0 Value      
27          ,  9.195581102005919e+01,  7.655898717111273e+01,  2.792551196353123e+02
69          ,  7.310044637476960e+01,  7.618827312710498e+01,  2.783519583030000e+02
125         ,  2.012029980198631e+02,  2.044967839609557e+02,  5.909467667944849e+02
73          ,  1.013508525385564e+02,  8.931265098706406e+01,  3.103265510797516e+02
11          ,  1.617034912836585e+02,  1.755095735458655e+02,  5.203259527150426e+02
119         ,  1.887146035400442e+02,  1.739454671038636e+02,  5.165153593995999e+02
110         ,  1.562326241405194e+02,  1.617027536829890e+02,  4.866887435941205e+02
113         ,  7.050822380170608e+01,  7.344902212491886e+01,  2.716783897542442e+02
55          ,  1.465164071687489e+02,  1.468573989438308e+02,  4.505213779882295e+02
45          ,  6.922252251530169e+01,  8.067671201638981e+01,  2.892870294522442e+02
9           ,  7.063457799019668e+01,  7.452034469061168e+01,  2.742884260650000e+02
4           ,  7.851117738952721e+01,  7.400499827041661e+01,  2.730329005002442e+02
26          ,  5.966202570927710e+01,  7.247728224697983e+01,  2.693109642493123e+02
124         ,  1.885207260436857e+02,  2.051415043828187e+02,  5.925174829963415e+02
31          ,  8.459240483249847e+01,  8.591785567331590e+01,  3.020558963580000e+02
98          ,  1.892571838929967e+02,  1.832750435917207e+02,  5.392447727220318e+02
16          ,  1.473017585346737e+02,  1.480879973233513e+02,  4.535194539714687e+02
10          ,  1.071503545301096e+02,  8.707043768961412e+01,  3.048639030312442e+02
93          ,  1.586721939022781e+02,  1.599014525251332e+02,  4.823002787384684e+02
111         ,  9.534692245017716e+01,  7.952413000009156e+01,  2.864790227790000e+02
118         ,  5.345461156622450e+01,  6.914795790120493e+01,  2.611998148056000e+02
127         ,  1.258768321724361e+02,  1.655687940561121e+02,  4.961074808408001e+02
0           ,  1.324521624992106e+02,  1.448415231144484e+02,  4.456101502393205e+02
84          ,  1.874396857101914e+02,  1.773645953786866e+02,  5.248452959044365e+02
28          ,  9.362157646373184e+01,  7.932483438794934e+01,  2.859934838751040e+02
40          ,  1.876581343779474e+02,  1.947489416698941e+02,  5.671983429808427e+02
86          ,  6.540869502383295e+01,  7.492630520145956e+01,  2.752774574809123e+02
24          ,  9.809953691058023e+01,  7.762325255382308e+01,  2.818479627080782e+02
25          ,  1.397570909097410e+02,  1.501237061252143e+02,  4.584790002940568e+02
23          ,  1.776115625775598e+02,  1.754722475945059e+02,  5.202350164354365e+02
115         ,  1.348472579215662e+02,  1.461345831251647e+02,  4.487603999288463e+02
67          ,  1.178407975639319e+02,  1.188091353060638e+02,  3.821880964047499e+02
44          ,  1.408716465187509e+02,  1.336210003351636e+02,  4.182738718695499e+02
15          ,  1.304908476901080e+02,  1.111591428422499e+02,  3.635506115360821e+02
95          ,  7.035268214247002e+01,  7.731136774947073e+01,  2.810881255776000e+02
39          ,  6.690965549992833e+01,  7.459023113338213e+01,  2.744586886536000e+02
22          ,  8.942508557141944e+01,  7.858508261223345e+01,  2.841912451681130e+02
68          ,  1.728438327749059e+02,  1.617003934034305e+02,  4.866829933042000e+02
80          ,  1.635560662373134e+02,  1.669849366937548e+02,  4.995575936488568e+02
140         ,  9.231264108905833e+01,  8.234464045288311e+01,  2.933505616902442e+02
47          ,  5.673059181818780e+01,  7.105275353246697e+01,  2.658404206524000e+02
30          ,  1.575095787725395e+02,  1.698039213252983e+02,  5.064254152400439e+02
112         ,  7.423809586689029e+01,  7.894404971912390e+01,  2.850657877320000e+02
76          ,  6.221586353440775e+01,  7.952413000009156e+01,  2.864790227790000e+02
33          ,  9.639831336185570e+01,  7.619084744759550e+01,  2.783582300554777e+02
81          ,  6.779890223639997e+01,  7.236178129737718e+01,  2.690295721811869e+02
139         ,  7.773399964038569e+01,  7.535430890885833e+01,  2.763201921840000e+02
135         ,  8.871171279800387e+01,  7.503657885525456e+01,  2.755461144193000e+02
53          ,  1.912036606685361e+02,  1.993006975798796e+02,  5.782876718003813e+02
5           ,  5.646241061036604e+01,  7.078063987085810e+01,  2.651774769600000e+02
85          ,  6.604743166171670e+01,  7.958947118884817e+01,  2.866382118791870e+02
109         ,  1.156360400954843e+02,  8.681075833232411e+01,  3.042312527227516e+02
49          ,  7.517971112473752e+01,  7.540657211820871e+01,  2.764475197308000e+02
35          ,  1.142981641844795e+02,  8.542081796857970e+01,  3.008449758577516e+02
34          ,  6.288448403712296e+01,  7.326943396808130e+01,  2.712408636296782e+02
131         ,  7.332445965687805e+01,  8.166518633521250e+01,  2.916952246560000e+02
7           ,  6.154031610112789e+01,  7.241332184051126e+01,  2.691551391144000e+02
43          ,  9.003176998171779e+01,  8.681075833232411e+01,  3.042312527227516e+02
89          ,  1.845971359160373e+02,  1.720592545426844e+02,  5.119200270205999e+02
83          ,  8.685815788108755e+01,  8.248152732003908e+01,  2.936840557332000e+02
123         ,  2.218543389191891e+02,  1.954811574321966e+02,  5.689822218872683e+02
129         ,  7.058438955216727e+01,  7.873079550714762e+01,  2.845462418412442e+02
8           ,  1.379771288780131e+02,  1.353017220225568e+02,  4.223685719840146e+02
13          ,  6.359044555550145e+01,  6.671827152695462e+01,  2.552804307996813e+02
108         ,  2.276117669121919e+02,  1.999530302669066e+02,  5.798769335730317e+02
3           ,  1.766257549836612e+02,  1.822846996175566e+02,  5.368320225238365e+02
17          ,  1.154201413293227e+02,  1.213805458346831e+02,  3.884527594152000e+02
38          ,  2.142336089710759e+02,  2.076798725799770e+02,  5.987016458029620e+02
120         ,  2.717063705144595e+02,  2.665802764172478e+02,  7.421992231493691e+02
6           ,  1.752395240612576e+02,  1.709056863343012e+02,  5.091096177123011e+02
50          ,  1.144884087492389e+02,  1.176732377643392e+02,  3.794207376986613e+02
104         ,  1.531720861969143e+02,  1.584519108751264e+02,  4.787687967538395e+02
46          ,  6.638274984747244e+01,  7.829858105258812e+01,  2.834932486004043e+02
105         ,  6.260542136940490e+01,  9.300240663870069e+01,  3.193158102785999e+02
141         ,  5.908637035915022e+01,  6.590193054212804e+01,  2.532915997224813e+02
79          ,  6.172344219415545e+01,  7.329362323180641e+01,  2.712997953265123e+02
136         ,  1.878481455563482e+02,  1.781215344923589e+02,  5.266894076920364e+02
91          ,  7.059248384925451e+01,  8.119205843658486e+01,  2.905425550170000e+02
41          ,  8.588925575648324e+01,  8.345659274387866e+01,  2.960595831822442e+02
58          ,  2.413589823761019e+02,  2.510342907643103e+02,  7.043249280117367e+02
48          ,  1.506649136932021e+02,  1.523197776232760e+02,  4.638292342334028e+02
126         ,  7.603223118739854e+01,  7.867193605751503e+01,  2.844028440396000e+02
21          ,  7.298106977000764e+01,  7.567868577981756e+01,  2.771104634232000e+02
57          ,  1.280373015126955e+02,  1.100435258154730e+02,  3.608326617401659e+02
75          ,  9.416246053996997e+01,  7.947798527124166e+01,  2.863666015328645e+02
32          ,  2.470528593513509e+02,  2.386866702134725e+02,  6.742427295953524e+02
138         ,  6.719447744045841e+01,  7.764355467960600e+01,  2.818974242681870e+02
63          ,  9.527186437700378e+01,  7.973935120457439e+01,  2.870033608042907e+02
29          ,  7.604393505755419e+01,  7.291775744287496e+01,  2.703840829271870e+02
107         ,  5.684900711217347e+01,  6.508558955730146e+01,  2.513027686452813e+02
134         ,  2.189143114936079e+02,  2.124141350462517e+02,  6.102356107704919e+02
1           ,  6.589429488532184e+01,  9.493924798367848e+01,  3.240344882943999e+02
130         ,  7.583037174302696e+01,  7.483896248866328e+01,  2.750646666192442e+02
103         ,  5.981199781507478e+01,  6.644615786534575e+01,  2.546174871072813e+02
99          ,  1.103591846419842e+02,  9.042460327805958e+01,  3.130355725717516e+02
87          ,  1.073098314779565e+02,  8.090653831097433e+01,  2.898469494924275e+02
74          ,  1.634935249887072e+02,  1.758507171513420e+02,  5.211570723292365e+02
121         ,  7.759315330331438e+01,  7.646626119985388e+01,  2.790292136760000e+02
143         ,  7.259770851342745e+01,  7.627338879780812e+01,  2.785593234778443e+02
20          ,  1.126975075036733e+02,  8.736673447782186e+01,  3.055857634687516e+02
106         ,  2.038799354056747e+02,  2.092085812565156e+02,  6.024260004297620e+02
14          ,  1.651217664757107e+02,  1.807774797348076e+02,  5.331600205066627e+02
92          ,  7.315017953780705e+01,  7.574264618628612e+01,  2.772662885581123e+02
102         ,  8.368680399312422e+01,  8.236935191633698e+01,  2.934107656091870e+02
