# c0 + a0 * (ave:num_p_valence * ave:covalent_radius_pyykko) + a1 * (min:gs_est_bcc_latcnt * ave:period)
# Property Label: $Volume$; Unit of the Property: AA^3
# RMSE: 7.42273143498294; Max AE: 22.0197321826057
# Coefficients
# Task   a0                      a1                      c0
# all ,  3.306460778763324e-01,  8.069145758895727e+00, -8.658362766329378e+01, 
# Feature Rung, Units, and Expressions
# 0;  1; pm;                                               46|9|mult; (ave:num_p_valence * ave:covalent_radius_pyykko); $\left(ave:num_{p, valence} ave:covalent_{radius, pyykko}\right)$; (ave:num_p_valence .* ave:covalent_radius_pyykko); ave:num_p_valence,ave:covalent_radius_pyykko
# 1;  1; AA;                                               256|49|mult; (min:gs_est_bcc_latcnt * ave:period); $\left(min:gs_{est, bcc, latcnt} ave:period\right)$; (min:gs_est_bcc_latcnt .* ave:period); min:gs_est_bcc_latcnt,ave:period
# Number of Samples Per Task
# Task, n_mats_train            
# all , 104                   

# Sample ID , Property Value        ,  Property Value (EST) ,  Feature 0 Value      ,  Feature 1 Value      
27          ,  9.195581102005919e+01,  9.357034313829408e+01,  3.522400000000000e+02,  7.892681361000001e+00
69          ,  7.310044637476960e+01,  7.846522231433313e+01,  2.892800000000000e+02,  8.600607132800000e+00
125         ,  2.012029980198631e+02,  2.008408166456340e+02,  4.454400000000000e+02,  1.736757019480000e+01
73          ,  1.013508525385564e+02,  1.069266321917880e+02,  3.622400000000001e+02,  9.138145078600001e+00
11          ,  1.617034912836585e+02,  1.625903330424553e+02,  4.153600000000001e+02,  1.385980736260000e+01
119         ,  1.887146035400442e+02,  1.699313234587445e+02,  4.197600000000000e+02,  1.458927090800000e+01
110         ,  1.562326241405194e+02,  1.538725869532963e+02,  3.996000000000000e+02,  1.342521812520000e+01
113         ,  7.050822380170608e+01,  8.005292799427943e+01,  3.072000000000000e+02,  8.063069187000000e+00
55          ,  1.465164071687489e+02,  1.555869970984302e+02,  4.031999999999999e+02,  1.349016728840000e+01
45          ,  6.922252251530169e+01,  8.146869771372999e+01,  3.246000000000000e+02,  7.525531241199999e+00
9           ,  7.063457799019668e+01,  7.740715486512887e+01,  2.860800000000000e+02,  8.600607132800000e+00
4           ,  7.851117738952721e+01,  8.183841681481159e+01,  3.126000000000000e+02,  8.063069187000000e+00
26          ,  5.966202570927710e+01,  5.852185888340284e+01,  2.462400000000000e+02,  7.892681361000001e+00
124         ,  1.885207260436857e+02,  1.887560714878291e+02,  4.338000000000000e+02,  1.634688906480000e+01
31          ,  8.459240483249847e+01,  8.534205622802097e+01,  2.969600000000000e+02,  9.138145078600001e+00
98          ,  1.892571838929967e+02,  1.969023227648860e+02,  4.726000000000000e+02,  1.576655296920000e+01
16          ,  1.473017585346737e+02,  1.449546227522495e+02,  3.858000000000000e+02,  1.288550196980000e+01
10          ,  1.071503545301096e+02,  1.026943623949709e+02,  3.494400000000000e+02,  9.138145078600001e+00
93          ,  1.586721939022781e+02,  1.587067030888720e+02,  4.270400000000000e+02,  1.289990697480000e+01
111         ,  9.534692245017716e+01,  9.161171037069612e+01,  3.290400000000000e+02,  8.600607132800000e+00
118         ,  5.345461156622450e+01,  4.840377145162392e+01,  2.284800000000000e+02,  7.366502603600000e+00
127         ,  1.258768321724361e+02,  1.376953470354994e+02,  3.153600000000000e+02,  1.487225924100000e+01
0           ,  1.324521624992106e+02,  1.294694225796057e+02,  3.726000000000000e+02,  1.150732982160000e+01
84          ,  1.874396857101914e+02,  1.887444039078936e+02,  4.576400000000000e+02,  1.536856120800000e+01
28          ,  9.362157646373184e+01,  9.334490032490798e+01,  3.474000000000000e+02,  8.063069187000000e+00
40          ,  1.876581343779474e+02,  1.897713831061940e+02,  4.441600000000001e+02,  1.604819799880000e+01
86          ,  6.540869502383295e+01,  6.562445408494958e+01,  2.548800000000000e+02,  8.418860118400001e+00
24          ,  9.809953691058023e+01,  1.009639068883720e+02,  3.617599999999999e+02,  8.418860118400001e+00
25          ,  1.397570909097410e+02,  1.469285247090876e+02,  3.942000000000000e+02,  1.278592202400000e+01
23          ,  1.776115625775598e+02,  1.819397532193146e+02,  4.549200000000000e+02,  1.463672496000000e+01
115         ,  1.348472579215662e+02,  1.374054230574434e+02,  3.810000000000000e+02,  1.214662592280000e+01
67          ,  1.178407975639319e+02,  1.177868489865856e+02,  3.714000000000000e+02,  1.010869375320000e+01
44          ,  1.408716465187509e+02,  1.403090469770148e+02,  3.984000000000000e+02,  1.179347604540000e+01
15          ,  1.304908476901080e+02,  1.177192237211509e+02,  3.756000000000000e+02,  9.928211353200000e+00
95          ,  7.035268214247002e+01,  7.002897729102546e+01,  2.553600000000000e+02,  8.945038875800002e+00
39          ,  6.690965549992833e+01,  6.403735291114317e+01,  2.500800000000000e+02,  8.418860118400001e+00
22          ,  8.942508557141944e+01,  8.703496414674780e+01,  3.020800000000000e+02,  9.138145078600001e+00
68          ,  1.728438327749059e+02,  1.508241005923003e+02,  4.032000000000000e+02,  1.289990697480000e+01
80          ,  1.635560662373134e+02,  1.713316890827782e+02,  4.211999999999999e+02,  1.470381032760000e+01
140         ,  9.231264108905833e+01,  9.215457444455316e+01,  3.438000000000000e+02,  8.063069187000000e+00
47          ,  5.673059181818780e+01,  5.582378688793195e+01,  2.380800000000000e+02,  7.892681361000001e+00
30          ,  1.575095787725395e+02,  1.455357568274782e+02,  3.984000000000000e+02,  1.244121621600000e+01
112         ,  7.423809586689029e+01,  7.506834096662389e+01,  2.577600000000000e+02,  9.471217633200002e+00
76          ,  6.221586353440775e+01,  6.520091068221446e+01,  2.754000000000000e+02,  7.525531241199999e+00
33          ,  9.639831336185570e+01,  8.617588885040921e+01,  3.126000000000000e+02,  8.600607132800000e+00
81          ,  6.779890223639997e+01,  7.293802890452061e+01,  2.988000000000000e+02,  7.525531241199999e+00
139         ,  7.773399964038569e+01,  7.433936376857639e+01,  2.899200000000000e+02,  8.063069187000000e+00
135         ,  8.871171279800387e+01,  8.243357975498901e+01,  3.144000000000000e+02,  8.063069187000000e+00
53          ,  1.912036606685361e+02,  2.003130275563261e+02,  4.582400000000000e+02,  1.677766154420000e+01
5           ,  5.646241061036604e+01,  5.487152618364811e+01,  2.352000000000000e+02,  7.892681361000001e+00
85          ,  6.604743166171670e+01,  7.435379862397124e+01,  3.162000000000000e+02,  6.987993295400001e+00
109         ,  1.156360400954843e+02,  1.191996100964175e+02,  3.862400000000000e+02,  9.675683024400001e+00
49          ,  7.517971112473752e+01,  7.576899320295858e+01,  2.727200000000000e+02,  8.945038875800002e+00
35          ,  1.142981641844795e+02,  1.139627807289963e+02,  3.835200000000000e+02,  9.138145078600001e+00
34          ,  6.288448403712296e+01,  6.939413682150288e+01,  2.534400000000000e+02,  8.945038875800002e+00
131         ,  7.332445965687805e+01,  8.280514174016695e+01,  2.940000000000000e+02,  8.945038875800002e+00
7           ,  6.154031610112789e+01,  5.804572853126091e+01,  2.448000000000000e+02,  7.892681361000001e+00
43          ,  9.003176998171779e+01,  9.666337793450660e+01,  3.312000000000000e+02,  9.138145078600001e+00
89          ,  1.845971359160373e+02,  1.630929150808273e+02,  4.168800000000001e+02,  1.385980736260000e+01
83          ,  8.685815788108755e+01,  9.617678657824897e+01,  3.216000000000000e+02,  9.471217633200002e+00
123         ,  2.218543389191891e+02,  2.163373916023268e+02,  4.964000000000000e+02,  1.719987596640000e+01
129         ,  7.058438955216727e+01,  8.044970328773103e+01,  3.084000000000000e+02,  8.063069187000000e+00
8           ,  1.379771288780131e+02,  1.245532609163205e+02,  3.876000000000000e+02,  1.028342668160000e+01
13          ,  6.359044555550145e+01,  5.078442321233352e+01,  2.356800000000000e+02,  7.366502603600000e+00
108         ,  2.276117669121919e+02,  2.270667030193488e+02,  5.113600000000000e+02,  1.791653746500000e+01
3           ,  1.766257549836612e+02,  1.798434114914627e+02,  4.307200000000000e+02,  1.536856120800000e+01
17          ,  1.154201413293227e+02,  1.165387401745634e+02,  3.539200000000000e+02,  1.067028785060000e+01
38          ,  2.142336089710759e+02,  2.232277260916527e+02,  4.882400000000000e+02,  1.838815620960000e+01
120         ,  2.717063705144595e+02,  2.605319225623263e+02,  4.896000000000000e+02,  2.295549442680000e+01
6           ,  1.752395240612576e+02,  1.710879945375293e+02,  4.399600000000000e+02,  1.390488871200000e+01
50          ,  1.144884087492389e+02,  1.104778373031683e+02,  3.630000000000000e+02,  9.547099655800000e+00
104         ,  1.531720861969143e+02,  1.497761063354973e+02,  4.175200000000000e+02,  1.218324547620000e+01
46          ,  6.638274984747244e+01,  7.750094477921402e+01,  3.126000000000000e+02,  7.525531241199999e+00
105         ,  6.260542136940490e+01,  6.535383057898127e+01,  1.886400000000000e+02,  1.109961138240000e+01
141         ,  5.908637035915022e+01,  4.935603215590777e+01,  2.313600000000000e+02,  7.366502603600000e+00
79          ,  6.172344219415545e+01,  6.010896005720924e+01,  2.510400000000000e+02,  7.892681361000001e+00
136         ,  1.878481455563482e+02,  1.731710192340343e+02,  4.284000000000000e+02,  1.463672496000000e+01
91          ,  7.059248384925451e+01,  7.761876835496970e+01,  2.867200000000000e+02,  8.600607132800000e+00
41          ,  8.588925575648324e+01,  8.796137767094140e+01,  3.180000000000000e+02,  8.600607132800000e+00
58          ,  2.413589823761019e+02,  2.430751635865613e+02,  4.812000000000000e+02,  2.113630162000000e+01
48          ,  1.506649136932021e+02,  1.547915190628936e+02,  3.990000000000000e+02,  1.356368628400000e+01
126         ,  7.603223118739854e+01,  7.113994811268992e+01,  2.587200000000000e+02,  8.945038875800002e+00
21          ,  7.298106977000764e+01,  7.964448268443232e+01,  2.716000000000000e+02,  9.471217633200002e+00
57          ,  1.280373015126955e+02,  1.104911197484289e+02,  3.672000000000000e+02,  9.376644055800000e+00
75          ,  9.416246053996997e+01,  9.825047910831297e+01,  3.360000000000000e+02,  9.138145078600001e+00
32          ,  2.470528593513509e+02,  2.568228964538927e+02,  5.242800000000000e+02,  2.107477092240000e+01
138         ,  6.719447744045841e+01,  7.333480419797222e+01,  3.000000000000000e+02,  7.525531241199999e+00
63          ,  9.527186437700378e+01,  9.073759571282282e+01,  3.001600000000000e+02,  9.675683024400001e+00
29          ,  7.604393505755419e+01,  7.472351772505283e+01,  3.042000000000000e+02,  7.525531241199999e+00
107         ,  5.684900711217347e+01,  4.776893098210137e+01,  2.265600000000000e+02,  7.366502603600000e+00
134         ,  2.189143114936079e+02,  2.084604487288502e+02,  4.554000000000000e+02,  1.790373564240000e+01
1           ,  6.589429488532184e+01,  6.629915774033149e+01,  1.908000000000000e+02,  1.112825526120000e+01
130         ,  7.583037174302696e+01,  8.481423151569859e+01,  3.216000000000000e+02,  8.063069187000000e+00
103         ,  5.981199781507478e+01,  5.344313512722236e+01,  2.308800000000000e+02,  7.892681361000001e+00
99          ,  1.103591846419842e+02,  1.116873312070672e+02,  3.635200000000000e+02,  9.675683024400001e+00
87          ,  1.073098314779565e+02,  1.101561853020972e+02,  3.767200000000000e+02,  8.945038875800002e+00
74          ,  1.634935249887072e+02,  1.644882988231177e+02,  4.200000000000000e+02,  1.390488871200000e+01
121         ,  7.759315330331438e+01,  7.910006278385569e+01,  2.912000000000000e+02,  8.600607132800000e+00
143         ,  7.259770851342745e+01,  7.888844929401485e+01,  2.905600000000001e+02,  8.600607132800000e+00
20          ,  1.126975075036733e+02,  1.079714737978772e+02,  3.654000000000000e+02,  9.138145078600001e+00
106         ,  2.038799354056747e+02,  2.115894201777717e+02,  4.595200000000000e+02,  1.812268194240000e+01
14          ,  1.651217664757107e+02,  1.824393075484910e+02,  4.331999999999999e+02,  1.558864569240000e+01
92          ,  7.315017953780705e+01,  6.657671478923342e+01,  2.577600000000000e+02,  8.418860118400001e+00
102         ,  8.368680399312422e+01,  8.084647858118262e+01,  3.096000000000000e+02,  8.063069187000000e+00
