# c0 + a0 * ((ave:covalent_radius_pyykko_triple^2) * cbrt(min:gs_volume_per))
# Property Label: $Volume$; Unit of the Property: AA^3
# RMSE: 13.0057099941879; Max AE: 31.8367767092134
# Coefficients
# Task   a0                      c0
# all ,  4.088819583285642e-03,  1.561433873441904e+01, 
# Feature Rung, Units, and Expressions
# 0;  2; cm * mol^-0.333333 * pm^2;                        18|sq|7|cbrt|mult; ((ave:covalent_radius_pyykko_triple^2) * cbrt(min:gs_volume_per)); $\left(\left(ave:covalent_{radius, pyykko, triple}^2\right) \left(\sqrt[3]{ min:gs_{volume, per} }\right)\right)$; ((ave:covalent_radius_pyykko_triple).^2 .* nthroot(min:gs_volume_per, 3)); ave:covalent_radius_pyykko_triple,min:gs_volume_per
# Number of Samples Per Task
# Task, n_mats_train            
# all , 103                   

# Sample ID , Property Value        ,  Property Value (EST) ,  Feature 0 Value      
64          ,  9.806170819706537e+01,  7.567958263217874e+01,  1.469011842520408e+04
27          ,  9.195581102005919e+01,  7.621354345615408e+01,  1.482070888367236e+04
69          ,  7.310044637476960e+01,  7.454989443279175e+01,  1.441383130214173e+04
125         ,  2.012029980198631e+02,  2.047108179942818e+02,  4.624720543622299e+04
73          ,  1.013508525385564e+02,  8.886755374754316e+01,  1.791549211722866e+04
11          ,  1.617034912836585e+02,  1.673701501598029e+02,  3.711482209822471e+04
119         ,  1.887146035400442e+02,  1.651555299985812e+02,  3.657319385659851e+04
110         ,  1.562326241405194e+02,  1.671094072330980e+02,  3.705105236679151e+04
113         ,  7.050822380170608e+01,  7.175777752263882e+01,  1.373096504862284e+04
55          ,  1.465164071687489e+02,  1.509568096869115e+02,  3.310062187770478e+04
45          ,  6.922252251530169e+01,  7.927142331568452e+01,  1.556857261237061e+04
9           ,  7.063457799019668e+01,  7.284170847190332e+01,  1.399606135018025e+04
4           ,  7.851117738952721e+01,  7.231900335476483e+01,  1.386822369276068e+04
26          ,  5.966202570927710e+01,  7.197456224180748e+01,  1.378398394925002e+04
124         ,  1.885207260436857e+02,  2.000243379497572e+02,  4.510103599805992e+04
98          ,  1.892571838929967e+02,  1.815179205171665e+02,  4.057493327926021e+04
36          ,  1.804786609572536e+02,  1.748819250636351e+02,  3.895197209978969e+04
16          ,  1.473017585346737e+02,  1.396201532975930e+02,  3.032802304853150e+04
93          ,  1.586721939022781e+02,  1.483289992353710e+02,  3.245793995006912e+04
111         ,  9.534692245017716e+01,  7.804162749990189e+01,  1.526780223335712e+04
42          ,  1.922420330482679e+02,  2.074638779516990e+02,  4.692051955569923e+04
127         ,  1.258768321724361e+02,  1.577136088816495e+02,  3.475312795118344e+04
96          ,  9.458888504929534e+01,  7.994194364074831e+01,  1.573256134100143e+04
60          ,  6.700355961656858e+01,  7.365171257192090e+01,  1.419416353676943e+04
0           ,  1.324521624992106e+02,  1.426150174269897e+02,  3.106047506026593e+04
84          ,  1.874396857101914e+02,  1.695171843215654e+02,  3.763992087503040e+04
28          ,  9.362157646373184e+01,  7.783019707211733e+01,  1.521609282836188e+04
40          ,  1.876581343779474e+02,  1.959427937591025e+02,  4.410281533619965e+04
86          ,  6.540869502383295e+01,  7.449950881479023e+01,  1.440150852365391e+04
24          ,  9.809953691058023e+01,  7.734407718573900e+01,  1.509720279751643e+04
23          ,  1.776115625775598e+02,  1.668252717503505e+02,  3.698156153283322e+04
115         ,  1.348472579215662e+02,  1.444170322541171e+02,  3.150119267825370e+04
67          ,  1.178407975639319e+02,  1.219624365501413e+02,  2.600948651548582e+04
44          ,  1.408716465187509e+02,  1.429930605303283e+02,  3.115293282115224e+04
15          ,  1.304908476901080e+02,  1.135924804591549e+02,  2.396245168783012e+04
95          ,  7.035268214247002e+01,  7.701169002474295e+01,  1.501591108135591e+04
39          ,  6.690965549992833e+01,  7.414974068883095e+01,  1.431596595596785e+04
68          ,  1.728438327749059e+02,  1.507519430389428e+02,  3.305051777215651e+04
80          ,  1.635560662373134e+02,  1.752268836620376e+02,  3.903633840438591e+04
140         ,  9.231264108905833e+01,  8.107232926035884e+01,  1.600901903168344e+04
47          ,  5.673059181818780e+01,  7.053132145088495e+01,  1.343101146867831e+04
30          ,  1.575095787725395e+02,  1.589040532550870e+02,  3.504427417301818e+04
112         ,  7.423809586689029e+01,  7.876164568073496e+01,  1.544389662103232e+04
76          ,  6.221586353440775e+01,  7.804162749990189e+01,  1.526780223335712e+04
137         ,  2.091771198782973e+02,  1.906374353500750e+02,  4.280528721079277e+04
33          ,  9.639831336185570e+01,  7.455255030332287e+01,  1.441448084670515e+04
142         ,  6.217869364696995e+01,  7.337047990989967e+01,  1.412538264382643e+04
62          ,  1.284855607921225e+02,  1.546351789410297e+02,  3.400023830224811e+04
135         ,  8.871171279800387e+01,  7.336771832443198e+01,  1.412470724462834e+04
53          ,  1.912036606685361e+02,  2.030629480969598e+02,  4.584418694549323e+04
5           ,  5.646241061036604e+01,  7.025776280911101e+01,  1.336410740597713e+04
85          ,  6.604743166171670e+01,  7.811102528620346e+01,  1.528477480573112e+04
77          ,  1.735436897724758e+02,  1.842252601631511e+02,  4.123706561130335e+04
34          ,  6.288448403712296e+01,  7.278521832109921e+01,  1.398224558999483e+04
7           ,  6.154031610112789e+01,  7.190936030176859e+01,  1.376803755232279e+04
43          ,  9.003176998171779e+01,  8.601819897099062e+01,  1.721862723519763e+04
70          ,  5.876522370994315e+01,  6.468921164906088e+01,  1.200221039716477e+04
89          ,  1.845971359160373e+02,  1.625064913430329e+02,  3.592532016063573e+04
83          ,  8.685815788108755e+01,  8.263757205463294e+01,  1.639182946447254e+04
123         ,  2.218543389191891e+02,  2.003204514531258e+02,  4.517345628888886e+04
129         ,  7.058438955216727e+01,  7.720211575164468e+01,  1.506248338004087e+04
8           ,  1.379771288780131e+02,  1.291058202014402e+02,  2.775653930316562e+04
114         ,  1.245825633863354e+02,  1.157327722395804e+02,  2.448590148472862e+04
17          ,  1.154201413293227e+02,  1.254774351582995e+02,  2.686914748525003e+04
72          ,  1.505744324222536e+02,  1.566154869033088e+02,  3.448456095868770e+04
6           ,  1.752395240612576e+02,  1.604270333022198e+02,  3.541674843266965e+04
101         ,  6.465769186928596e+01,  7.599257191405680e+01,  1.476666601442947e+04
2           ,  5.771548700058894e+01,  7.135609563301233e+01,  1.363272596483727e+04
122         ,  2.014000729838491e+02,  1.994143617811689e+02,  4.495185451519828e+04
54          ,  8.998190321387162e+01,  7.989555648477081e+01,  1.572121646382291e+04
50          ,  1.144884087492389e+02,  1.204279155274051e+02,  2.563418968678518e+04
104         ,  1.531720861969143e+02,  1.463925974571169e+02,  3.198435540107854e+04
46          ,  6.638274984747244e+01,  7.674713509484418e+01,  1.495120905073068e+04
105         ,  6.260542136940490e+01,  8.322318487023969e+01,  1.653505241762034e+04
61          ,  1.513414191693852e+02,  1.527651384755204e+02,  3.354288369722868e+04
141         ,  5.908637035915022e+01,  6.546905061877231e+01,  1.219293511705685e+04
79          ,  6.172344219415545e+01,  7.281006371425998e+01,  1.398832201196814e+04
136         ,  1.878481455563482e+02,  1.706005994253644e+02,  3.790489101659101e+04
41          ,  8.588925575648324e+01,  8.228688899112940e+01,  1.630606313109430e+04
90          ,  1.323141358213091e+02,  1.485432751603032e+02,  3.251034527648853e+04
88          ,  1.252802886728060e+02,  1.526547869973136e+02,  3.351589510652200e+04
126         ,  7.603223118739854e+01,  7.846827879773396e+01,  1.537214806939648e+04
57          ,  1.280373015126955e+02,  1.121329630380182e+02,  2.360549844217875e+04
75          ,  9.416246053996997e+01,  7.799264117984377e+01,  1.525582168027565e+04
32          ,  2.470528593513509e+02,  2.449338341613193e+02,  5.608452286922051e+04
59          ,  7.370978119031361e+01,  7.212399361033786e+01,  1.382053028383060e+04
63          ,  9.527186437700378e+01,  7.827035598651202e+01,  1.532374221357662e+04
128         ,  1.127928271848657e+02,  8.228688899112940e+01,  1.630606313109430e+04
37          ,  6.740982957627959e+01,  7.614593327455955e+01,  1.480417350464245e+04
107         ,  5.684900711217347e+01,  6.468921164906088e+01,  1.200221039716477e+04
134         ,  2.189143114936079e+02,  2.112181095016954e+02,  4.783868957360441e+04
1           ,  6.589429488532184e+01,  8.505691858895121e+01,  1.698352750471087e+04
52          ,  1.685536482338435e+02,  1.543925188089124e+02,  3.394089106836446e+04
103         ,  5.981199781507478e+01,  6.599235847925124e+01,  1.232092018703111e+04
99          ,  1.103591846419842e+02,  9.015207614618377e+01,  1.822964694173878e+04
116         ,  6.928383831454539e+01,  8.193772893479590e+01,  1.622066927860914e+04
74          ,  1.634935249887072e+02,  1.673617542430755e+02,  3.711276871422074e+04
121         ,  7.759315330331438e+01,  7.483703435227933e+01,  1.448405692927905e+04
143         ,  7.259770851342745e+01,  7.463773814060889e+01,  1.443531518178666e+04
71          ,  2.033361364024827e+02,  2.068417093954020e+02,  4.676835618834492e+04
106         ,  2.038799354056747e+02,  2.121286285782763e+02,  4.806137464396138e+04
14          ,  1.651217664757107e+02,  1.796458908758376e+02,  4.011709218277813e+04
102         ,  8.368680399312422e+01,  8.109919971813669e+01,  1.601559072241973e+04
