# FEAT_ID     Feature Postfix Expression (RPN)
0             10|23|div
1             23|3|div
2             25|16|div
3             23|inv
4             8|25|div
5             21|4|div
6             25|4|mult
7             6|22|div
8             7|cbrt
9             20|19|div
10            29|16|div
11            27|29|div
12            29|8|mult
13            10|16|div
14            25|10|div
15            27|24|div
16            26|22|div
17            22|19|add
18            20|17|div
19            21|8|div
20            27|22|div
21            21
22            29|1|mult
23            22|18|add
24            26|23|mult
25            4|1|div
26            24|18|add
27            29|cb
28            6|24|div
29            19|5|div
30            27|25|div
31            9|28|div
32            25
33            23|25|div
34            4|29|div
35            1|16|div
36            24|19|add
37            3|cbrt
38            27|28|div
39            27|26|mult
40            29|4|mult
41            15|cbrt
42            4|25|div
43            29|25|mult
44            11|26|div
45            7|3|div
46            25|sqrt
47            17|1|mult
48            26|12|div
49            8
50            19|10|div
51            8|16|div
52            19|1|mult
53            16|3|div
54            28|13|div
55            23|29|div
56            19|inv
57            25|cbrt
58            18|1|mult
59            14|1|mult
60            21|16|mult
61            25|8|add
62            9|inv
63            10|26|div
64            9|7|mult
65            12|21|div
66            21|3|div
67            19|8|mult
68            1|29|div
69            21|12|div
70            3|inv
71            17|8|mult
72            19|4|mult
73            23|1|div
74            26|24|div
75            1
76            8|4|add
77            20|14|div
78            4
79            18|8|mult
80            8|1|add
81            16|12|div
82            9|29|div
83            4|16|div
84            4|1|add
85            1|25|div
86            29|10|div
87            25|4|add
88            25|1|add
89            29|sq
90            17|sq
91            16|25|div
92            15|13|mult
93            22|14|add
94            17|4|mult
95            24|14|add
96            29|25|add
97            18|4|mult
98            19|3|div
99            14|8|mult
100           26|9|div
101           8|sqrt
102           20|13|div
103           14|4|mult
104           25|inv
105           14|sq
106           29|8|add
107           8|cbrt
108           25|3|div
109           29|3|div
110           20|1|div
111           18|3|div
112           15|log
113           19|cb
114           16|1|div
115           26|3|div
116           27|18|div
117           16|29|div
118           17|14|mult
119           29|1|add
120           29|4|add
121           27|17|div
122           27|6|div
123           18|sq
124           20|6|div
125           4|sqrt
126           29
127           27|19|div
128           12|6|mult
129           4|cbrt
130           21|9|div
131           23|4|div
132           23|11|div
133           28|16|div
134           26|1|div
135           20|11|div
136           21|sq
137           27|15|div
138           20|4|div
139           1|sqrt
140           18|15|mult
141           17|16|div
142           29|sqrt
143           1|cbrt
144           27|1|div
145           27|7|div
146           20|8|div
147           28|15|mult
148           20|7|div
149           26|23|add
150           27|3|div
151           29|cbrt
152           12|16|div
153           25|23|div
154           25|19|mult
155           25|18|mult
156           19|cbrt
157           18|21|div
158           20|3|div
159           20|15|div
160           26|16|mult
161           13|1|mult
162           27|10|div
163           19|sq
164           19|sqrt
165           27|11|div
166           19|8|add
167           27|14|div
168           16|4|div
169           1|21|div
170           19|4|add
171           17
172           10|sqrt
173           16|11|div
174           19
175           19|1|add
176           29|23|div
177           8|21|div
178           23|8|div
179           14|16|div
180           27|4|div
181           21|11|sub
182           29|inv
183           25|17|mult
184           17|inv
185           15|21|div
186           22|13|add
187           27|13|div
188           25|19|add
189           26|16|add
190           26|sq
191           1|23|div
192           23|9|div
193           25|21|div
194           24|13|add
195           15|16|div
196           29|19|mult
197           16|8|div
198           18|1|add
199           29|18|mult
200           18|8|add
201           4|21|div
202           27|8|div
203           17|sqrt
204           13|4|mult
205           13|8|mult
206           25|18|add
207           28|1|mult
208           17|cbrt
209           29|12|mult
210           18|23|div
211           18|4|add
212           26|11|div
213           26|4|div
214           16|9|div
215           8|23|div
216           12|5|add
217           29|17|mult
218           13|cb
219           17|8|add
220           4|23|div
221           21|cb
222           29|19|add
223           18
224           17|1|add
225           25|17|add
226           19|12|mult
227           17|14|add
228           29|21|div
229           17|4|add
230           15|inv
231           28|8|mult
232           15|23|div
233           21|15|sub
234           9|6|mult
235           29|18|add
236           12|11|mult
237           25|14|mult
238           28|4|mult
239           17|13|mult
240           28|12|mult
241           26|8|div
242           15|nexp
243           18|sqrt
244           18|12|mult
245           14
246           18|17|mult
247           14|13|mult
248           25|12|mult
249           18|cbrt
250           20|10|div
251           19|16|div
252           18|inv
253           19|17|mult
254           8|2|div
255           12|9|abd
256           10|cbrt
257           29|17|add
258           29|14|mult
259           16|18|div
260           12|9|sub
261           4|2|div
262           12|23|div
263           23|18|div
264           13|16|div
265           28|22|add
266           14|1|add
267           21|25|div
268           11|2|div
269           4|5|div
270           11|5|div
271           28|24|add
272           18|14|mult
273           21|9|mult
274           8|5|div
275           12|sqrt
276           1|26|div
277           14|8|add
278           14|4|add
279           19|18|mult
280           28|17|mult
281           5|sqrt
282           25|14|add
283           14|sqrt
284           17|21|div
285           28|14|mult
286           26
287           15|26|div
288           19|14|mult
289           12|2|add
290           19|18|add
291           1|5|div
292           21|19|div
293           14|cbrt
294           23|19|div
295           12|26|div
296           12|9|add
297           1|2|div
298           8|26|div
299           19|17|add
300           14|inv
301           23|17|div
302           15|12|mult
303           4|26|div
304           29|14|add
305           11|9|mult
306           17|23|div
307           18|17|add
308           17|13|add
309           16|19|div
310           21|29|div
311           28|cb
312           16|17|div
313           26|sqrt
314           10|inv
315           2|sqrt
316           26|cbrt
317           19|23|div
318           26|inv
319           24|12|mult
320           14|21|div
321           21|17|div
322           13|1|add
323           12|cbrt
324           13|sq
325           26|17|div
326           21|18|div
327           5|cbrt
328           14|13|add
329           13|4|add
330           28|18|mult
331           13|8|add
332           17|26|div
333           25|13|mult
334           14|23|div
335           19|14|add
336           21|sp
337           14|26|div
338           25|26|div
339           25|13|add
340           28|23|div
341           18|14|add
342           22|12|mult
343           17|12|mult
344           23|14|div
345           18|26|div
346           26|25|div
347           19|21|div
348           29|26|div
349           28|25|mult
350           13|12|mult
351           12|1|mult
352           28|17|add
353           29|13|mult
354           26|14|div
355           28|21|div
356           12|8|mult
357           12|4|mult
358           9|16|div
359           26|21|mult
360           18|13|mult
361           26|29|div
362           29|13|add
363           2|cbrt
364           9
365           28|14|add
366           28|1|add
367           19|13|mult
368           16|14|div
369           23|28|div
370           16|28|div
371           28|sq
372           21|15|div
373           28|8|add
374           28|4|add
375           14|12|mult
376           21|10|div
377           23|15|div
378           13
379           29|28|mult
380           21|14|div
381           28|25|add
382           28|13|mult
383           19|13|add
384           9|21|div
385           15|9|mult
386           0|27|div
387           13|inv
388           28|26|div
389           28|18|add
390           18|13|add
391           9|2|add
392           23|13|div
393           13|23|div
394           13|sqrt
395           6|0|mult
396           13|cbrt
397           16|15|div
398           9|23|div
399           9|5|add
400           29|28|add
401           16|13|div
402           28
403           28|19|mult
404           26|19|div
405           13|21|div
406           26|13|div
407           26|18|div
408           13|26|div
409           24|9|mult
410           22|9|mult
411           19|9|mult
412           19|26|div
413           29|9|mult
414           28|sqrt
415           9|1|mult
416           26|15|div
417           28|13|add
418           18|9|mult
419           28|cbrt
420           9|26|div
421           26|28|div
422           28|19|add
423           28|9|mult
424           23|10|div
425           25|9|mult
426           9|4|mult
427           9|8|mult
428           28|inv
429           21|13|div
430           17|9|mult
431           9|sqrt
432           0|sp
433           13|9|mult
434           7|0|mult
435           16|10|div
436           26|10|div
437           14|9|mult
438           9|cbrt
439           21|28|div
440           0|20|div
441           0|2|div
442           0|5|div
443           12|0|mult
444           16|0|add
445           10|0|mult
446           0|12|div
447           27|0|mult
448           0|3|div
449           9|0|mult
450           20|0|mult
451           0|9|div
452           0|10|div
453           23|0|add
454           0|1|div
455           1|0|mult
456           0|cb
457           0|4|div
458           0|8|div
459           0|11|div
460           4|0|mult
461           11|0|mult
462           26|0|add
463           8|0|mult
464           0|6|div
465           0|7|div
466           0|sq
467           22|0|mult
468           0|cbrt
469           0|15|div
470           0|14|div
471           24|0|mult
472           0|13|div
473           15|0|mult
474           0|17|div
475           14|0|mult
476           0|19|div
477           0|22|div
478           13|0|mult
479           0|24|div
480           17|0|mult
481           0|18|div
482           0|sqrt
483           16|0|mult
484           0|25|div
485           0|28|div
486           0|16|div
487           23|0|mult
488           0|29|div
489           26|0|mult
490           19|0|mult
491           18|0|mult
492           0|23|div
493           0|26|div
494           25|0|mult
495           28|0|mult
496           29|0|mult
497           21|0|mult
498           0
499           0|21|div
#-----------------------------------------------------------------------
500           6|1|mult
501           11|1|div
502           9|6|div
503           28|1|sub
504           26|16|sub
505           19|17|div
506           24|23|div
507           6|15|div
508           9|2|div
509           19|13|div
510           29|23|mult
511           5|12|div
512           14|6|mult
513           7|8|div
514           9|3|div
515           7|4|div
516           16|3|mult
517           22|23|div
518           22|18|div
519           28|6|mult
520           23|3|mult
521           19|14|div
522           24|6|mult
523           13|6|mult
524           11|6|mult
525           17|1|sub
526           6|4|mult
527           23|14|mult
528           21|16|div
529           8|6|mult
530           17|6|mult
531           28|15|div
532           24|26|div
533           6|9|div
534           24|19|div
535           21|7|mult
536           17|1|abd
537           22|6|mult
538           3|12|div
539           15|6|mult
540           19|16|mult
541           28|23|mult
542           22|26|div
543           24|25|div
544           18|16|mult
545           9|5|div
546           3|2|div
547           29|16|mult
548           14|29|div
549           13|29|div
550           25|19|sub
551           11|sin
552           29|6|mult
553           6|19|div
554           3|6|div
555           14|cb
556           16|cbrt
557           25|6|mult
558           28|24|div
559           28|19|div
560           19|28|div
561           28|16|mult
562           22|25|div
563           25|13|div
564           29|sp
565           28|22|div
566           17|29|div
567           7|1|div
568           16|sqrt
569           22|19|div
570           11|sq
571           25|17|div
572           24|28|div
573           1|cb
574           28|18|div
575           11|23|div
576           5|9|div
577           26|7|mult
578           19|sp
579           24|16|mult
580           21|26|div
581           6|4|div
582           6|8|div
583           19|6|mult
584           24|cb
585           6
586           23|16|abd
587           11|16|div
588           22|28|div
589           6|14|div
590           6|13|div
591           18|24|div
592           6|17|div
593           11|14|div
594           24|21|div
595           15|11|mult
596           21|15|mult
597           7|sqrt
598           22|cb
599           18|28|div
600           3|sqrt
601           22|21|div
602           24|29|div
603           6|25|div
604           16
605           22|11|div
606           3|9|div
607           23|0|sub
608           25|24|div
609           25|14|div
610           15
611           22|16|mult
612           22|29|div
613           6|29|div
614           24|15|mult
615           22|15|mult
616           15|14|mult
617           29|25|div
618           11|24|div
619           25|29|div
620           14|11|div
621           26|24|mult
622           16|0|sub
623           25|22|div
624           18|cb
625           25|sp
626           18|22|div
627           6|28|div
628           23|7|mult
629           6|18|div
630           25|8|sub
631           26|sp
632           6|1|div
633           8|22|div
634           24|sq
635           16|7|mult
636           29|24|div
637           17|15|mult
638           29|22|div
639           24|22|mult
640           19|24|div
641           22|sq
642           17|cb
643           11|13|div
644           23|21|mult
645           4|cb
646           29|15|mult
647           15|sin
648           23|cbrt
649           26|cb
650           16|21|div
651           14|6|div
652           26|21|div
653           13|6|div
654           26|22|mult
655           14|7|div
656           24|11|mult
657           13|7|div
658           22|11|mult
659           23|16|add
660           10|3|div
661           18|29|div
662           16|sq
663           2|0|mult
664           11|17|div
665           23|sqrt
666           21|23|div
667           15|sqrt
668           8|cb
669           25|15|mult
670           11|1|mult
671           24
672           17|6|div
673           4|22|div
674           16|22|div
675           22
676           24|22|add
677           17|7|div
678           16|24|div
679           21|6|mult
680           19|22|div
681           24|23|mult
682           22|8|div
683           29|24|mult
684           22|sqrt
685           10|2|div
686           28|7|div
687           29|22|mult
688           24|sqrt
689           28|24|mult
690           22|cbrt
691           28|22|mult
692           23|24|div
693           29|13|div
694           15|1|mult
695           24|8|abd
696           24|cbrt
697           25|4|sub
698           19|15|mult
699           11|4|mult
700           24|11|div
701           23
702           16|cb
703           24|14|mult
704           6|sqrt
705           13|11|div
706           22|14|mult
707           25|24|mult
708           14|11|mult
709           25|22|mult
710           3|7|div
711           23|22|div
712           23|7|div
713           23|6|div
714           25|1|sub
715           21|22|div
716           29|17|div
717           23|22|mult
718           24|18|mult
719           1|sq
720           29|14|div
721           22|7|div
722           22|18|mult
723           24|13|mult
724           11|8|mult
725           21|24|div
726           22|inv
727           22|21|mult
728           16|7|div
729           24|17|mult
730           15|4|mult
731           28|6|div
732           22|13|mult
733           22|17|mult
734           10|5|div
735           24|21|mult
736           24|7|div
737           13|11|mult
738           22|8|sub
739           11|21|div
740           24|1|mult
741           28|21|mult
742           24|inv
743           22|4|div
744           10|7|div
745           23|16|mult
746           17|11|mult
747           26|6|mult
748           22|1|mult
749           6|cbrt
750           29|11|mult
751           16|6|div
752           15|8|mult
753           14|8|div
754           18|6|div
755           25|7|div
756           10|6|div
757           11|18|div
758           6|2|div
759           29|7|div
760           25|11|mult
761           17|11|div
762           22|19|mult
763           25|cb
764           18|7|div
765           1|8|div
766           24|19|mult
767           26|7|div
768           19|11|mult
769           24|4|mult
770           4|1|mult
771           22|4|mult
772           24|8|mult
773           8|15|div
774           18|11|mult
775           16|sp
776           22|8|mult
777           19|29|div
778           15|11|add
779           29|24|add
780           29|22|add
781           28|11|mult
782           23|sq
783           8|1|mult
784           11|cos
785           1|3|div
786           26|6|div
787           15|6|div
788           25|22|add
789           25|6|div
790           25|24|add
791           19|6|div
792           14|4|div
793           29|6|div
794           23|sp
795           23|21|div
796           29|18|div
797           8|14|div
798           15|7|div
799           24|6|div
800           4|sq
801           19|7|div
802           23|6|mult
803           11|28|div
804           22|6|div
805           25|sq
806           5|0|mult
807           29|19|div
808           8|3|div
809           24|8|div
810           24|17|add
811           22|4|sub
812           22|17|add
813           11|3|div
814           16|6|mult
815           7|inv
816           23|cb
817           21|7|div
818           8|4|mult
819           8|sq
820           15|11|div
821           11|15|div
822           11|19|div
823           11
824           8|1|div
825           13|8|div
826           24|1|add
827           22|1|add
828           6|inv
829           21|6|div
830           4|3|div
831           24|4|div
832           25|1|mult
833           8|24|div
834           4|15|div
835           24|8|sub
836           22|1|sub
837           4|24|div
838           15|8|div
839           22|4|add
840           22|8|add
841           24|4|add
842           24|8|add
843           13|4|div
844           1|6|div
845           22|1|div
846           11|25|div
847           4|6|div
848           21|14|mult
849           3|0|mult
850           14|28|div
851           4|14|div
852           8|13|div
853           25|8|mult
854           6|5|div
855           21|11|mult
856           1|7|div
857           16|11|mult
858           1|22|div
859           17|8|div
860           24|4|sub
861           11|6|div
862           4|7|div
863           15|4|div
864           13|28|div
865           14|1|div
866           11|29|div
867           7|2|div
868           17|4|div
869           8|6|div
870           21|13|mult
871           11|7|div
872           8|17|div
873           26|11|mult
874           1|15|div
875           4|13|div
876           24|1|sub
877           8|7|div
878           4|17|div
879           14|3|div
880           24|1|div
881           17|28|div
882           13|1|div
883           29|1|sub
884           1|14|div
885           21|17|mult
886           29|21|mult
887           26|13|mult
888           13|3|div
889           1|13|div
890           17|3|div
891           26|17|mult
892           11|sqrt
893           25|21|mult
894           1|17|div
895           15|3|div
896           28|14|div
897           17|1|div
898           1|19|div
899           23|11|mult
900           15|1|div
901           1|4|div
902           1|24|div
903           11|cbrt
904           29|4|sub
905           1|28|div
906           7|5|div
907           26|14|mult
908           8|19|div
909           14|2|div
910           4|19|div
911           27|5|div
912           27|2|div
913           28|17|div
914           4|28|div
915           13|2|div
916           29|8|sub
917           8|28|div
918           22|2|div
919           1|18|div
920           20|2|div
921           20|5|div
922           14|5|div
923           21|1|mult
924           17|2|div
925           18|11|div
926           4|18|div
927           24|2|div
928           13|5|div
929           28|11|div
930           15|2|div
931           11|log
932           22|5|div
933           28|3|div
934           8|18|div
935           17|5|div
936           21|4|mult
937           24|5|div
938           19|11|div
939           22|3|div
940           24|3|div
941           15|5|div
942           21|8|mult
943           28|2|div
944           21|19|mult
945           6|3|div
946           25|11|div
947           21|exp
948           28|4|div
949           28|8|div
950           28|1|div
951           8|29|div
952           28|5|div
953           25|2|div
954           29|11|div
955           18|2|div
956           16|2|div
957           23|2|div
958           29|2|div
959           19|2|div
960           21|18|mult
961           21|2|div
962           26|1|mult
963           2|inv
964           16|5|div
965           26|2|div
966           23|5|div
967           26|8|mult
968           21|11|div
969           26|4|mult
970           25|5|div
971           19|4|div
972           21|5|div
973           29|5|div
974           18|5|div
975           5|inv
976           21|1|div
977           11|inv
978           18|4|div
979           19|1|div
980           19|8|div
981           26|5|div
982           25|1|div
983           18|1|div
984           16|8|mult
985           25|4|div
986           1|inv
987           11|nexp
988           4|inv
989           29|1|div
990           18|8|div
991           25|8|div
992           29|4|div
993           8|inv
994           16|4|mult
995           29|8|div
996           16|1|mult
997           23|8|mult
998           23|1|mult
999           23|4|mult
#-----------------------------------------------------------------------
1000          11|4|div
1001          4|20|div
1002          27|13|mult
1003          27|9|mult
1004          18|8|sub
1005          25|20|div
1006          22|12|div
1007          6|20|div
1008          14|24|div
1009          11|20|div
1010          12|22|div
1011          21|27|div
1012          27|sqrt
1013          28|12|div
1014          18|12|div
1015          8|20|div
1016          27|14|mult
1017          27|17|mult
1018          27|cbrt
1019          20|inv
1020          4|11|div
1021          20|12|mult
1022          29|20|div
1023          17|13|div
1024          28|27|mult
1025          18|13|sub
1026          25|12|div
1027          22|19|sub
1028          10|29|div
1029          25|22|sub
1030          27|16|mult
1031          22|19|abd
1032          12|inv
1033          25|24|sub
1034          18|13|abd
1035          12|14|div
1036          9|11|div
1037          27|23|mult
1038          14|8|abd
1039          4|8|div
1040          12|13|div
1041          10|28|div
1042          13|17|div
1043          12|20|div
1044          11|9|div
1045          27|12|mult
1046          18|14|div
1047          29|12|div
1048          10|5|mult
1049          29|14|sub
1050          22|17|div
1051          9|25|div
1052          3|sp
1053          12|24|div
1054          19|20|div
1055          8|4|abd
1056          12|cb
1057          13|22|div
1058          14|8|sub
1059          18|17|sub
1060          5|2|abd
1061          18|9|div
1062          26|9|mult
1063          9|8|div
1064          12|11|div
1065          28|9|div
1066          14|22|div
1067          18|17|abd
1068          26|27|div
1069          23|27|div
1070          26|10|mult
1071          2|12|div
1072          11|exp
1073          17|24|div
1074          25|17|sub
1075          21|20|div
1076          16|27|div
1077          12|10|mult
1078          8|4|sub
1079          5|2|sub
1080          23|17|mult
1081          9|5|sub
1082          14|25|div
1083          27|12|div
1084          25|9|div
1085          19|12|div
1086          11|12|div
1087          9|4|div
1088          8|9|div
1089          10|25|div
1090          24|22|div
1091          12|4|div
1092          12|8|div
1093          12|17|div
1094          7|12|div
1095          15|18|div
1096          20|11|mult
1097          18|15|div
1098          23|13|mult
1099          28|25|sub
1100          14|4|abd
1101          12|5|mult
1102          8|4|div
1103          9|19|div
1104          10|19|div
1105          12|1|div
1106          16|20|div
1107          19|9|div
1108          14|4|sub
1109          22|24|div
1110          29|9|div
1111          28|18|sub
1112          28|18|abd
1113          17|22|div
1114          26|20|div
1115          8|12|div
1116          25|28|div
1117          11|22|div
1118          23|20|div
1119          24|19|sub
1120          23|10|mult
1121          24|19|abd
1122          26|19|mult
1123          16|15|mult
1124          24|10|div
1125          28|25|div
1126          9|1|div
1127          15|9|div
1128          2|1|div
1129          20|8|mult
1130          17|18|div
1131          13|14|div
1132          16|12|mult
1133          29|24|sub
1134          9|5|mult
1135          22|1|abd
1136          9|15|div
1137          28|10|div
1138          2|4|div
1139          12|5|sub
1140          22|10|div
1141          4|9|div
1142          20|4|mult
1143          9|2|mult
1144          7|cb
1145          18|10|div
1146          14|1|abd
1147          14|1|sub
1148          2|22|div
1149          12|2|mult
1150          25|18|sub
1151          25|13|sub
1152          14|13|div
1153          2|13|div
1154          15|10|div
1155          10|15|div
1156          5|1|div
1157          2|24|div
1158          12|7|div
1159          15|2|mult
1160          18|17|div
1161          9|cb
1162          2|8|div
1163          13|18|div
1164          5|13|div
1165          10|3|mult
1166          10|18|div
1167          14|13|abd
1168          5|4|div
1169          11|2|mult
1170          5|22|div
1171          19|25|div
1172          2|14|div
1173          3|cb
1174          6|12|div
1175          10|7|mult
1176          27|11|mult
1177          23|12|mult
1178          2|11|div
1179          1|9|div
1180          17|4|sub
1181          2|17|div
1182          5|14|div
1183          14|13|sub
1184          2|18|div
1185          17|8|abd
1186          17|8|sub
1187          12|18|div
1188          5|24|div
1189          16|2|mult
1190          5|11|div
1191          12|15|div
1192          3|2|mult
1193          17|25|div
1194          28|8|sub
1195          11|cb
1196          6|cb
1197          8|1|abd
1198          4|1|abd
1199          2|28|div
1200          9|12|div
1201          5|8|div
1202          27|8|mult
1203          18|13|div
1204          1|11|div
1205          20|1|mult
1206          28|4|sub
1207          4|12|div
1208          5|17|div
1209          25|16|mult
1210          7|9|div
1211          25|19|div
1212          15|12|div
1213          13|1|sub
1214          2|9|div
1215          26|12|mult
1216          23|16|div
1217          12|3|div
1218          14|sp
1219          5|15|div
1220          2|25|div
1221          26|16|div
1222          27|4|mult
1223          13|1|abd
1224          19|2|mult
1225          9|sq
1226          21|2|mult
1227          19|14|sub
1228          13|25|div
1229          26|2|mult
1230          12|25|div
1231          29|2|mult
1232          17|4|abd
1233          2|26|div
1234          23|2|mult
1235          2|23|div
1236          2|29|div
1237          2
1238          24|18|abd
1239          24|18|sub
1240          2|15|div
1241          25|18|div
1242          24|18|div
1243          10|6|mult
1244          10|17|div
1245          14|2|mult
1246          25|2|mult
1247          2|19|div
1248          22|2|mult
1249          7|2|mult
1250          2|21|div
1251          22|sp
1252          19|14|abd
1253          29|28|sub
1254          29|17|sub
1255          22|18|sub
1256          5|3|mult
1257          17|2|mult
1258          16|26|div
1259          12|19|div
1260          13|8|abd
1261          28|29|div
1262          8|2|mult
1263          24|2|mult
1264          2|16|div
1265          12|28|div
1266          10|14|div
1267          29|28|div
1268          5|18|div
1269          5|28|div
1270          28|2|mult
1271          13|8|sub
1272          16|10|mult
1273          15|5|mult
1274          16|5|mult
1275          3|sq
1276          21|11|add
1277          4|2|mult
1278          12|6|div
1279          2|1|mult
1280          18|2|mult
1281          5|2|add
1282          17|13|sub
1283          13|2|mult
1284          12|29|div
1285          6|7|div
1286          19|18|abd
1287          17|10|div
1288          13|4|abd
1289          13|4|sub
1290          24|1|abd
1291          7|5|mult
1292          27|1|mult
1293          6|2|mult
1294          18|25|div
1295          5|25|div
1296          5|10|div
1297          1|12|div
1298          26|5|mult
1299          20|2|mult
1300          11|5|mult
1301          5|23|div
1302          12|sq
1303          24|sp
1304          12|10|div
1305          5|29|div
1306          19|5|mult
1307          12|9|mult
1308          18|19|div
1309          21|5|mult
1310          5|26|div
1311          13|10|div
1312          5|21|div
1313          5|19|div
1314          21|inv
1315          29|5|mult
1316          7|3|mult
1317          5|16|div
1318          5
1319          14|19|div
1320          23|5|mult
1321          10|13|div
1322          8|1|sub
1323          14|10|div
1324          6|5|mult
1325          16|23|div
1326          7|sq
1327          7|6|div
1328          19|18|div
1329          29|13|sub
1330          25|5|mult
1331          21|log
1332          11|3|mult
1333          21|cbrt
1334          2|10|div
1335          21|15|add
1336          21|sqrt
1337          4|1|sub
1338          14|5|mult
1339          18|5|mult
1340          19|18|sub
1341          24|15|div
1342          21|12|mult
1343          21|sin
1344          28|5|mult
1345          22|5|mult
1346          8|5|mult
1347          6|3|mult
1348          17|5|mult
1349          24|5|mult
1350          15|3|mult
1351          9|3|mult
1352          5|1|mult
1353          5|4|mult
1354          9|10|div
1355          7|6|mult
1356          13|5|mult
1357          22|15|div
1358          28|19|sub
1359          28|19|abd
1360          20|5|mult
1361          15|11|sub
1362          15|11|abd
1363          1|sp
1364          8|sp
1365          3|16|div
1366          9|7|div
1367          3|23|div
1368          17|sp
1369          12
1370          22|3|mult
1371          3|26|div
1372          27|2|mult
1373          26|0|sub
1374          7|16|div
1375          15|7|mult
1376          3|1|mult
1377          8|3|mult
1378          24|3|mult
1379          14|3|mult
1380          11|7|mult
1381          29|3|mult
1382          19|3|mult
1383          4|3|mult
1384          29|18|abd
1385          19|17|sub
1386          17|3|mult
1387          21|cos
1388          25|3|mult
1389          6|sq
1390          3|21|div
1391          4|sp
1392          19|17|abd
1393          7|23|div
1394          29|18|sub
1395          3|18|div
1396          3|28|div
1397          18|3|mult
1398          3|13|div
1399          13|3|mult
1400          28|sp
1401          3|10|div
1402          28|3|mult
1403          3
1404          7|26|div
1405          12|3|mult
1406          19|8|sub
1407          3|5|div
1408          21|3|mult
1409          16|inv
1410          13|sp
1411          27|5|mult
1412          3|17|div
1413          22|7|mult
1414          3|25|div
1415          7|21|div
1416          7|10|div
1417          8|7|mult
1418          14|7|mult
1419          3|19|div
1420          7|1|mult
1421          24|7|mult
1422          3|24|div
1423          3|4|div
1424          20|7|mult
1425          3|14|div
1426          7|11|div
1427          29|7|mult
1428          3|29|div
1429          18|sp
1430          3|22|div
1431          7|13|div
1432          3|8|div
1433          7|4|mult
1434          3|1|div
1435          19|7|mult
1436          17|7|mult
1437          26|3|mult
1438          6|16|div
1439          25|7|mult
1440          19|13|sub
1441          3|11|div
1442          18|7|mult
1443          20|3|mult
1444          22|16|div
1445          8|10|div
1446          17|13|abd
1447          10|24|div
1448          28|7|mult
1449          7|28|div
1450          7|18|div
1451          12|7|mult
1452          24|16|div
1453          13|7|mult
1454          7
1455          27|7|mult
1456          7|17|div
1457          7|22|div
1458          7|24|div
1459          17|19|div
1460          11|10|div
1461          18|16|div
1462          19|13|abd
1463          3|15|div
1464          7|14|div
1465          6|23|div
1466          7|19|div
1467          7|25|div
1468          13|19|div
1469          6|10|div
1470          6|26|div
1471          7|29|div
1472          4|10|div
1473          20|6|mult
1474          10|22|div
1475          29|25|abd
1476          27|6|mult
1477          7|15|div
1478          27|3|mult
1479          6|21|div
1480          15|24|div
1481          29|25|sub
1482          19|4|sub
1483          10|11|div
1484          10|8|div
1485          15|22|div
1486          18|6|mult
1487          1|10|div
1488          6|11|div
1489          10|9|div
1490          15|17|div
1491          19|1|sub
1492          17|15|div
1493          10|4|div
1494          14|15|div
1495          15|14|div
1496          10|1|div
1497          13|15|div
1498          15|13|div
1499          10|12|div
#-----------------------------------------------------------------------
