0             6|2|mult
1             21|3|mult
2             2|0|mult
3             2|15|div
4             17|3|mult
5             3|20|div
6             24|2|mult
7             12|2|mult
8             2|8|div
9             18|2|mult
10            4|3|add
11            2|sq
12            2|cb
13            3
14            2|21|div
15            5|2|mult
16            13|2|mult
17            4|16|div
18            6|0|mult
19            2|17|div
20            6|5|mult
21            4|sqrt
22            3|sqrt
23            16|3|mult
24            4|20|div
25            2|22|div
26            2|14|div
27            21|4|mult
28            5|cb
29            3|sq
30            12|cb
31            4|cbrt
32            20|3|mult
33            23|2|mult
34            2|1|mult
35            5|0|mult
36            4
37            4|3|mult
38            1|0|mult
39            5|1|mult
40            3|cbrt
41            4|nexp
42            13|1|mult
43            17|4|mult
44            2
45            3|sin
46            20|4|mult
47            12|6|mult
48            21|20|mult
49            2|sp
50            2|20|div
51            24|1|mult
52            3|cb
53            1|15|div
54            11|4|mult
55            10|3|mult
56            12|1|mult
57            5|15|div
58            0|cb
59            17|10|mult
60            13|0|mult
61            16|4|mult
62            15|3|mult
63            9|4|add
64            12|sq
65            4|21|div
66            10|4|mult
67            2|16|div
68            20|2|mult
69            12|sp
70            1|17|div
71            11|3|mult
72            1|sqrt
73            1|22|div
74            15|4|mult
75            5|sp
76            0|sp
77            24|5|mult
78            1|21|div
79            5|8|div
80            1|14|div
81            16|1|mult
82            21|11|mult
83            4|sq
84            18|5|mult
85            17|11|mult
86            20|1|mult
87            1
88            13|2|add
89            3|nexp
90            23|5|mult
91            22|3|mult
92            13|6|mult
93            14|1|mult
94            16|10|mult
95            16|2|mult
96            12|15|div
97            21|2|mult
98            20|10|mult
99            6|15|div
100           3|21|div
101           21|1|mult
102           22|4|mult
103           2|11|div
104           3|16|div
105           13|5|mult
106           3|exp
107           6|1|add
108           10
109           1|cbrt
110           4|17|div
111           22|1|mult
112           24|6|mult
113           0|16|div
114           0|20|div
115           17|2|mult
116           17|1|mult
117           9|3|add
118           11|10|add
119           24|12|mult
120           16|11|mult
121           0|sq
122           12|8|div
123           0|15|div
124           8|1|mult
125           0|22|div
126           22|2|mult
127           6|1|mult
128           6|14|div
129           13|12|mult
130           18|0|mult
131           14|4|mult
132           15|10|mult
133           18|1|mult
134           23|0|mult
135           6|22|div
136           3|sp
137           1|11|div
138           18|12|mult
139           19|10|add
140           0|17|div
141           10|20|div
142           4|cb
143           20|11|mult
144           5|21|div
145           14|2|mult
146           16|15|mult
147           24|0|mult
148           1|20|div
149           0|14|div
150           14|3|mult
151           13|15|div
152           15|11|mult
153           0|21|div
154           22|10|mult
155           20|17|mult
156           5|17|div
157           11|1|mult
158           6|17|div
159           24|15|div
160           23|1|mult
161           24|13|mult
162           6|21|div
163           11|10|mult
164           11
165           8|4|mult
166           2|sqrt
167           4|22|div
168           14|10|mult
169           10|8|mult
170           22|11|mult
171           8|3|mult
172           6|20|div
173           5|22|div
174           21|16|mult
175           1|12|div
176           13|17|div
177           3|17|div
178           11|2|mult
179           0
180           24|16|div
181           5|11|div
182           24|20|div
183           4|13|div
184           24|0|add
185           20|15|mult
186           5|20|div
187           5|14|div
188           11|abs
189           13|cb
190           0|8|div
191           10|21|div
192           10|16|div
193           1|13|div
194           13|21|div
195           12|11|div
196           0|sqrt
197           4|exp
198           0|cbrt
199           13|16|div
200           3|22|div
201           1|8|div
202           21|inv
203           6|16|div
204           6|sqrt
205           15|1|mult
206           2|13|div
207           24|14|div
208           9|4|mult
209           12|21|div
210           1|16|div
211           1|5|div
212           1|sq
213           6
214           24|17|div
215           20|3|add
216           11|sq
217           22|16|mult
218           14|11|mult
219           13|sp
220           20|4|add
221           15|inv
222           12|22|div
223           19|11|add
224           24|21|div
225           12|17|div
226           11|8|mult
227           5|16|div
228           13|20|div
229           21|cbrt
230           24|22|div
231           22|21|mult
232           6|cbrt
233           22|17|mult
234           21|sqrt
235           19|1|mult
236           19|10|mult
237           11|20|div
238           11|cb
239           21|0|mult
240           12|14|div
241           17|16|mult
242           5
243           10|17|div
244           22|20|mult
245           21
246           24|18|mult
247           12|5|abd
248           20|9|add
249           10|22|div
250           2|cbrt
251           13|sq
252           14|0|mult
253           3|13|div
254           10|9|mult
255           2|12|div
256           4|14|div
257           12|5|sub
258           12|5|add
259           6|8|div
260           19|4|mult
261           0|11|div
262           17|9|mult
263           18|13|mult
264           12|20|div
265           21|sq
266           15|2|mult
267           17|0|mult
268           21|15|mult
269           20|16|add
270           9|cbrt
271           20|16|mult
272           16|14|mult
273           22|0|mult
274           16|9|add
275           24|23|mult
276           22|0|div
277           23|13|mult
278           17|14|mult
279           16|3|add
280           17|15|mult
281           21|9|mult
282           21|cb
283           20|sq
284           15|cbrt
285           23|15|div
286           20|0|mult
287           24|8|div
288           21|14|mult
289           21|17|add
290           4|0|div
291           21|6|mult
292           18|15|div
293           24|11|div
294           11|9|mult
295           20
296           18|14|div
297           10|13|div
298           12|0|div
299           15|sqrt
300           13|0|div
301           13|22|div
302           11|sp
303           15|0|div
304           16|0|mult
305           22|9|mult
306           4|sin
307           16|4|add
308           13|14|div
309           21|0|div
310           14|0|div
311           20|14|mult
312           19|3|mult
313           17|0|div
314           17|6|mult
315           16|0|div
316           3|0|div
317           9|3|mult
318           20|cb
319           22|cbrt
320           10|0|div
321           23|cbrt
322           22|inv
323           18|1|add
324           22|sqrt
325           14|9|mult
326           12|16|div
327           9|sqrt
328           23|20|div
329           23|sqrt
330           20|0|div
331           4|sp
332           24
333           20|6|mult
334           0|inv
335           18|22|div
336           21|17|mult
337           23|14|div
338           9|8|mult
339           22
340           13|8|div
341           20|sqrt
342           17|inv
343           24|sqrt
344           14|inv
345           15
346           11|0|div
347           3|14|div
348           19|cbrt
349           8|0|div
350           16|9|mult
351           16|sq
352           10|sp
353           18|20|div
354           23|22|div
355           22|14|add
356           24|cbrt
357           23|17|div
358           15|13|div
359           11|21|div
360           21|sp
361           16|6|mult
362           16|cb
363           22|13|div
364           12
365           23|21|div
366           8|13|div
367           20|cbrt
368           24|sq
369           17|13|div
370           22|15|mult
371           14|cbrt
372           13
373           19|sqrt
374           18|6|add
375           6|sq
376           8|2|mult
377           5|0|div
378           16
379           7|cbrt
380           1|24|div
381           14|sqrt
382           15|14|mult
383           20|5|mult
384           19|15|mult
385           7|1|mult
386           9|20|div
387           14|13|div
388           10|14|div
389           1|cb
390           13|10|mult
391           17|cbrt
392           22|14|mult
393           1|18|div
394           7|sqrt
395           22|8|mult
396           17|sqrt
397           21|13|div
398           14
399           21|5|mult
#-----------------------------------------------------------------------
400           12|4|mult
401           21|10|mult
402           12|3|mult
403           5|4|mult
404           5|3|mult
405           11|cbrt
406           21|8|mult
407           17|8|mult
408           16|8|mult
409           20|15|div
410           12|10|mult
411           10|cbrt
412           20|8|mult
413           4|2|mult
414           12|0|mult
415           8|sqrt
416           8|cbrt
417           16|8|add
418           8|log
419           15|8|mult
420           20|8|add
421           8|3|add
422           8|4|add
423           9|8|add
424           8
425           9|8|sub
426           8|4|sub
427           8|3|sub
428           12|9|mult
429           20|8|abd
430           20|8|sub
431           16|8|abd
432           9|5|mult
433           17
434           10|cb
435           10|5|mult
436           17|sq
437           10|sq
438           13|11|mult
439           10|abs
440           15|22|div
441           8|sq
442           8|inv
443           3|2|mult
444           17|cb
445           20|21|div
446           22|15|div
447           15|14|div
448           9|2|mult
449           12|11|mult
450           20|sin
451           14|8|mult
452           22|0|div
453           15|sq
454           14|15|div
455           15|12|mult
456           17|sp
457           20|8|div
458           21|15|div
459           8|21|div
460           14|12|mult
461           20|17|div
462           2|5|div
463           12|5|mult
464           8|cb
465           16|15|div
466           8|17|div
467           18|16|div
468           24|12|div
469           15|9|mult
470           8|5|mult
471           12|8|mult
472           18|21|div
473           18|17|div
474           5|sq
475           18|8|div
476           0|1|div
477           22|12|mult
478           18|12|div
479           13|12|div
480           12|cbrt
481           24|5|div
482           8|22|div
483           22|8|div
484           7|14|div
485           12|inv
486           16|8|div
487           21|8|div
488           20|12|div
489           21|12|div
490           10|2|mult
491           13|8|mult
492           13|5|div
493           9|0|div
494           15|21|div
495           6|12|div
496           22|sq
497           5|cbrt
498           7|2|mult
499           18|5|div
500           12|7|mult
501           7|5|mult
502           17|12|div
503           3|12|div
504           12|sqrt
505           17|8|div
506           18|sqrt
507           10|7|mult
508           22|7|add
509           5|inv
510           22|19|mult
511           16|12|div
512           21|7|mult
513           19|17|mult
514           4|cos
515           14|7|add
516           23|12|div
517           7|3|mult
518           16|7|mult
519           4|12|div
520           20|5|div
521           7|20|div
522           7
523           11|5|mult
524           20|7|mult
525           21|5|div
526           21|19|mult
527           13|7|mult
528           7|4|mult
529           14|7|sub
530           9|7|mult
531           12|13|div
532           7|15|div
533           11|7|mult
534           14|5|mult
535           17|7|mult
536           22|7|sub
537           7|13|div
538           7|21|div
539           22|cb
540           7|17|div
541           7|8|div
542           7|11|div
543           18|cbrt
544           7|22|div
545           19|14|mult
546           6|5|div
547           22|7|mult
548           24|20|mult
549           19|0|div
550           15|17|div
551           19|8|mult
552           14|sq
553           17|5|div
554           22|12|div
555           8|14|div
556           21|12|mult
557           16|5|mult
558           15|cb
559           16|12|mult
560           23|8|div
561           3|5|div
562           23|5|div
563           18
564           7|16|div
565           23|12|mult
566           16|5|div
567           15|7|mult
568           11|16|div
569           4|5|div
570           5|sqrt
571           17|12|mult
572           20|cos
573           22|7|abd
574           20|14|div
575           8|20|div
576           14|cb
577           14|7|mult
578           15|5|mult
579           14|7|abd
580           0|12|div
581           20|18|mult
582           20|22|div
583           8|7|mult
584           17|15|div
585           9|12|div
586           0|5|div
587           24|7|mult
588           22|5|div
589           20|exp
590           19|11|mult
591           24|0|div
592           19|16|mult
593           22|5|mult
594           14|8|div
595           12|24|div
596           18|6|sub
597           23|16|div
598           16|20|div
599           19
600           17|5|mult
601           18|1|sub
602           19|20|div
603           20|19|mult
604           9|5|div
605           24|16|mult
606           19|13|mult
607           14|12|div
608           18|16|mult
609           7|0|div
610           7|sq
611           13|18|div
612           15|8|div
613           13|9|mult
614           5|24|div
615           18|7|mult
616           16|sqrt
617           17|20|div
618           16|cbrt
619           19|9|mult
620           19|2|mult
621           15|13|mult
622           1|0|div
623           24|cb
624           20|16|sub
625           23|18|add
626           14|sp
627           7|0|mult
628           15|12|div
629           8|sp
630           9|exp
631           9|cb
632           21|18|mult
633           9|sp
634           19|16|div
635           18|17|mult
636           14|5|div
637           16|17|div
638           9|sin
639           18|sq
640           15|16|div
641           22|sp
642           15|20|div
643           8|16|div
644           6|0|div
645           17|16|div
646           5|13|div
647           13|6|div
648           8|15|div
649           19|12|mult
650           11|12|div
651           23|6|add
652           7|cb
653           19|7|mult
654           9|sq
655           18|0|div
656           16|4|sub
657           12|1|div
658           18|8|mult
659           16|3|sub
660           23|1|add
661           14|20|div
662           15|5|div
663           16|9|sub
664           9
665           23|11|div
666           21|17|sub
667           21|17|abd
668           23
669           5|1|div
670           19|21|div
671           11|17|div
672           10|24|div
673           4|24|div
674           21|20|div
675           9|17|div
676           2|24|div
677           19|17|div
678           3|cos
679           20|16|div
680           24|sp
681           13|4|mult
682           18|11|div
683           11|22|div
684           23|1|sub
685           16|inv
686           23|20|mult
687           10|12|div
688           19|1|div
689           3|24|div
690           19|8|div
691           0|24|div
692           19|13|div
693           8|12|div
694           24|21|mult
695           18|13|div
696           11|5|div
697           3|15|div
698           11|13|div
699           20|9|mult
700           24|2|div
701           18|2|div
702           18|cb
703           23|6|sub
704           16|24|div
705           11|24|div
706           21|24|div
707           19|0|mult
708           9|22|div
709           9|3|sub
710           10|8|div
711           9|15|div
712           14|21|div
713           19|24|div
714           0|13|div
715           17|21|div
716           9|14|div
717           22|14|abd
718           22|14|sub
719           10|15|div
720           18|6|mult
721           6|1|abd
722           6|1|sub
723           11|15|div
724           23|7|mult
725           12|2|div
726           17|24|div
727           8|24|div
728           0|18|div
729           20|13|mult
730           21|16|div
731           10|1|div
732           23|16|mult
733           4|3|sub
734           18|3|mult
735           0|6|div
736           16|21|div
737           22|20|div
738           24|15|mult
739           24|10|mult
740           9|21|div
741           2|inv
742           8|5|div
743           20|24|div
744           9|2|div
745           9|3|abd
746           21|17|div
747           23|2|div
748           3|2|div
749           22|18|mult
750           13|2|div
751           24|1|div
752           20|2|div
753           19|22|div
754           23|18|mult
755           10|5|div
756           7|1|div
757           22|24|div
758           9|4|abd
759           24|17|mult
760           10|6|mult
761           24|13|div
762           23|0|div
763           24|inv
764           14|24|div
765           21|2|div
766           19|5|mult
767           16|14|div
768           9|16|div
769           24|22|mult
770           17|2|div
771           6|sp
772           13|24|div
773           9|1|mult
774           4|2|div
775           15|0|mult
776           19|14|div
777           22|6|mult
778           0|2|div
779           18|sp
780           17|14|div
781           6|18|div
782           22|2|div
783           15|24|div
784           5|2|div
785           23|6|mult
786           18|9|mult
787           23|22|mult
788           18|6|div
789           13|2|sub
790           23|18|abd
791           3|8|div
792           23|11|mult
793           18|23|div
794           14|16|div
795           14|17|div
796           22|21|div
797           3|0|mult
798           18|10|mult
799           11|14|div
#-----------------------------------------------------------------------
