# c0 + a0 * ((min:vdw_radius * mp_bandgap) / cbrt(min:period))
# Property Label: $bandgap$; Unit of the Property: eV
# RMSE: 0.459266407647728; Max AE: 4.3642906704621
# Coefficients
# Task   a0                      c0
# all ,  8.093537408095468e-03,  1.382088622388552e-01, 
# Feature Rung, Units, and Expressions
# 0;  2; eV * pm;                                          20|0|mult|10|cbrt|div; ((min:vdw_radius * mp_bandgap) / cbrt(min:period)); $\left(\frac{ \left(min:vdw_{radius} mp_{bandgap}\right) }{ \left(\sqrt[3]{ min:period }\right) } \right)$; ((min:vdw_radius .* mp_bandgap) ./ nthroot(min:period, 3)); min:vdw_radius,mp_bandgap,min:period
# Number of Samples Per Task
# Task, n_mats_train            
# all , 1014                  

# Sample ID , Property Value        ,  Property Value (EST) ,  Feature 0 Value      
4239        ,  4.587000000000003e-01,  5.699837427427433e-01,  5.334810463370568e+01
3034        ,  1.700700000000000e+00,  2.057526804314568e+00,  2.371420363308554e+02
3402        ,  0.000000000000000e+00,  1.382088622388552e-01,  0.000000000000000e+00
5237        ,  1.472900000000000e+00,  1.333982021456385e+00,  1.477441937837306e+02
5388        ,  1.719900000000000e+00,  1.662067105181553e+00,  1.882808673273662e+02
3975        ,  1.985400000000000e+00,  1.841971840509399e+00,  2.105090632640277e+02
4837        ,  2.507100000000000e+00,  2.526676499667093e+00,  2.951080000000000e+02
5529        ,  0.000000000000000e+00,  1.382088622388552e-01,  0.000000000000000e+00
4451        ,  1.030000000000000e-01,  1.382088622388552e-01,  0.000000000000000e+00
4189        ,  1.018400000000000e+00,  1.095593010438906e+00,  1.182899515905663e+02
3912        ,  4.126200000000000e+00,  3.989129149935111e+00,  4.758018766731610e+02
4305        ,  7.780300000000000e+00,  6.538237355157336e+00,  7.907578812840137e+02
4944        ,  2.979200000000000e+00,  3.137102629221233e+00,  3.705294256109533e+02
4056        ,  2.421900000000000e+00,  2.366947783976355e+00,  2.753726596121281e+02
3594        ,  6.517999999999999e-01,  8.294170972215968e-01,  8.540248844607409e+01
5230        ,  2.302000000000000e-01,  1.001239189039854e+00,  1.066320303823841e+02
5512        ,  0.000000000000000e+00,  1.382088622388552e-01,  0.000000000000000e+00
4489        ,  1.591999999999998e-01,  1.382088622388552e-01,  0.000000000000000e+00
3914        ,  1.235300000000000e+00,  2.091264617727193e+00,  2.413105243122514e+02
4426        ,  3.982600000000000e+00,  3.919021876257637e+00,  4.671397466127810e+02
5849        ,  0.000000000000000e+00,  1.382088622388552e-01,  0.000000000000000e+00
3327        ,  1.875800000000000e+00,  1.351153962414907e+00,  1.498658792832436e+02
4149        ,  0.000000000000000e+00,  1.490849617467340e+00,  1.671260274741575e+02
5832        ,  3.573500000000000e+00,  3.431095525116913e+00,  4.068538263113957e+02
4713        ,  3.813500000000000e+00,  4.844811297018980e+00,  5.815260000000000e+02
3772        ,  6.627000000000001e-01,  3.323220378249540e-01,  2.398372501397711e+01
3683        ,  2.536900000000000e+00,  2.322470299794707e+00,  2.698772276472176e+02
4119        ,  3.041100000000000e+00,  2.516883319403297e+00,  2.938980000000000e+02
5350        ,  5.800999999999998e-01,  6.178471552778358e-01,  5.926188622532687e+01
5125        ,  9.231000000000000e-01,  1.156912464296084e+00,  1.258662993314001e+02
3088        ,  1.459500000000000e+00,  9.943978896473279e-01,  1.057867511123232e+02
5236        ,  1.808000000000001e-01,  1.382088622388552e-01,  0.000000000000000e+00
3447        ,  1.737800000000000e+00,  1.671884853778590e+00,  1.894939028768426e+02
5393        ,  0.000000000000000e+00,  1.382088622388552e-01,  0.000000000000000e+00
3023        ,  2.116900000000000e+00,  1.992341201878912e+00,  2.290880051762635e+02
3172        ,  0.000000000000000e+00,  1.382088622388552e-01,  0.000000000000000e+00
4765        ,  2.740200000000000e+00,  2.822952043177146e+00,  3.317144340684590e+02
4685        ,  7.060000000000000e-01,  6.040738719653982e-01,  5.756012312497213e+01
5367        ,  0.000000000000000e+00,  1.382088622388552e-01,  0.000000000000000e+00
4091        ,  5.020000000000000e-01,  6.415231556160269e-01,  6.218718318071123e+01
4848        ,  7.781000000000002e-01,  7.292098302279777e-01,  7.302134260823709e+01
5773        ,  3.998000000000000e+00,  3.812765728182523e+00,  4.540112290416097e+02
5108        ,  2.033300000000000e+00,  1.877619040616700e+00,  2.149134662228186e+02
5284        ,  5.591300000000000e+00,  5.432567982421903e+00,  6.541464940765487e+02
4269        ,  0.000000000000000e+00,  1.382088622388552e-01,  0.000000000000000e+00
4641        ,  4.323000000000001e-01,  4.171075648734794e-01,  3.445943208412911e+01
5628        ,  0.000000000000000e+00,  1.382088622388552e-01,  0.000000000000000e+00
4071        ,  2.744300000000000e+00,  2.607781838033618e+00,  3.051290000000000e+02
3318        ,  6.493000000000000e-01,  5.807059268561340e-01,  5.467288804703319e+01
3602        ,  1.873300000000000e+00,  1.200460993627773e+00,  1.312469539371515e+02
3203        ,  2.789999999999981e-02,  1.382088622388552e-01,  0.000000000000000e+00
5333        ,  4.202400000000000e+00,  3.516677995425330e+00,  4.174280000000000e+02
3128        ,  0.000000000000000e+00,  1.382088622388552e-01,  0.000000000000000e+00
5676        ,  4.641999999999999e-01,  1.382088622388552e-01,  0.000000000000000e+00
3581        ,  3.809500000000000e+00,  3.484360500554805e+00,  4.134349999999999e+02
5122        ,  0.000000000000000e+00,  1.382088622388552e-01,  0.000000000000000e+00
3339        ,  0.000000000000000e+00,  1.820478173917872e-01,  5.416538275227172e+00
4743        ,  0.000000000000000e+00,  1.382088622388552e-01,  0.000000000000000e+00
5373        ,  3.522100000000000e+00,  3.176451101442605e+00,  3.753911406111230e+02
4704        ,  7.975000000000003e-01,  9.131974415302571e-01,  9.575399979201039e+01
5658        ,  1.245900000000000e+00,  1.445619278795716e+00,  1.615375762950250e+02
5591        ,  4.297800000000001e+00,  4.230794194993257e+00,  5.056608904606829e+02
4560        ,  4.276800000000000e+00,  3.787888076050328e+00,  4.509374615555520e+02
3973        ,  2.406300000000000e+00,  2.057956923203790e+00,  2.371951798288754e+02
3283        ,  0.000000000000000e+00,  1.382088622388552e-01,  0.000000000000000e+00
4284        ,  2.943400000000000e+00,  2.823103016143432e+00,  3.317330875889994e+02
5814        ,  0.000000000000000e+00,  1.382088622388552e-01,  0.000000000000000e+00
3835        ,  1.736000000000000e+00,  1.834376928686638e+00,  2.095706711321567e+02
3446        ,  1.277400000000000e+00,  1.194905790102681e+00,  1.305605787164062e+02
4672        ,  6.372000000000000e-01,  6.334513303337717e-01,  6.118986583042858e+01
4958        ,  3.220400000000000e+00,  3.229178020364382e+00,  3.819058345284005e+02
5893        ,  4.026400000000000e+00,  3.795874374494566e+00,  4.519242116058144e+02
4716        ,  3.336500000000000e+00,  3.292157395743172e+00,  3.896872744851486e+02
5360        ,  2.079200000000000e+00,  1.263979448017894e+00,  1.390950000000000e+02
4850        ,  2.079800000000000e+00,  2.205676697864676e+00,  2.554467510779477e+02
4956        ,  3.796700000000000e+00,  4.055302909934084e+00,  4.839780000000000e+02
4791        ,  3.607100000000000e+00,  4.058151835101734e+00,  4.843300000000000e+02
3642        ,  5.232000000000000e-01,  6.990609590193392e-01,  6.929628770474305e+01
4395        ,  9.707000000000000e-01,  5.146658812184544e-01,  4.651328584742839e+01
4360        ,  1.576000000000000e-01,  3.361766356533991e-01,  2.445998127055407e+01
4195        ,  5.205000000000000e+00,  5.910576396454400e+00,  7.132070000000000e+02
5391        ,  2.591300000000000e+00,  2.479967559462905e+00,  2.893368596630852e+02
3452        ,  0.000000000000000e+00,  1.382088622388552e-01,  0.000000000000000e+00
5582        ,  0.000000000000000e+00,  6.169045217008386e-01,  5.914541878600246e+01
4262        ,  2.272100000000000e+00,  1.600063588889059e+00,  1.806200000000000e+02
4001        ,  2.571800000000000e+00,  2.333216675001387e+00,  2.712050000000000e+02
4065        ,  0.000000000000000e+00,  1.382088622388552e-01,  0.000000000000000e+00
5625        ,  8.441999999999998e-01,  1.620811708365277e+00,  1.831835415554471e+02
3791        ,  2.952400000000000e+00,  2.436269996929584e+00,  2.839377912051311e+02
4450        ,  5.732999999999999e-01,  3.686159053352555e-01,  2.846802720228836e+01
4869        ,  2.777500000000000e+00,  4.089133896299922e+00,  4.881579999999999e+02
3136        ,  1.730999999999998e-01,  5.029442552451032e-01,  4.506501602641950e+01
4745        ,  0.000000000000000e+00,  1.382088622388552e-01,  0.000000000000000e+00
3197        ,  1.631300000000000e+00,  1.715199110735568e+00,  1.948456118729180e+02
5724        ,  0.000000000000000e+00,  1.382088622388552e-01,  0.000000000000000e+00
5875        ,  4.952999999999994e-01,  3.551703693577243e-01,  2.680675904479737e+01
3846        ,  4.541999999999993e-01,  6.598430547122109e-01,  6.445070507138165e+01
3699        ,  1.530600000000000e+00,  1.587515635490599e+00,  1.790696329891663e+02
3361        ,  0.000000000000000e+00,  1.382088622388552e-01,  0.000000000000000e+00
3183        ,  1.126200000000000e+00,  1.190545808744027e+00,  1.300218796113284e+02
4240        ,  1.907300000000000e+00,  1.849039238794634e+00,  2.113822782661806e+02
5318        ,  2.948200000000000e+00,  2.879555059469125e+00,  3.387080406261259e+02
3279        ,  0.000000000000000e+00,  1.382088622388552e-01,  0.000000000000000e+00
3456        ,  1.118800000000000e+00,  9.876868238716087e-01,  1.049575629048274e+02
5161        ,  4.347900000000000e+00,  4.271338292066211e+00,  5.106703313304316e+02
4762        ,  2.902400000000000e+00,  3.559993184915270e+00,  4.227798242155296e+02
4605        ,  8.457000000000000e-01,  7.020939673745300e-01,  6.967103217088429e+01
5732        ,  5.205000000000001e-01,  4.481377048603631e-01,  3.829337247660153e+01
3342        ,  0.000000000000000e+00,  1.382088622388552e-01,  0.000000000000000e+00
4447        ,  2.571900000000000e+00,  2.669100970484169e+00,  3.127053080293195e+02
4256        ,  2.726200000000000e+00,  2.819020662710831e+00,  3.312286909047365e+02
4889        ,  0.000000000000000e+00,  1.382088622388552e-01,  0.000000000000000e+00
4038        ,  0.000000000000000e+00,  3.689189395874649e-01,  2.850546871110332e+01
3302        ,  1.491900000000000e+00,  1.357192718346930e+00,  1.506120000000000e+02
4651        ,  3.520400000000000e+00,  3.453645526091083e+00,  4.096400000000000e+02
4953        ,  2.663900000000000e+00,  2.564082227354724e+00,  2.997296784826641e+02
3969        ,  2.773000000000000e+00,  1.893136480352012e+00,  2.168307292133858e+02
5229        ,  4.162100000000001e+00,  4.622242746766229e+00,  5.540264606724706e+02
3068        ,  4.846000000000000e+00,  4.909484328990326e+00,  5.895167003217972e+02
3250        ,  1.199900000000000e+00,  1.382088622388552e-01,  0.000000000000000e+00
5085        ,  0.000000000000000e+00,  1.382088622388552e-01,  0.000000000000000e+00
4930        ,  7.380000000000009e-02,  7.289439068037259e-01,  7.298848634145988e+01
4252        ,  1.628000000000003e-01,  1.382088622388552e-01,  0.000000000000000e+00
4987        ,  2.826900000000000e+00,  2.716162058206019e+00,  3.185199580826791e+02
4859        ,  0.000000000000000e+00,  1.382088622388552e-01,  0.000000000000000e+00
4901        ,  1.536700000000000e+00,  1.638430433509235e+00,  1.853604296398013e+02
3503        ,  7.069999999999999e-01,  4.054562272183084e-01,  3.301984676220092e+01
5304        ,  1.210000000000022e-02,  1.382088622388552e-01,  0.000000000000000e+00
3778        ,  4.467100000000000e+00,  4.030374814717150e+00,  4.808980000000000e+02
4272        ,  2.407300000000000e+00,  2.504280527632391e+00,  2.923408574138299e+02
5162        ,  0.000000000000000e+00,  1.382088622388552e-01,  0.000000000000000e+00
5855        ,  0.000000000000000e+00,  1.382088622388552e-01,  0.000000000000000e+00
3622        ,  0.000000000000000e+00,  1.382088622388552e-01,  0.000000000000000e+00
3842        ,  2.475500000000000e+00,  2.557593301208855e+00,  2.989279368190772e+02
3813        ,  0.000000000000000e+00,  1.382088622388552e-01,  0.000000000000000e+00
3939        ,  0.000000000000000e+00,  1.382088622388552e-01,  0.000000000000000e+00
4835        ,  4.617200000000000e+00,  4.538953743358311e+00,  5.437356571327713e+02
4892        ,  0.000000000000000e+00,  1.382088622388552e-01,  0.000000000000000e+00
4192        ,  2.623400000000000e+00,  2.574053761375176e+00,  3.009617150468588e+02
4412        ,  0.000000000000000e+00,  1.382088622388552e-01,  0.000000000000000e+00
4464        ,  2.394400000000000e+00,  2.024270280559322e+00,  2.330330142706148e+02
5833        ,  5.220599999999999e+00,  5.640325163021834e+00,  6.798160091630082e+02
5256        ,  1.496700000000000e+00,  1.526913828696247e+00,  1.715819543959055e+02
4401        ,  0.000000000000000e+00,  1.382088622388552e-01,  0.000000000000000e+00
3081        ,  9.398000000000002e-01,  1.383780650236098e+00,  1.538970817323182e+02
4753        ,  7.596999999999996e-01,  1.406238855372047e+00,  1.566719135522694e+02
3512        ,  2.296399999999999e+00,  2.270644059798810e+00,  2.634738174468695e+02
4475        ,  4.044100000000000e+00,  3.960416845040528e+00,  4.722543172505204e+02
3178        ,  0.000000000000000e+00,  1.382088622388552e-01,  0.000000000000000e+00
4688        ,  2.151000000000000e+00,  2.280762036775351e+00,  2.647239478245237e+02
5751        ,  5.041900000000000e+00,  4.842229458585798e+00,  5.812070000000000e+02
3488        ,  3.973200000000000e+00,  3.191390395137108e+00,  3.772369705543516e+02
4840        ,  3.246200000000000e+00,  3.352793352503215e+00,  3.971791724900176e+02
5501        ,  0.000000000000000e+00,  1.382088622388552e-01,  0.000000000000000e+00
3468        ,  3.429900000000000e+00,  3.305729695243407e+00,  3.913642049564477e+02
5755        ,  1.744400000000000e+00,  1.624424478735843e+00,  1.836299187312605e+02
4118        ,  3.832100000000000e+00,  3.819488253871965e+00,  4.548418331829729e+02
3201        ,  0.000000000000000e+00,  5.644770436798059e-01,  5.266772239967418e+01
3689        ,  1.522999999999999e-01,  7.264251939210288e-01,  7.267728584213583e+01
4310        ,  1.386300000000000e+00,  1.359329412222667e+00,  1.508760000000000e+02
5787        ,  2.082800000000000e+00,  1.499088807474557e+00,  1.681440236347702e+02
5017        ,  3.460900000000000e+00,  3.591919694057721e+00,  4.267245158296706e+02
3275        ,  0.000000000000000e+00,  1.383098736562585e-01,  1.248050293833776e-02
5898        ,  3.282200000000000e+00,  3.124762918240814e+00,  3.690047880688970e+02
4102        ,  1.217700000000000e+00,  1.178746552842267e+00,  1.285640181958788e+02
3341        ,  1.408900000000000e+00,  1.758431997384081e+00,  2.001872671305153e+02
4858        ,  3.400500000000000e+00,  3.361118428119052e+00,  3.982077802786848e+02
4937        ,  0.000000000000000e+00,  1.382088622388552e-01,  0.000000000000000e+00
4798        ,  1.230200000000000e+00,  1.192161386019716e+00,  1.302214928575801e+02
4839        ,  2.247100000000000e+00,  1.970859864540410e+00,  2.264338706173726e+02
3619        ,  0.000000000000000e+00,  1.382088622388552e-01,  0.000000000000000e+00
4244        ,  6.532000000000000e-01,  1.382088622388552e-01,  0.000000000000000e+00
3797        ,  5.508700000000000e+00,  5.179827090952277e+00,  6.229190000000001e+02
4624        ,  1.861999999999995e-01,  1.734577839624879e-01,  4.355193526179951e+00
5806        ,  3.925800000000000e+00,  3.047367792526698e+00,  3.594422047617880e+02
4535        ,  1.017200000000000e+00,  8.418543958686326e-01,  8.693918346827729e+01
3001        ,  0.000000000000000e+00,  1.382088622388552e-01,  0.000000000000000e+00
3237        ,  9.591000000000000e-01,  9.234716211303128e-01,  9.702342984243298e+01
4868        ,  0.000000000000000e+00,  1.437532667052018e-01,  6.850409390584686e-01
3462        ,  9.331000000000000e-01,  7.721565178605160e-01,  7.832763644084253e+01
5163        ,  8.546999999999993e-01,  1.036812260085369e+00,  1.110272742976014e+02
3481        ,  8.867999999999998e-01,  1.382088622388552e-01,  0.000000000000000e+00
4049        ,  4.949900000000000e+00,  5.886538590352357e+00,  7.102370000000001e+02
4354        ,  2.761100000000000e+00,  2.709427299215085e+00,  3.176878424512374e+02
3961        ,  1.207400000000000e+00,  1.414786154800554e+00,  1.577279782860850e+02
3907        ,  1.832000000000000e+00,  1.151329500695338e+00,  1.251764942042673e+02
3529        ,  3.656900000000000e+00,  3.707569632226262e+00,  4.410136866010151e+02
5749        ,  1.189500000000000e+00,  1.033852310182102e+00,  1.106615565954375e+02
5459        ,  6.888000000000001e-01,  6.988162257837729e-01,  6.926604959954550e+01
3217        ,  3.489100000000000e+00,  3.071444409068591e+00,  3.624170000000000e+02
4680        ,  2.538000000000000e+00,  2.615007057368123e+00,  3.060217146401126e+02
3692        ,  1.994200000000000e+00,  2.043082171625929e+00,  2.353573244106768e+02
5730        ,  0.000000000000000e+00,  1.382088622388552e-01,  0.000000000000000e+00
3979        ,  1.458900000000000e+00,  1.645515246304554e+00,  1.862357962981715e+02
3922        ,  1.836800000000000e+00,  1.850369090559904e+00,  2.115465885915941e+02
5636        ,  2.208800000000000e+00,  1.470051777225973e+00,  1.645563426512315e+02
3253        ,  0.000000000000000e+00,  1.382088622388552e-01,  0.000000000000000e+00
3824        ,  2.338300000000000e+00,  2.309534984545300e+00,  2.682790000000001e+02
5357        ,  3.189999999999982e-02,  1.382088622388552e-01,  0.000000000000000e+00
5584        ,  3.728300000000000e+00,  3.919711877736261e+00,  4.672250000000001e+02
5423        ,  0.000000000000000e+00,  1.382088622388552e-01,  0.000000000000000e+00
4604        ,  2.293100000000000e+00,  2.545108916119181e+00,  2.973854240140846e+02
4755        ,  2.301300000000000e+00,  2.350103111007416e+00,  2.732914098297908e+02
5285        ,  3.423700000000000e+00,  2.927119839883332e+00,  3.445849246158917e+02
4303        ,  0.000000000000000e+00,  1.382088622388552e-01,  0.000000000000000e+00
3150        ,  0.000000000000000e+00,  1.382088622388552e-01,  0.000000000000000e+00
5107        ,  2.169700000000000e+00,  4.116109656481106e+00,  4.914910000000000e+02
3886        ,  1.935600000000000e+00,  1.975253774450558e+00,  2.269767617771457e+02
3251        ,  0.000000000000000e+00,  1.382088622388552e-01,  0.000000000000000e+00
3965        ,  4.246200000000000e+00,  3.575515763726501e+00,  4.246977221665176e+02
3695        ,  1.607300000000000e+00,  9.841514242625008e-01,  1.045207453019864e+02
3633        ,  4.639500000000000e+00,  4.207786552107019e+00,  5.028181726568182e+02
4879        ,  4.412000000000000e+00,  4.590989870363698e+00,  5.501650000000000e+02
5403        ,  1.062500000000000e+00,  5.708625247247729e-01,  5.345668286566031e+01
3959        ,  2.491400000000000e+00,  2.044579908588450e+00,  2.355423778535661e+02
3665        ,  1.944300000000001e+00,  2.007671065343207e+00,  2.309820921114719e+02
3685        ,  3.286000000000000e+00,  2.911059364939136e+00,  3.426005667097762e+02
3506        ,  1.599000000000000e+00,  1.077867218802457e+00,  1.160998348662377e+02
4046        ,  0.000000000000000e+00,  6.702625311365682e-01,  6.573808732452788e+01
5179        ,  7.950000000000035e-02,  1.382088622388552e-01,  0.000000000000000e+00
5281        ,  1.805600000000000e+00,  2.175132993216992e+00,  2.516729123832463e+02
4250        ,  2.172900000000000e+00,  2.554615206714199e+00,  2.985599772552309e+02
4232        ,  0.000000000000000e+00,  5.947158848704552e-01,  5.640389357748369e+01
3579        ,  1.574400000000000e+00,  1.384162575789704e+00,  1.539442706849786e+02
3199        ,  2.250400000000000e+00,  1.712067756796072e+00,  1.944587162818302e+02
3286        ,  0.000000000000000e+00,  1.382088622388552e-01,  0.000000000000000e+00
3472        ,  7.224000000000004e-01,  8.152756906302309e-01,  8.365524173819809e+01
5768        ,  1.701800000000000e+00,  1.979950035749011e+00,  2.275570100742322e+02
5291        ,  4.676600000000000e+00,  4.749016188256763e+00,  5.696900000000001e+02
3486        ,  7.329999999999992e-02,  1.382088622388552e-01,  0.000000000000000e+00
5647        ,  3.195000000000000e+00,  2.994434400630562e+00,  3.529020000000000e+02
4386        ,  1.767900000000000e+00,  1.601380862318177e+00,  1.807827562044504e+02
4931        ,  7.595999999999998e-01,  9.759970094982315e-01,  1.035132235777879e+02
5559        ,  3.416700000000000e+00,  2.870732614138744e+00,  3.376179801389085e+02
4492        ,  1.135700000000000e+00,  1.066257685940308e+00,  1.146654147509324e+02
4690        ,  1.719900000000000e+00,  1.767373014479329e+00,  2.012919777958795e+02
3825        ,  1.613500000000001e+00,  1.594007856833530e+00,  1.798717817920417e+02
4563        ,  0.000000000000000e+00,  1.382088622388552e-01,  0.000000000000000e+00
4514        ,  3.202900000000000e+00,  3.187191770111856e+00,  3.767182078905684e+02
5780        ,  9.264000000000001e-01,  1.016301113723733e+00,  1.084930120427412e+02
4399        ,  4.730000000000034e-02,  1.382088622388552e-01,  0.000000000000000e+00
3479        ,  2.809000000000000e+00,  2.611296644555110e+00,  3.055632732163043e+02
3466        ,  8.565000000000000e-01,  1.101400166226587e+00,  1.190074568660559e+02
5826        ,  4.010000000000025e-02,  1.661288455296427e-01,  3.449663834612145e+00
5715        ,  3.863600000000000e+00,  4.255885047518913e+00,  5.087610000000000e+02
5763        ,  3.147600000000001e+00,  4.279615416217125e+00,  5.116930144581621e+02
4439        ,  0.000000000000000e+00,  1.382088622388552e-01,  0.000000000000000e+00
3440        ,  2.282500000000000e+00,  2.588057743252549e+00,  3.026919821935042e+02
3534        ,  0.000000000000000e+00,  5.827601102297618e-01,  5.492669343150860e+01
3574        ,  2.645500000000000e+00,  2.453018245347330e+00,  2.860071272164768e+02
3733        ,  0.000000000000000e+00,  1.382088622388552e-01,  0.000000000000000e+00
3089        ,  0.000000000000000e+00,  1.382088622388552e-01,  0.000000000000000e+00
5697        ,  1.888100000000000e+00,  1.422540975791820e+00,  1.586861280542580e+02
5590        ,  2.527500000000000e+00,  1.779383034900400e+00,  2.027758802992594e+02
4965        ,  2.943700000000000e+00,  2.762154218136862e+00,  3.242025363685148e+02
4770        ,  2.630999999999999e-01,  8.048280996449972e-01,  8.236438578011189e+01
3864        ,  2.564400000000000e+00,  2.401234763379021e+00,  2.796090000000000e+02
5202        ,  3.249999999999975e-02,  1.894721565709128e-01,  6.333855241193064e+00
4337        ,  0.000000000000000e+00,  1.382088622388552e-01,  0.000000000000000e+00
3700        ,  6.755000000000000e-01,  7.931416398260035e-01,  8.092046092627672e+01
5607        ,  9.406000000000001e-01,  5.803067057656170e-01,  5.462356213792976e+01
5492        ,  0.000000000000000e+00,  1.382088622388552e-01,  0.000000000000000e+00
4377        ,  4.062600000000000e+00,  4.524574302392867e+00,  5.419589999999999e+02
4948        ,  0.000000000000000e+00,  1.382088622388552e-01,  0.000000000000000e+00
5633        ,  4.619200000000000e+00,  4.423930946154878e+00,  5.295239729947103e+02
4041        ,  2.202900000000001e+00,  2.241837556252060e+00,  2.599146192750125e+02
4910        ,  0.000000000000000e+00,  1.382088622388552e-01,  0.000000000000000e+00
3649        ,  1.546300000000000e+00,  1.099889277906606e+00,  1.188207785023445e+02
3741        ,  4.134000000000000e+00,  3.802816916951138e+00,  4.527820000000000e+02
5199        ,  0.000000000000000e+00,  1.410181958387865e-01,  3.471082492460259e-01
3958        ,  3.969900000000000e+00,  3.803590767968208e+00,  4.528776134478721e+02
3537        ,  2.426400000000000e+00,  2.630629848159761e+00,  3.079519943193060e+02
3156        ,  1.755100000000000e+00,  9.947856818168798e-01,  1.058346649168809e+02
5109        ,  0.000000000000000e+00,  1.382088622388552e-01,  0.000000000000000e+00
3204        ,  3.863100000000000e+00,  3.560475683854831e+00,  4.228394395499911e+02
4783        ,  0.000000000000000e+00,  1.382088622388552e-01,  0.000000000000000e+00
3007        ,  1.782999999999997e-01,  1.893591910068457e+00,  2.168870000000000e+02
3276        ,  1.351600000000000e+00,  7.914273610090954e-01,  8.070865257469075e+01
5602        ,  1.740300000000000e+00,  1.514479088539692e+00,  1.700455754889375e+02
3430        ,  0.000000000000000e+00,  1.382088622388552e-01,  0.000000000000000e+00
5228        ,  8.589000000000000e-01,  1.017317157158057e+00,  1.086185496640670e+02
4312        ,  5.035999999999996e-01,  4.646275473416363e-01,  4.033078104714566e+01
4346        ,  2.214600000000000e+00,  1.219891839674873e+00,  1.336477392881482e+02
5274        ,  2.598400000000000e+00,  4.871876086111652e+00,  5.848700000000000e+02
4358        ,  3.600000000000003e-02,  1.382088622388552e-01,  0.000000000000000e+00
3788        ,  7.426000000000001e-01,  6.947817721297648e-01,  6.876757119009592e+01
3544        ,  0.000000000000000e+00,  1.382088622388552e-01,  0.000000000000000e+00
3583        ,  1.527200000000000e+00,  1.601871667803079e+00,  1.808433978571856e+02
3222        ,  0.000000000000000e+00,  1.382088622388552e-01,  0.000000000000000e+00
3620        ,  9.683000000000000e-01,  1.283779347007060e+00,  1.415413838233899e+02
3484        ,  1.768600000000000e+00,  2.100808536490971e+00,  2.424897267156692e+02
5246        ,  1.909999999999989e-02,  1.382088622388552e-01,  0.000000000000000e+00
4920        ,  3.948700000000000e+00,  3.697764101671067e+00,  4.398021606562054e+02
3226        ,  0.000000000000000e+00,  1.382088622388552e-01,  0.000000000000000e+00
4565        ,  1.903700000000000e+00,  2.079402295091587e+00,  2.398448706632375e+02
4215        ,  2.252700000000000e+00,  1.930454441221507e+00,  2.214415636344596e+02
4801        ,  3.595800000000000e+00,  3.305056272815858e+00,  3.912810000000000e+02
3224        ,  0.000000000000000e+00,  1.382088622388552e-01,  0.000000000000000e+00
5473        ,  0.000000000000000e+00,  1.382088622388552e-01,  0.000000000000000e+00
5120        ,  8.623000000000001e-01,  2.053991404705461e+00,  2.367052187280145e+02
3365        ,  8.793000000000000e-01,  1.201779808985308e+00,  1.314099006551361e+02
4647        ,  3.913400000000000e+00,  3.521752643380206e+00,  4.180550000000000e+02
3663        ,  0.000000000000000e+00,  1.382088622388552e-01,  0.000000000000000e+00
3532        ,  2.109100000000000e+00,  2.096376917796870e+00,  2.419421764331848e+02
3492        ,  0.000000000000000e+00,  1.382088622388552e-01,  0.000000000000000e+00
4570        ,  0.000000000000000e+00,  1.382088622388552e-01,  0.000000000000000e+00
4007        ,  2.537700000000000e+00,  2.223363220710255e+00,  2.576320159323348e+02
5635        ,  2.510199999999999e+00,  2.383301541439646e+00,  2.773932541480766e+02
4531        ,  8.411000000000000e-01,  9.109338073890125e-01,  9.547431564067993e+01
5843        ,  9.450000000000003e-02,  9.901419624890443e-01,  1.052609084623557e+02
3809        ,  4.851000000000000e+00,  4.468410636262363e+00,  5.350196775136016e+02
4679        ,  0.000000000000000e+00,  9.857956656680068e-01,  1.047239001553712e+02
2989        ,  0.000000000000000e+00,  1.382088622388552e-01,  0.000000000000000e+00
3754        ,  7.879000000000000e-01,  8.901378533873004e-01,  9.290486387279026e+01
3524        ,  1.959900000000000e+00,  1.698091169034035e+00,  1.927318338252104e+02
4587        ,  0.000000000000000e+00,  1.382088622388552e-01,  0.000000000000000e+00
4161        ,  5.473999999999997e-01,  6.497105823261465e-01,  6.319878370805669e+01
3051        ,  3.296900000000000e+00,  3.563809060629131e+00,  4.232512961469553e+02
3218        ,  0.000000000000000e+00,  1.382088622388552e-01,  0.000000000000000e+00
5134        ,  2.371200000000000e+00,  2.229026482372223e+00,  2.583317423160424e+02
4246        ,  3.542900000000000e+00,  3.480997879437094e+00,  4.130195301073980e+02
4881        ,  3.677999999999999e-01,  1.382088622388552e-01,  0.000000000000000e+00
4741        ,  0.000000000000000e+00,  1.382088622388552e-01,  0.000000000000000e+00
4233        ,  3.497600000000000e+00,  3.419873710464810e+00,  4.054673108625540e+02
5535        ,  1.533700000000000e+00,  1.432973210511393e+00,  1.599750866632759e+02
3613        ,  5.574700000000000e+00,  5.501512941008093e+00,  6.626650138670705e+02
3719        ,  0.000000000000000e+00,  1.382088622388552e-01,  0.000000000000000e+00
3520        ,  8.754999999999997e-01,  9.681247570875352e-01,  1.025405645272691e+02
4251        ,  0.000000000000000e+00,  1.382088622388552e-01,  0.000000000000000e+00
4237        ,  0.000000000000000e+00,  1.382088622388552e-01,  0.000000000000000e+00
3686        ,  1.206600000000000e+00,  1.095614717494082e+00,  1.182926336137759e+02
5157        ,  4.291200000000000e+00,  4.449074517469660e+00,  5.326305962234646e+02
5253        ,  4.834600000000000e+00,  4.832271640471309e+00,  5.799766581096260e+02
5551        ,  0.000000000000000e+00,  1.382088622388552e-01,  0.000000000000000e+00
3368        ,  0.000000000000000e+00,  1.382088622388552e-01,  0.000000000000000e+00
4533        ,  1.544200000000000e+00,  1.450132718966634e+00,  1.620952360602599e+02
5696        ,  0.000000000000000e+00,  1.382088622388552e-01,  0.000000000000000e+00
4042        ,  1.349900000000000e+00,  1.578126617319603e+00,  1.779095693856293e+02
3097        ,  9.430000000000005e-02,  1.382088622388552e-01,  0.000000000000000e+00
5025        ,  2.353300000000000e+00,  2.230600324372204e+00,  2.585261989449086e+02
4693        ,  4.030700000000000e+00,  3.677553238486044e+00,  4.373050000000000e+02
3343        ,  0.000000000000000e+00,  1.382088622388552e-01,  0.000000000000000e+00
4703        ,  0.000000000000000e+00,  1.382088622388552e-01,  0.000000000000000e+00
4225        ,  6.553999999999998e-01,  3.590198206819638e-01,  2.728237942314876e+01
5016        ,  3.666500000000000e+00,  2.984892986383204e+00,  3.517231070430324e+02
3988        ,  1.247000000000000e+00,  1.296739673034415e+00,  1.431427016865026e+02
3134        ,  0.000000000000000e+00,  1.382088622388552e-01,  0.000000000000000e+00
5800        ,  5.573999999999995e-01,  6.875706792762682e-01,  6.787660195255539e+01
4939        ,  0.000000000000000e+00,  1.382088622388552e-01,  0.000000000000000e+00
4466        ,  0.000000000000000e+00,  1.382088622388552e-01,  0.000000000000000e+00
3987        ,  6.479999999999997e-02,  1.382088622388552e-01,  0.000000000000000e+00
5532        ,  0.000000000000000e+00,  1.182824047058104e+00,  1.290678144978220e+02
4730        ,  1.903900000000000e+00,  2.074496722438284e+00,  2.392387608244917e+02
5654        ,  5.839999999999979e-02,  1.382088622388552e-01,  0.000000000000000e+00
3449        ,  5.802000000000000e-01,  6.909196891746724e-01,  6.829039010593495e+01
5471        ,  2.481200000000000e+00,  2.048973818498599e+00,  2.360852690133393e+02
3593        ,  0.000000000000000e+00,  1.382088622388552e-01,  0.000000000000000e+00
2988        ,  1.057200000000000e+00,  1.138524928781446e+00,  1.235944205980980e+02
2993        ,  0.000000000000000e+00,  1.382088622388552e-01,  0.000000000000000e+00
3510        ,  2.562800000000000e+00,  1.337098744143584e+00,  1.481292816050437e+02
5846        ,  0.000000000000000e+00,  1.382088622388552e-01,  0.000000000000000e+00
4243        ,  2.519600000000000e+00,  2.292786997290595e+00,  2.662096962567502e+02
3029        ,  0.000000000000000e+00,  1.382088622388552e-01,  0.000000000000000e+00
5735        ,  0.000000000000000e+00,  1.382088622388552e-01,  0.000000000000000e+00
4374        ,  4.502000000000002e-01,  1.382088622388552e-01,  0.000000000000000e+00
4023        ,  0.000000000000000e+00,  2.337846178398817e+00,  2.717770000000000e+02
4167        ,  1.737100000000000e+00,  1.644245894552734e+00,  1.860789610742371e+02
4577        ,  1.650400000000000e+00,  7.408466096876456e-01,  7.445912918694968e+01
4336        ,  0.000000000000000e+00,  1.382088622388552e-01,  0.000000000000000e+00
3421        ,  8.106000000000000e-01,  1.382088622388552e-01,  0.000000000000000e+00
3025        ,  0.000000000000000e+00,  1.382088622388552e-01,  0.000000000000000e+00
3551        ,  1.471900000000000e+00,  1.311626421273844e+00,  1.449820393566467e+02
3960        ,  2.898200000000000e+00,  2.406052230529969e+00,  2.802042239309018e+02
3082        ,  3.936999999999999e-01,  1.382088622388552e-01,  0.000000000000000e+00
4655        ,  5.565700000000001e+00,  5.335933726439634e+00,  6.422068129322307e+02
3194        ,  0.000000000000000e+00,  1.382088622388552e-01,  0.000000000000000e+00
3110        ,  0.000000000000000e+00,  1.382088622388552e-01,  0.000000000000000e+00
4220        ,  1.188700000000000e+00,  1.223503888400349e+00,  1.340940273008363e+02
5311        ,  0.000000000000000e+00,  1.382088622388552e-01,  0.000000000000000e+00
3063        ,  4.020500000000000e+00,  4.050253318907393e+00,  4.833540959180049e+02
5337        ,  8.550000000000000e-01,  1.009230314505519e+00,  1.076193768370594e+02
3836        ,  2.259999999999995e-02,  2.139682778687823e-01,  9.360482544276568e+00
4382        ,  1.551700000000000e+00,  1.595011620101932e+00,  1.799958021329371e+02
4238        ,  5.243000000000000e+00,  4.916301512944687e+00,  5.903589999999999e+02
3861        ,  4.192900000000000e+00,  4.652804831252372e+00,  5.578025702948928e+02
4024        ,  4.102000000000000e+00,  4.196228770366758e+00,  5.013901466704676e+02
5374        ,  2.020000000000000e+00,  1.918914085158214e+00,  2.200156906840548e+02
5165        ,  7.931000000000000e-01,  5.818450798915807e-01,  5.481363652053840e+01
3090        ,  0.000000000000000e+00,  1.382088622388552e-01,  0.000000000000000e+00
3143        ,  0.000000000000000e+00,  5.915481035438289e-01,  5.601249718714171e+01
4069        ,  2.483500000000000e+00,  2.469617460563445e+00,  2.880580493756197e+02
3460        ,  0.000000000000000e+00,  1.382088622388552e-01,  0.000000000000000e+00
3588        ,  0.000000000000000e+00,  1.382088622388552e-01,  0.000000000000000e+00
3830        ,  6.069000000000000e-01,  6.198151904778785e-01,  5.950504754043664e+01
4264        ,  0.000000000000000e+00,  1.382088622388552e-01,  0.000000000000000e+00
3291        ,  2.689400000000000e+00,  2.253589965493924e+00,  2.613666925341178e+02
5103        ,  3.941999999999997e-01,  1.420169174943172e-01,  4.705056718034029e-01
4465        ,  9.755000000000003e-01,  8.420155874021354e-01,  8.695909954765953e+01
3330        ,  0.000000000000000e+00,  1.382088622388552e-01,  0.000000000000000e+00
4278        ,  7.349000000000001e-01,  1.382088622388552e-01,  0.000000000000000e+00
5136        ,  1.867100000000000e+00,  1.544489815324381e+00,  1.737535619071716e+02
4657        ,  7.240000000000002e-01,  5.447852062059773e-01,  5.023469015667348e+01
4739        ,  2.321700000000000e+00,  1.961876759835218e+00,  2.253239598018365e+02
3292        ,  0.000000000000000e+00,  1.382088622388552e-01,  0.000000000000000e+00
3219        ,  0.000000000000000e+00,  1.382088622388552e-01,  0.000000000000000e+00
4584        ,  0.000000000000000e+00,  1.382088622388552e-01,  0.000000000000000e+00
3126        ,  0.000000000000000e+00,  1.382088622388552e-01,  0.000000000000000e+00
5240        ,  1.568900000000000e+00,  1.137588896458779e+00,  1.234787687791873e+02
3168        ,  1.440000000000019e-02,  1.382088622388552e-01,  0.000000000000000e+00
3883        ,  6.357800000000000e+00,  6.153981440465463e+00,  7.432809999999999e+02
4390        ,  2.926900000000000e+00,  3.609007121486074e+00,  4.288357592287882e+02
3774        ,  7.475999999999998e-01,  8.282992248276828e-01,  8.526436931008345e+01
3268        ,  0.000000000000000e+00,  1.382088622388552e-01,  0.000000000000000e+00
3407        ,  2.927999999999997e-01,  1.382088622388552e-01,  0.000000000000000e+00
3723        ,  6.068800000000000e+00,  5.646223965465627e+00,  6.805448378749004e+02
3548        ,  0.000000000000000e+00,  1.382088622388552e-01,  0.000000000000000e+00
3151        ,  1.532600000000000e+00,  1.247023772060028e+00,  1.370000352024188e+02
5399        ,  1.045000000000000e+00,  6.305963126006718e-01,  6.083711306125696e+01
3161        ,  0.000000000000000e+00,  1.382088622388552e-01,  0.000000000000000e+00
3704        ,  2.006600000000000e+00,  2.361147692164538e+00,  2.746560271287823e+02
5516        ,  0.000000000000000e+00,  1.382088622388552e-01,  0.000000000000000e+00
4393        ,  0.000000000000000e+00,  1.382088622388552e-01,  0.000000000000000e+00
5554        ,  1.662000000000000e+00,  1.174181959124730e+00,  1.280000381353220e+02
3498        ,  3.940200000000000e+00,  3.726568622193149e+00,  4.433611138147181e+02
5336        ,  4.309000000000003e-01,  5.996670452468549e-01,  5.701563602417299e+01
5265        ,  0.000000000000000e+00,  1.382088622388552e-01,  0.000000000000000e+00
3630        ,  3.936000000000000e+00,  3.748509280942817e+00,  4.460720000000000e+02
5299        ,  3.388300000000000e+00,  2.679451069383629e+00,  3.139841183167851e+02
4838        ,  3.014200000000000e+00,  2.947967786114903e+00,  3.471608003029205e+02
3502        ,  0.000000000000000e+00,  1.382088622388552e-01,  0.000000000000000e+00
3188        ,  8.198000000000000e-01,  6.849607556244013e-01,  6.755413187300076e+01
5297        ,  1.494600000000000e+00,  1.627158467124380e+00,  1.839677176751194e+02
4176        ,  4.014700000000000e+00,  3.821245901629371e+00,  4.550590000000000e+02
3410        ,  2.838900000000000e+00,  2.621060888799883e+00,  3.067696980158000e+02
4925        ,  4.453400000000000e+00,  4.990462596215066e+00,  5.995219999999999e+02
3109        ,  0.000000000000000e+00,  1.382088622388552e-01,  0.000000000000000e+00
3146        ,  0.000000000000000e+00,  1.382088622388552e-01,  0.000000000000000e+00
4330        ,  2.371100000000000e+00,  2.323708817091017e+00,  2.700302531086272e+02
3038        ,  0.000000000000000e+00,  1.382088622388552e-01,  0.000000000000000e+00
4974        ,  1.457600000000000e+00,  1.300562955183121e+00,  1.436150887227178e+02
3726        ,  5.565000000000002e-01,  1.382088622388552e-01,  0.000000000000000e+00
3722        ,  0.000000000000000e+00,  1.382088622388552e-01,  0.000000000000000e+00
4407        ,  3.911400000000000e+00,  3.272293633387887e+00,  3.872329999999999e+02
5091        ,  3.107900000000000e+00,  3.375300083980719e+00,  3.999600000000000e+02
4902        ,  1.785500000000000e+00,  1.290285470055341e+00,  1.423452502565978e+02
4733        ,  4.222000000000001e-01,  5.110726931458934e-01,  4.606932816966848e+01
3133        ,  0.000000000000000e+00,  1.382088622388552e-01,  0.000000000000000e+00
5543        ,  4.231000000000000e-01,  7.511279548859424e-01,  7.572944458550619e+01
3130        ,  0.000000000000000e+00,  1.382088622388552e-01,  0.000000000000000e+00
3738        ,  1.802400000000000e+00,  1.719744624518705e+00,  1.954072345051419e+02
4181        ,  1.362600000000000e+00,  1.365396572268740e+00,  1.516256301975455e+02
5279        ,  2.576100000000000e+00,  2.658848514027157e+00,  3.114385619898489e+02
5335        ,  4.263500000000000e+00,  4.637284904338005e+00,  5.558850000000000e+02
4104        ,  3.053999999999999e+00,  3.079247190204870e+00,  3.633810755015816e+02
5601        ,  8.203000000000000e-01,  1.217978826187078e+00,  1.334113762009915e+02
5918        ,  0.000000000000000e+00,  1.382088622388552e-01,  0.000000000000000e+00
3657        ,  7.258000000000000e-01,  7.343360959279827e-01,  7.365472025777727e+01
5456        ,  0.000000000000000e+00,  1.382088622388552e-01,  0.000000000000000e+00
4630        ,  2.287500000000000e+00,  1.683302871531828e+00,  1.909046602722204e+02
3167        ,  0.000000000000000e+00,  1.382088622388552e-01,  0.000000000000000e+00
4037        ,  1.423100000000000e+00,  1.221063548984246e+00,  1.337925102640877e+02
5777        ,  6.503000000000001e-01,  8.033690458380642e-01,  8.218411184878074e+01
4496        ,  1.123700000000000e+00,  5.061255853819240e-01,  4.545808644500293e+01
3093        ,  0.000000000000000e+00,  1.382088622388552e-01,  0.000000000000000e+00
3461        ,  1.653900000000000e+00,  1.673082534299305e+00,  1.896418827353797e+02
3395        ,  2.411100000000000e+00,  2.392089361259942e+00,  2.784790364676228e+02
3363        ,  3.151200000000000e+00,  2.729639284801765e+00,  3.201851417861937e+02
3191        ,  0.000000000000000e+00,  1.382088622388552e-01,  0.000000000000000e+00
5053        ,  0.000000000000000e+00,  1.382088622388552e-01,  0.000000000000000e+00
3411        ,  0.000000000000000e+00,  1.382088622388552e-01,  0.000000000000000e+00
5766        ,  2.967000000000000e+00,  2.670956176890676e+00,  3.129345287412237e+02
3728        ,  0.000000000000000e+00,  1.382088622388552e-01,  0.000000000000000e+00
4241        ,  2.871100000000000e+00,  2.532589127328357e+00,  2.958385368917367e+02
3419        ,  4.336800000000000e+00,  3.942436790910400e+00,  4.700327850299930e+02
3998        ,  5.336600000000000e+00,  4.901207522314799e+00,  5.884940564198553e+02
3631        ,  3.243400000000000e+00,  3.452974498454592e+00,  4.095570909328449e+02
5095        ,  9.836999999999998e-01,  6.791250024322896e-01,  6.683309323465771e+01
3928        ,  1.122600000000000e+00,  1.225296049489960e+00,  1.343154584253553e+02
4307        ,  0.000000000000000e+00,  1.382088622388552e-01,  0.000000000000000e+00
3745        ,  2.101100000000000e+00,  1.180084133523734e+00,  1.287292834703840e+02
4270        ,  7.806999999999999e-01,  9.612370096308208e-01,  1.016895463495036e+02
5623        ,  3.708000000000000e+00,  4.239093802601314e+00,  5.066863515402542e+02
3230        ,  0.000000000000000e+00,  1.382088622388552e-01,  0.000000000000000e+00
3801        ,  0.000000000000000e+00,  1.382088622388552e-01,  0.000000000000000e+00
4963        ,  4.657000000000000e+00,  4.846858961983229e+00,  5.817790000000000e+02
4299        ,  3.159100000000000e+00,  2.582980336245266e+00,  3.020646412977663e+02
4285        ,  0.000000000000000e+00,  1.382088622388552e-01,  0.000000000000000e+00
3873        ,  3.645000000000000e+00,  3.436017801616251e+00,  4.074620000000000e+02
3285        ,  0.000000000000000e+00,  1.382088622388552e-01,  0.000000000000000e+00
5770        ,  1.462100000000000e+00,  1.046301504692445e+00,  1.121997214154197e+02
4228        ,  0.000000000000000e+00,  1.382088622388552e-01,  0.000000000000000e+00
5070        ,  2.822200000000000e+00,  2.539431806913576e+00,  2.966839866920149e+02
4947        ,  8.538999999999999e-01,  1.057269636547149e+00,  1.135548929926504e+02
5131        ,  2.770000000000028e-02,  1.737507112898311e-01,  4.391386270164827e+00
4434        ,  1.092800000000000e+00,  6.321749123525634e-01,  6.103215753591554e+01
5901        ,  2.864800000000001e+00,  4.156976508502768e+00,  4.965403189764943e+02
2996        ,  0.000000000000000e+00,  1.382088622388552e-01,  0.000000000000000e+00
5415        ,  1.726200000000000e+00,  1.711138033858820e+00,  1.943438440213621e+02
4165        ,  0.000000000000000e+00,  1.382088622388552e-01,  0.000000000000000e+00
4710        ,  0.000000000000000e+00,  1.382088622388552e-01,  0.000000000000000e+00
4802        ,  0.000000000000000e+00,  1.382088622388552e-01,  0.000000000000000e+00
5102        ,  3.760100000000000e+00,  3.754897778192788e+00,  4.468613331343080e+02
5019        ,  1.267900000000000e+00,  1.388954679505300e+00,  1.545363608272695e+02
3426        ,  3.814500000000001e+00,  3.857018925303324e+00,  4.594789491359824e+02
3607        ,  1.498500000000000e+00,  1.378007039178423e+00,  1.531837210883185e+02
5248        ,  3.171000000000000e+00,  3.003038123655426e+00,  3.539650361720770e+02
3227        ,  0.000000000000000e+00,  2.833622690470652e-01,  1.793448272235351e+01
3841        ,  1.915000000000000e+00,  1.680471240700843e+00,  1.905547970803666e+02
5075        ,  0.000000000000000e+00,  1.382088622388552e-01,  0.000000000000000e+00
4794        ,  8.492000000000002e-01,  1.931464555395538e+00,  2.215663686638428e+02
5039        ,  8.927999999999998e-01,  1.382088622388552e-01,  0.000000000000000e+00
3717        ,  1.106800000000000e+00,  1.333183127362749e+00,  1.476454861292956e+02
4893        ,  2.208000000000006e-01,  2.745177118958945e-01,  1.684169020096180e+01
4738        ,  4.309900000000000e+00,  3.874594564943916e+00,  4.616505137750749e+02
5429        ,  3.010400000000000e+00,  2.831187424947411e+00,  3.327319597009504e+02
5431        ,  0.000000000000000e+00,  1.382088622388552e-01,  0.000000000000000e+00
3345        ,  1.220300000000000e+00,  1.382088622388552e-01,  0.000000000000000e+00
3120        ,  0.000000000000000e+00,  1.382088622388552e-01,  0.000000000000000e+00
3238        ,  0.000000000000000e+00,  1.382088622388552e-01,  0.000000000000000e+00
4172        ,  2.572000000000000e+00,  1.898201039669498e+00,  2.174564827080716e+02
5121        ,  2.568900000000000e+00,  2.734859301165780e+00,  3.208301028336084e+02
4808        ,  8.830000000000001e-01,  6.653948433018307e-01,  6.513665835851499e+01
4444        ,  9.563000000000001e-01,  3.231405119722660e-01,  2.284929820036848e+01
3211        ,  1.219999999999999e-02,  1.382088622388552e-01,  0.000000000000000e+00
4993        ,  7.869999999999999e-01,  7.302511236410388e-01,  7.315000000000001e+01
3662        ,  2.304500000000000e+00,  2.438176594095273e+00,  2.841733615212431e+02
4731        ,  1.348900000000000e+00,  1.299958642482017e+00,  1.435404226440141e+02
3814        ,  2.086700000000000e+00,  1.957189922597727e+00,  2.247448758980785e+02
5174        ,  1.404900000000000e+00,  1.365476721364447e+00,  1.516355330486311e+02
3810        ,  2.148500000000000e+00,  2.253994011163537e+00,  2.614166145458711e+02
3573        ,  2.447999999999999e-01,  6.431649378367971e-01,  6.239003418861884e+01
3627        ,  2.072800000000000e+00,  1.708751770383696e+00,  1.940490083574486e+02
2981        ,  2.159200000000000e+00,  1.503407591858201e+00,  1.686776326324039e+02
3590        ,  1.610000000000000e+00,  1.609137122462345e+00,  1.817410837876910e+02
3765        ,  2.134000000000000e+00,  2.043592840458356e+00,  2.354204202866428e+02
3086        ,  1.589400000000000e+00,  1.472492838287166e+00,  1.648579488511054e+02
4089        ,  4.025900000000000e+00,  4.113261601588224e+00,  4.911391075271200e+02
5467        ,  0.000000000000000e+00,  1.237516117836454e+00,  1.358253134776432e+02
4547        ,  3.463000000000000e+00,  2.365182444520693e+00,  2.751545424444857e+02
3277        ,  1.579500000000000e+00,  1.689643222132591e+00,  1.916880446295252e+02
3729        ,  9.948000000000000e-01,  6.733435748486424e-01,  6.611876681690811e+01
3200        ,  0.000000000000000e+00,  1.264807363200832e+00,  1.391972933658290e+02
4602        ,  3.186700000000000e+00,  3.143838525665061e+00,  3.713616817808069e+02
3857        ,  2.970300000000000e+00,  2.921906655744678e+00,  3.439408077266018e+02
4247        ,  1.700000000000035e-03,  8.759011161518580e-01,  9.114583855201984e+01
3141        ,  3.993400000000000e+00,  3.911601050631608e+00,  4.662228637651641e+02
5779        ,  0.000000000000000e+00,  1.382088622388552e-01,  0.000000000000000e+00
3289        ,  0.000000000000000e+00,  1.382088622388552e-01,  0.000000000000000e+00
4669        ,  0.000000000000000e+00,  1.382088622388552e-01,  0.000000000000000e+00
3672        ,  0.000000000000000e+00,  1.382088622388552e-01,  0.000000000000000e+00
3103        ,  0.000000000000000e+00,  1.382088622388552e-01,  0.000000000000000e+00
4441        ,  4.190000000000000e+00,  4.227181424622690e+00,  5.052145132848693e+02
3209        ,  2.847000000000008e-01,  1.382088622388552e-01,  0.000000000000000e+00
3495        ,  1.237600000000000e+00,  4.452980867830730e-01,  3.794252241758409e+01
4701        ,  2.185200000000000e+00,  2.043694654838996e+00,  2.354330000000000e+02
3533        ,  0.000000000000000e+00,  1.382088622388552e-01,  0.000000000000000e+00
5819        ,  0.000000000000000e+00,  1.382088622388552e-01,  0.000000000000000e+00
4502        ,  7.188000000000000e+00,  6.564205748157003e+00,  7.939664156603043e+02
3595        ,  1.518500000000000e+00,  1.657489844889922e+00,  1.877153222435747e+02
3794        ,  0.000000000000000e+00,  1.525461509557461e-01,  1.771448996152178e+00
5645        ,  2.352200000000000e+00,  2.169171665151762e+00,  2.509363582951330e+02
3558        ,  0.000000000000000e+00,  1.382088622388552e-01,  0.000000000000000e+00
3681        ,  1.421999999999999e-01,  1.382088622388552e-01,  0.000000000000000e+00
3267        ,  2.079300000000000e+00,  8.898348191350908e-01,  9.286742236397527e+01
3032        ,  1.967300000000000e+00,  1.382088622388552e-01,  0.000000000000000e+00
3827        ,  1.014500000000000e+00,  1.046457237600321e+00,  1.122189630522991e+02
4700        ,  7.430000000000003e-02,  1.382088622388552e-01,  0.000000000000000e+00
5556        ,  1.465900000000000e+00,  1.508428739311485e+00,  1.692980223581944e+02
5555        ,  0.000000000000000e+00,  1.382088622388552e-01,  0.000000000000000e+00
3273        ,  3.100000000000014e-02,  1.382088622388552e-01,  0.000000000000000e+00
4814        ,  2.224100000000000e+00,  2.135394433672717e+00,  2.467629999999999e+02
4123        ,  0.000000000000000e+00,  1.382088622388552e-01,  0.000000000000000e+00
3278        ,  1.245800000000000e+00,  9.139035952040778e-01,  9.584124886966516e+01
3829        ,  0.000000000000000e+00,  1.382088622388552e-01,  0.000000000000000e+00
5245        ,  1.697300000000000e+00,  1.907880489161620e+00,  2.186524306606245e+02
4792        ,  3.406700000000000e+00,  2.756588598917340e+00,  3.235148742328022e+02
3789        ,  4.554000000000000e+00,  4.061534933738318e+00,  4.847480000000000e+02
3112        ,  0.000000000000000e+00,  1.382088622388552e-01,  0.000000000000000e+00
5317        ,  4.574800000000001e+00,  4.286767977266376e+00,  5.125767517770379e+02
4326        ,  3.563700000000000e+00,  4.271189210830117e+00,  5.106519115433131e+02
4136        ,  0.000000000000000e+00,  1.382088622388552e-01,  0.000000000000000e+00
4528        ,  4.040300000000000e+00,  3.988836222607767e+00,  4.757656839291761e+02
4287        ,  1.774800000000000e+00,  1.831328814282595e+00,  2.091940602325772e+02
3348        ,  0.000000000000000e+00,  1.382088622388552e-01,  0.000000000000000e+00
3210        ,  7.141999999999999e-01,  7.277355364531204e-01,  7.283918569704736e+01
4950        ,  1.466200000000001e+00,  1.019138978002329e+00,  1.088436454105139e+02
5269        ,  0.000000000000000e+00,  1.382088622388552e-01,  0.000000000000000e+00
3295        ,  0.000000000000000e+00,  1.382088622388552e-01,  0.000000000000000e+00
3054        ,  2.297200000000000e+00,  1.437243916563533e+00,  1.605027553249254e+02
3046        ,  0.000000000000000e+00,  1.382088622388552e-01,  0.000000000000000e+00
4639        ,  4.481400000000000e+00,  4.543359402717058e+00,  5.442800000000001e+02
5526        ,  0.000000000000000e+00,  1.382088622388552e-01,  0.000000000000000e+00
5760        ,  2.773000000000000e+00,  3.024128891224136e+00,  3.565709137389879e+02
3779        ,  3.920900000000000e+00,  3.628730894860518e+00,  4.312727373237699e+02
3755        ,  1.748400000000000e+00,  1.427646782114458e+00,  1.593169778378805e+02
3024        ,  0.000000000000000e+00,  1.382088622388552e-01,  0.000000000000000e+00
4671        ,  1.044100000000000e+00,  8.265526024442701e-01,  8.504856473720710e+01
4846        ,  0.000000000000000e+00,  1.382088622388552e-01,  0.000000000000000e+00
4636        ,  3.054200000000000e+00,  2.398920011680306e+00,  2.793230000000000e+02
5348        ,  7.317000000000000e-01,  4.017508666796002e-01,  3.256202957400804e+01
3597        ,  2.477700000000000e+00,  2.169447454797169e+00,  2.509704335865045e+02
3812        ,  9.600000000000053e-03,  1.382088622388552e-01,  0.000000000000000e+00
4549        ,  4.942399999999999e+00,  4.772875936535828e+00,  5.726380000000000e+02
5480        ,  2.703000000000000e+00,  2.172686793079880e+00,  2.513706712229514e+02
4290        ,  4.068000000000001e-01,  5.178097688395892e-01,  4.690173004217444e+01
4253        ,  0.000000000000000e+00,  1.382088622388552e-01,  0.000000000000000e+00
5507        ,  2.815200000000000e+00,  3.096406551312100e+00,  3.655012066929278e+02
3734        ,  1.765000000000000e+00,  1.903257117085731e+00,  2.180811882183193e+02
3436        ,  6.292000000000000e-01,  2.114988183771728e-01,  9.055367565856939e+00
3114        ,  0.000000000000000e+00,  1.382088622388552e-01,  0.000000000000000e+00
3384        ,  0.000000000000000e+00,  1.382088622388552e-01,  0.000000000000000e+00
3643        ,  1.559600000000000e+00,  1.260546721004354e+00,  1.386708681475783e+02
5734        ,  1.483100000000000e+00,  1.656107431554772e+00,  1.875445176540058e+02
3284        ,  0.000000000000000e+00,  1.382088622388552e-01,  0.000000000000000e+00
3017        ,  0.000000000000000e+00,  1.382088622388552e-01,  0.000000000000000e+00
5474        ,  0.000000000000000e+00,  1.382088622388552e-01,  0.000000000000000e+00
4804        ,  4.575000000000000e-01,  4.659909117118139e-01,  4.049923203482058e+01
3561        ,  0.000000000000000e+00,  1.382088622388552e-01,  0.000000000000000e+00
4742        ,  2.144300000000000e+00,  1.647628084238325e+00,  1.864968487684619e+02
4617        ,  2.861800000000000e+00,  2.849153634357794e+00,  3.349517813320227e+02
4006        ,  0.000000000000000e+00,  3.662492516953499e-01,  2.817561443879903e+01
3091        ,  0.000000000000000e+00,  1.382088622388552e-01,  0.000000000000000e+00
5334        ,  2.209999999999979e-02,  1.382088622388552e-01,  0.000000000000000e+00
3448        ,  1.538000000000000e+00,  9.747121600115118e-01,  1.033544735255012e+02
5233        ,  6.469999999999976e-02,  1.382088622388552e-01,  0.000000000000000e+00
4598        ,  2.164400000000000e+00,  2.258842116081232e+00,  2.620156239373450e+02
5193        ,  3.476700000000000e+00,  3.258266994984369e+00,  3.854999335179091e+02
5683        ,  0.000000000000000e+00,  1.382088622388552e-01,  0.000000000000000e+00
3457        ,  2.942700000000000e+00,  2.883621416541845e+00,  3.392104608742430e+02
5907        ,  7.605000000000004e-01,  8.349853315458987e-01,  8.609047369202257e+01
4222        ,  2.760500000000000e+00,  2.523995950008466e+00,  2.947768036981277e+02
3600        ,  1.261000000000001e-01,  2.814907519524025e-01,  1.770324673735754e+01
5621        ,  2.851700000000000e+00,  3.262635663198306e+00,  3.860397059305957e+02
3042        ,  0.000000000000000e+00,  1.382088622388552e-01,  0.000000000000000e+00
4291        ,  4.773200000000000e+00,  4.258288828129118e+00,  5.090580000000000e+02
5502        ,  4.470800000000000e+00,  4.572827972419932e+00,  5.479209999999999e+02
4152        ,  0.000000000000000e+00,  1.382088622388552e-01,  0.000000000000000e+00
4856        ,  4.825800000000000e+00,  3.802534442417487e+00,  4.527470987547957e+02
5533        ,  0.000000000000000e+00,  1.382088622388552e-01,  0.000000000000000e+00
3906        ,  1.246300000000000e+00,  1.335372470099248e+00,  1.479159911787080e+02
5195        ,  2.369000000000003e-01,  2.866956458213668e-01,  1.834633931931782e+01
4210        ,  3.155900000000000e+00,  3.014940223482213e+00,  3.554356045066203e+02
4295        ,  1.103200000000000e+00,  9.794454611658182e-01,  1.039392982956409e+02
3736        ,  4.481999999999999e-01,  6.777946605704939e-01,  6.666872235518726e+01
4589        ,  1.158500000000000e+00,  1.327315267907783e+00,  1.469204805898021e+02
3639        ,  3.916900000000000e+00,  3.935559023981311e+00,  4.691830000000000e+02
4178        ,  2.596900000000000e+00,  2.082333202425243e+00,  2.402070000000000e+02
4347        ,  3.522500000000000e+00,  3.954240605910249e+00,  4.714912097464888e+02
5841        ,  3.369700000000000e+00,  3.359725965917006e+00,  3.980357340976598e+02
4279        ,  3.202400000000000e+00,  3.245972520465393e+00,  3.839808851835332e+02
3678        ,  5.503999999999998e-01,  3.490196903590600e-01,  2.604680963225593e+01
3612        ,  2.530999999999999e-01,  4.187557476641577e-01,  3.466307391681277e+01
3667        ,  2.740100000000000e+00,  2.715090560877054e+00,  3.183875688349450e+02
5665        ,  1.656300000000000e+00,  1.432557079326042e+00,  1.599236714211675e+02
5148        ,  0.000000000000000e+00,  1.382088622388552e-01,  0.000000000000000e+00
3800        ,  1.905300000000000e+00,  2.138032903984814e+00,  2.470889971726896e+02
4490        ,  2.250200000000000e+00,  1.759854546410853e+00,  2.003630307002677e+02
3316        ,  0.000000000000000e+00,  1.382088622388552e-01,  0.000000000000000e+00
5123        ,  5.819999999999992e-02,  9.443622114685869e-01,  9.960457443779600e+01
4048        ,  5.700300000000000e+00,  4.834038798728805e+00,  5.801949999999999e+02
4019        ,  1.387000000000000e-01,  1.382088622388552e-01,  0.000000000000000e+00
4708        ,  4.946400000000000e+00,  4.495112286699279e+00,  5.383188097830351e+02
4026        ,  2.560600000000000e+00,  2.454206965715006e+00,  2.861540000000000e+02
5747        ,  9.680999999999997e-01,  1.382088622388552e-01,  0.000000000000000e+00
3140        ,  0.000000000000000e+00,  1.382088622388552e-01,  0.000000000000000e+00
4546        ,  3.642200000000000e+00,  4.883004700047782e+00,  5.862449999999999e+02
5746        ,  1.736800000000000e+00,  2.392177630170936e+00,  2.784899425654812e+02
4331        ,  3.055899999999999e+00,  1.382088622388552e-01,  0.000000000000000e+00
3798        ,  1.146800000000000e+00,  1.285799575355121e+00,  1.417909938821561e+02
5186        ,  0.000000000000000e+00,  1.382088622388552e-01,  0.000000000000000e+00
5181        ,  0.000000000000000e+00,  1.382088622388552e-01,  0.000000000000000e+00
3006        ,  1.215300000000000e+00,  7.985204978027171e-01,  8.158504770774181e+01
3644        ,  5.740000000000003e-01,  6.962964473541958e-01,  6.895471744618365e+01
3465        ,  1.376900000000000e+00,  1.378170238882653e+00,  1.532038852879757e+02
3925        ,  4.481500000000000e+00,  4.448187496335262e+00,  5.325210000000000e+02
3059        ,  0.000000000000000e+00,  1.382088622388552e-01,  0.000000000000000e+00
3271        ,  0.000000000000000e+00,  1.382088622388552e-01,  0.000000000000000e+00
3966        ,  1.750200000000000e+00,  1.001041377271123e+00,  1.066075896763298e+02
4508        ,  4.478999999999997e-01,  1.382088622388552e-01,  0.000000000000000e+00
5065        ,  7.812999999999999e-01,  7.860664678795828e-01,  8.004628544654842e+01
3690        ,  2.423100000000000e+00,  2.319150456751484e+00,  2.694670432153890e+02
4214        ,  7.783000000000002e-01,  9.766878028654967e-01,  1.035985748071001e+02
5275        ,  0.000000000000000e+00,  1.382088622388552e-01,  0.000000000000000e+00
5366        ,  4.962000000000000e-01,  4.068992325310186e-01,  3.319813781590840e+01
3896        ,  5.040999999999999e+00,  4.360315960695569e+00,  5.216640000000000e+02
5671        ,  3.270300000000000e+00,  2.452228754809381e+00,  2.859095814218334e+02
4177        ,  2.914400000000000e+00,  2.907055602729301e+00,  3.421058803930329e+02
4213        ,  0.000000000000000e+00,  1.382088622388552e-01,  0.000000000000000e+00
4686        ,  5.896000000000001e-01,  2.027829447598066e+00,  2.334727684669919e+02
5490        ,  2.288300000000000e+00,  2.460737137376619e+00,  2.869608377684993e+02
4550        ,  0.000000000000000e+00,  1.382088622388552e-01,  0.000000000000000e+00
5822        ,  0.000000000000000e+00,  1.382088622388552e-01,  0.000000000000000e+00
3256        ,  1.546800000000000e+00,  5.663709723721770e-01,  5.290172745789221e+01
4855        ,  1.489400000000000e+00,  1.689845244967397e+00,  1.917130056354018e+02
5656        ,  2.185500000000000e+00,  2.263573260580595e+00,  2.626001822411877e+02
3424        ,  0.000000000000000e+00,  1.382088622388552e-01,  0.000000000000000e+00
5135        ,  1.470899999999999e+00,  1.382088622388552e-01,  0.000000000000000e+00
3550        ,  2.619400000000000e+00,  1.870678718589033e+00,  2.140559521745454e+02
5684        ,  4.439300000000000e+00,  5.283901888482977e+00,  6.357780000000001e+02
3012        ,  0.000000000000000e+00,  1.382088622388552e-01,  0.000000000000000e+00
3826        ,  3.180200000000001e+00,  3.413125278718104e+00,  4.046335058887293e+02
5577        ,  2.700600000000000e+00,  2.973090158741522e+00,  3.502648043199391e+02
5212        ,  0.000000000000000e+00,  1.382088622388552e-01,  0.000000000000000e+00
4913        ,  1.940700000000000e+00,  1.771661687191177e+00,  2.018218663347969e+02
4684        ,  0.000000000000000e+00,  1.382088622388552e-01,  0.000000000000000e+00
3362        ,  0.000000000000000e+00,  1.382088622388552e-01,  0.000000000000000e+00
3287        ,  5.146999999999995e-01,  5.006576086048509e-01,  4.478248855728527e+01
5906        ,  0.000000000000000e+00,  3.424579819236996e+00,  4.060487758678900e+02
3155        ,  0.000000000000000e+00,  1.382088622388552e-01,  0.000000000000000e+00
3834        ,  0.000000000000000e+00,  1.382088622388552e-01,  0.000000000000000e+00
4348        ,  2.519400000000000e+00,  2.026913692734798e+00,  2.333596220370573e+02
3022        ,  0.000000000000000e+00,  1.382088622388552e-01,  0.000000000000000e+00
4289        ,  4.016000000000002e-01,  3.097666336195271e-01,  2.119688372714176e+01
5286        ,  3.213700000000000e+00,  3.139682940400624e+00,  3.708482369105478e+02
5632        ,  2.338000000000005e-01,  1.382088622388552e-01,  0.000000000000000e+00
3698        ,  4.599200000000000e+00,  4.426393205904235e+00,  5.298281984063201e+02
3762        ,  3.050900000000000e+00,  3.183843662151082e+00,  3.763045311764255e+02
3353        ,  1.561700000000000e+00,  1.448076861810140e+00,  1.618412238709249e+02
4694        ,  2.325100000000000e+00,  2.923300300350812e+00,  3.441130000000001e+02
5479        ,  1.344900000000000e+00,  1.068827050773330e+00,  1.149828735706632e+02
4903        ,  1.562900000000000e+00,  1.963162499351162e+00,  2.254828198220123e+02
3144        ,  2.984600000000000e+00,  2.523027876582356e+00,  2.946571930288619e+02
4896        ,  0.000000000000000e+00,  1.382088622388552e-01,  0.000000000000000e+00
4874        ,  2.149500000000000e+00,  1.378560808652444e+00,  1.532521422799555e+02
3245        ,  0.000000000000000e+00,  1.382088622388552e-01,  0.000000000000000e+00
5437        ,  3.014500000000000e+00,  3.053816849992778e+00,  3.602390204359369e+02
5916        ,  9.017999999999997e-01,  1.076943303931388e+00,  1.159856802235293e+02
4408        ,  7.400000000000002e-01,  1.382088622388552e-01,  0.000000000000000e+00
3972        ,  9.501000000000001e-01,  5.935146525725539e-01,  5.625547487780611e+01
4236        ,  1.189800000000000e+00,  1.427353047481994e+00,  1.592806853470137e+02
3784        ,  2.679300000000000e+00,  2.645862069181608e+00,  3.098340170065194e+02
4437        ,  0.000000000000000e+00,  1.382088622388552e-01,  0.000000000000000e+00
3823        ,  1.302100000000000e+00,  1.383174581731680e+00,  1.538221987146883e+02
4080        ,  2.228600000000000e+00,  2.608561437866312e+00,  3.052253237449072e+02
5511        ,  1.303200000000000e+00,  1.389514599859086e+00,  1.546055419931248e+02
4409        ,  2.585300000000000e+00,  2.280288764657285e+00,  2.646654725133955e+02
4300        ,  4.141800000000000e+00,  3.925563919901634e+00,  4.679480512284431e+02
4498        ,  0.000000000000000e+00,  1.382088622388552e-01,  0.000000000000000e+00
3192        ,  1.573799999999999e+00,  1.715502144987777e+00,  1.948830533817329e+02
3601        ,  2.851500000000000e+00,  2.815219201803104e+00,  3.307590000000000e+02
3444        ,  2.131800000000000e+00,  2.231155256134992e+00,  2.585947637435630e+02
4129        ,  2.116100000000000e+00,  2.060886196477222e+00,  2.375571072687242e+02
4735        ,  0.000000000000000e+00,  1.382088622388552e-01,  0.000000000000000e+00
4482        ,  1.776600000000000e+00,  2.797502448416783e+00,  3.285700000000000e+02
4586        ,  1.556100000000000e+00,  1.882142924975784e+00,  2.154724164235750e+02
4861        ,  0.000000000000000e+00,  1.382088622388552e-01,  0.000000000000000e+00
4610        ,  1.037200000000000e+00,  1.002563560956916e+00,  1.067956636431309e+02
4383        ,  5.411300000000000e+00,  4.878375196650352e+00,  5.856730000000000e+02
2990        ,  0.000000000000000e+00,  1.382088622388552e-01,  0.000000000000000e+00
4891        ,  2.943400000000000e+00,  1.382088622388552e-01,  0.000000000000000e+00
3434        ,  0.000000000000000e+00,  1.382088622388552e-01,  0.000000000000000e+00
5178        ,  1.411000000000000e+00,  7.918148552987405e-01,  8.075652957458668e+01
5588        ,  0.000000000000000e+00,  1.382088622388552e-01,  0.000000000000000e+00
3720        ,  2.619999999999978e-02,  1.382088622388552e-01,  0.000000000000000e+00
4512        ,  7.999000000000001e-01,  5.067602421247743e-01,  4.553650169297788e+01
3501        ,  1.934100000000000e+00,  1.948987957432117e+00,  2.237314790665020e+02
3513        ,  2.600500000000000e+00,  2.456631015717896e+00,  2.864535043922903e+02
3239        ,  9.895999999999999e-01,  1.276817383621903e+00,  1.406811958692088e+02
3071        ,  0.000000000000000e+00,  1.382088622388552e-01,  0.000000000000000e+00
4506        ,  1.594500000000000e+00,  1.774795847003378e+00,  2.022091086065217e+02
3758        ,  0.000000000000000e+00,  1.382088622388552e-01,  0.000000000000000e+00
4810        ,  2.130700000000000e+00,  2.357530714001682e+00,  2.742091300576403e+02
4125        ,  1.822700000000000e+00,  1.596813729539171e+00,  1.802184624292170e+02
3651        ,  2.001500000000000e+00,  2.011061552309156e+00,  2.314010049792321e+02
3822        ,  1.651400000000000e+00,  1.150343264617606e+00,  1.250546394418805e+02
3521        ,  0.000000000000000e+00,  1.382088622388552e-01,  0.000000000000000e+00
3018        ,  0.000000000000000e+00,  1.842700685746550e-01,  5.691109339870049e+00
3040        ,  0.000000000000000e+00,  1.382088622388552e-01,  0.000000000000000e+00
4677        ,  0.000000000000000e+00,  1.723824485147638e+00,  1.959113231901281e+02
4495        ,  0.000000000000000e+00,  1.382088622388552e-01,  0.000000000000000e+00
5520        ,  0.000000000000000e+00,  1.382088622388552e-01,  0.000000000000000e+00
3661        ,  4.347600000000000e+00,  3.999481782430449e+00,  4.770810000000000e+02
4706        ,  3.862500000000000e+00,  4.073638597587742e+00,  4.862434726517131e+02
3870        ,  1.333400000000000e+00,  6.024010336353917e-01,  5.735343496803183e+01
4345        ,  1.651000000000000e+00,  1.361594616568298e+00,  1.511558781585127e+02
5042        ,  3.263400000000000e+00,  3.175377034575679e+00,  3.752584338831784e+02
3404        ,  2.820000000000000e-02,  1.382088622388552e-01,  0.000000000000000e+00
4400        ,  2.935200000000000e+00,  2.061856552782762e+00,  2.376770000000000e+02
3787        ,  0.000000000000000e+00,  1.382088622388552e-01,  0.000000000000000e+00
4790        ,  1.588000000000000e+00,  6.342984265577634e-01,  6.129452911686060e+01
4068        ,  6.594600000000000e+00,  5.551433767507572e+00,  6.688330000000001e+02
4203        ,  1.323500000000000e+00,  1.507451402221414e+00,  1.691772671135109e+02
5733        ,  3.228000000000000e-01,  4.553270508321925e-01,  3.918165477015569e+01
3015        ,  0.000000000000000e+00,  1.382088622388552e-01,  0.000000000000000e+00
3202        ,  0.000000000000000e+00,  1.382088622388552e-01,  0.000000000000000e+00
4717        ,  0.000000000000000e+00,  1.382088622388552e-01,  0.000000000000000e+00
5828        ,  3.484800000000000e+00,  2.923153758043382e+00,  3.440948939111491e+02
3304        ,  2.330000000000010e-02,  3.151093093675980e-01,  2.185700000000001e+01
4866        ,  4.522399999999999e+00,  3.923629149841779e+00,  4.677090000000000e+02
5817        ,  3.843800000000000e+00,  3.947209118873303e+00,  4.706224317718651e+02
4031        ,  3.750400000000000e+00,  3.627608019140687e+00,  4.311340000000000e+02
5409        ,  5.116999999999998e-01,  1.382088622388552e-01,  0.000000000000000e+00
5518        ,  0.000000000000000e+00,  1.382088622388552e-01,  0.000000000000000e+00
3828        ,  3.228500000000000e+00,  3.335901209959757e+00,  3.950920575868898e+02
5063        ,  0.000000000000000e+00,  1.382088622388552e-01,  0.000000000000000e+00
3767        ,  0.000000000000000e+00,  1.382088622388552e-01,  0.000000000000000e+00
3014        ,  1.998000000000002e-01,  1.382088622388552e-01,  0.000000000000000e+00
3899        ,  3.063600000000000e+00,  2.464247126228820e+00,  2.873945157358970e+02
4141        ,  3.190800000000000e+00,  3.531771949509916e+00,  4.192929390647763e+02
5266        ,  2.960300000000000e+00,  3.103609839376594e+00,  3.663912116068840e+02
4921        ,  3.986700000000000e+00,  3.564903571955207e+00,  4.233865288975918e+02
4786        ,  1.332600000000000e+00,  1.110559926666470e+00,  1.201391944460566e+02
4422        ,  4.267999999999996e-01,  6.770975021079098e-01,  6.658258468417498e+01
3709        ,  2.167100000000000e+00,  1.775300855464901e+00,  2.022715051132726e+02
3373        ,  0.000000000000000e+00,  1.382088622388552e-01,  0.000000000000000e+00
3043        ,  8.247000000000004e-01,  1.048431710736649e+00,  1.124629198090014e+02
4325        ,  2.300000000000000e-01,  4.594290670462096e+00,  5.505728315737560e+02
3757        ,  1.403600000000000e+00,  1.355463539156470e+00,  1.503983506272634e+02
5375        ,  2.877700000000000e+00,  2.631641586312683e+00,  3.080770000000000e+02
5835        ,  0.000000000000000e+00,  1.382088622388552e-01,  0.000000000000000e+00
4208        ,  9.359000000000002e-01,  6.998481911982321e-01,  6.939355446700024e+01
5614        ,  1.138500000000000e+00,  1.193626022656432e+00,  1.304024565775044e+02
4094        ,  1.604600000000000e+00,  1.337648625266843e+00,  1.481972223700680e+02
5417        ,  2.387700000000000e+00,  2.471960879182191e+00,  2.883475913274987e+02
5313        ,  3.138300000000000e+00,  3.177720453194425e+00,  3.755479758350574e+02
5560        ,  3.030600000000000e+00,  2.543435147053933e+00,  2.971786208598082e+02
4436        ,  1.310000000000011e-02,  1.382088622388552e-01,  0.000000000000000e+00
4778        ,  3.289100000000000e+00,  3.093162098034686e+00,  3.651003370714235e+02
4478        ,  0.000000000000000e+00,  1.382088622388552e-01,  0.000000000000000e+00
5362        ,  1.485500000000000e+00,  1.140215606637521e+00,  1.238033129242622e+02
4697        ,  9.560000000000013e-02,  1.382088622388552e-01,  0.000000000000000e+00
3244        ,  0.000000000000000e+00,  1.382088622388552e-01,  0.000000000000000e+00
5599        ,  1.938499999999999e+00,  2.089646190350579e+00,  2.411105589207287e+02
3817        ,  2.727700000000000e+00,  2.820642041163056e+00,  3.314290209174949e+02
5219        ,  2.218200000000000e+00,  1.977727784566144e+00,  2.272824390095894e+02
5330        ,  5.059900000000001e+00,  4.671062683221119e+00,  5.600584259298447e+02
3165        ,  1.235000000000000e+00,  1.501309421424955e+00,  1.684183924105514e+02
5497        ,  0.000000000000000e+00,  1.213838008243113e+00,  1.328997559124608e+02
5238        ,  2.869999999999995e-02,  1.382088622388552e-01,  0.000000000000000e+00
3079        ,  3.068500000000000e+00,  2.384766178076362e+00,  2.775742178680009e+02
3241        ,  3.769000000000000e-01,  8.008104766891913e-01,  8.186798689378718e+01
3656        ,  2.389100000000000e+00,  2.096623330413093e+00,  2.419726220348789e+02
3337        ,  0.000000000000000e+00,  1.382088622388552e-01,  0.000000000000000e+00
5704        ,  2.854299999999999e+00,  3.004886421005829e+00,  3.541934032330057e+02
5189        ,  6.053000000000002e-01,  5.161935861611391e-01,  4.670204199516134e+01
4912        ,  0.000000000000000e+00,  1.382088622388552e-01,  0.000000000000000e+00
5034        ,  2.416000000000000e-01,  1.382088622388552e-01,  0.000000000000000e+00
3732        ,  0.000000000000000e+00,  1.382088622388552e-01,  0.000000000000000e+00
3415        ,  1.425400000000000e+00,  1.464431158938265e-01,  1.017386247790131e+00
4663        ,  1.831000000000000e+00,  1.376497850892435e+00,  1.529972527729340e+02
4618        ,  9.976000000000003e-01,  1.100454057001542e+00,  1.188905599917549e+02
3569        ,  2.146999999999997e-01,  1.382088622388552e-01,  0.000000000000000e+00
5396        ,  3.100000000000103e-03,  1.382088622388552e-01,  0.000000000000000e+00
3433        ,  0.000000000000000e+00,  1.382088622388552e-01,  0.000000000000000e+00
3240        ,  1.162500000000000e+00,  1.256055448174218e+00,  1.381159472763107e+02
3761        ,  3.577100000000000e+00,  2.977734598602688e+00,  3.508386498002257e+02
5882        ,  0.000000000000000e+00,  1.382088622388552e-01,  0.000000000000000e+00
5695        ,  2.888000000000000e+00,  2.030617039318424e+00,  2.338171903902871e+02
3911        ,  1.346200000000000e+00,  1.571964920858015e+00,  1.771482587063923e+02
4721        ,  2.367300000000000e+00,  3.364457416638764e+00,  3.986203302369234e+02
5548        ,  0.000000000000000e+00,  1.382088622388552e-01,  0.000000000000000e+00
5293        ,  2.833800000000000e+00,  2.815753375272039e+00,  3.308250000000000e+02
3232        ,  9.213999999999998e-01,  9.176662705023422e-01,  9.630614760411727e+01
3655        ,  2.189700000000000e+00,  1.840018991660443e+00,  2.102677783041284e+02
4773        ,  2.457200000000000e+00,  2.053665892925769e+00,  2.366650000000000e+02
5682        ,  3.568200000000000e+00,  3.204275545010253e+00,  3.788290000000000e+02
4144        ,  7.689000000000000e-01,  4.090811369457007e-01,  3.346772382072498e+01
3749        ,  2.032700000000000e+00,  2.051769153522593e+00,  2.364306476633716e+02
5247        ,  0.000000000000000e+00,  1.382088622388552e-01,  0.000000000000000e+00
4033        ,  5.497999999999998e-01,  8.780164832989318e-01,  9.140720352019284e+01
4329        ,  2.076200000000000e+00,  1.684794674097243e+00,  1.910889804884862e+02
4845        ,  0.000000000000000e+00,  1.382088622388552e-01,  0.000000000000000e+00
3319        ,  9.309000000000001e-01,  3.491118068748617e-01,  2.605819112234573e+01
4634        ,  1.984300000000000e+00,  1.767665941806671e+00,  2.013281705398643e+02
3459        ,  2.935700000000000e+00,  2.778265221140738e+00,  3.261931372876830e+02
3485        ,  1.129800000000000e+00,  1.305231334374194e+00,  1.441918920357418e+02
5562        ,  3.304500000000000e+00,  3.105720539991875e+00,  3.666520000000000e+02
3652        ,  1.815100000000000e+00,  1.677297941143521e+00,  1.901627188829954e+02
5376        ,  2.012700000000000e+00,  2.105411150233390e+00,  2.430584043544252e+02
3326        ,  1.114300000000000e+00,  7.907426186626805e-01,  8.062404898149180e+01
4509        ,  2.598600000000000e+00,  1.365183794037104e+00,  1.515993403046462e+02
5728        ,  3.545400000000000e+00,  3.872437525735575e+00,  4.613840000000000e+02
5687        ,  3.023600000000000e+00,  2.945526725053710e+00,  3.468591941030465e+02
5262        ,  2.010999999999994e-01,  2.186019693134675e-01,  9.933000000000000e+00
3624        ,  1.820700000000000e+00,  1.702623189268885e+00,  1.932917892570982e+02
4558        ,  0.000000000000000e+00,  1.382088622388552e-01,  0.000000000000000e+00
3358        ,  0.000000000000000e+00,  1.382088622388552e-01,  0.000000000000000e+00
4098        ,  2.567200000000000e+00,  3.495400085579448e+00,  4.147990000000000e+02
2987        ,  0.000000000000000e+00,  1.382088622388552e-01,  0.000000000000000e+00
3182        ,  0.000000000000000e+00,  1.382088622388552e-01,  0.000000000000000e+00
4229        ,  6.249999999999996e-01,  3.855371689589703e-01,  3.055874017122942e+01
4769        ,  1.221900000000000e+00,  1.332668873030145e+00,  1.475819472455326e+02
5485        ,  6.596000000000002e-01,  6.546775283072068e-01,  6.381247655095282e+01
5538        ,  0.000000000000000e+00,  1.382088622388552e-01,  0.000000000000000e+00
3718        ,  0.000000000000000e+00,  1.382088622388552e-01,  0.000000000000000e+00
5220        ,  2.462000000000000e-01,  9.053905774151638e-01,  9.478941981647529e+01
4156        ,  3.097000000000000e+00,  3.116453032480920e+00,  3.679780570684841e+02
5595        ,  1.449800000000000e+00,  1.405172428326217e+00,  1.565401507652385e+02
4115        ,  3.576900000000000e+00,  2.460634355858252e+00,  2.869481385600835e+02
4242        ,  5.707000000000000e-01,  6.863271828563106e-01,  6.772296129368677e+01
4813        ,  4.401000000000000e+00,  3.977596421189951e+00,  4.743769461188618e+02
4070        ,  7.039999999999997e-01,  1.382088622388552e-01,  0.000000000000000e+00
5496        ,  2.170000000000000e+00,  2.261731104892576e+00,  2.623725740156203e+02
5626        ,  2.421200000000000e+00,  2.464150983750785e+00,  2.873826368165585e+02
4416        ,  8.491000000000000e-01,  1.056340748574916e+00,  1.134401238965931e+02
4109        ,  3.027700000000000e+00,  2.912425937063927e+00,  3.427694140327557e+02
3926        ,  7.533000000000000e-01,  6.767290512739672e-01,  6.653706060547312e+01
4193        ,  4.166600000000000e+00,  3.880004983212145e+00,  4.623190000000001e+02
5320        ,  0.000000000000000e+00,  1.382088622388552e-01,  0.000000000000000e+00
3838        ,  1.593100000000000e+00,  1.037311488543572e+00,  1.110889566539100e+02
5030        ,  2.814400000000000e+00,  2.565047960518874e+00,  2.998490000000000e+02
3875        ,  2.401300000000000e+00,  2.493051646750901e+00,  2.909534688944097e+02
5355        ,  1.801200000000000e+00,  1.234538206042034e+00,  1.354573764873920e+02
4324        ,  0.000000000000000e+00,  1.718633856588345e-01,  4.158197055630678e+00
5629        ,  8.353000000000002e-01,  8.741218446073438e-01,  9.092600000000000e+01
3148        ,  4.490000000000016e-02,  1.382088622388552e-01,  0.000000000000000e+00
4923        ,  2.503000000000000e+00,  3.705152201047651e+00,  4.407150000000001e+02
3941        ,  1.333200000000000e+00,  1.101554750011924e+00,  1.190265565226761e+02
5524        ,  0.000000000000000e+00,  1.382088622388552e-01,  0.000000000000000e+00
4304        ,  3.197500000000000e+00,  3.726275694865806e+00,  4.433249210707333e+02
4579        ,  0.000000000000000e+00,  1.382088622388552e-01,  0.000000000000000e+00
4652        ,  3.696700000000000e+00,  3.514586879639114e+00,  4.171696314176635e+02
4960        ,  0.000000000000000e+00,  1.382088622388552e-01,  0.000000000000000e+00
3638        ,  3.944000000000000e+00,  3.595735668827607e+00,  4.271960000000000e+02
4414        ,  0.000000000000000e+00,  1.382088622388552e-01,  0.000000000000000e+00
4596        ,  1.153000000000000e-01,  7.458457958849831e-01,  7.507680548166071e+01
3645        ,  0.000000000000000e+00,  1.382088622388552e-01,  0.000000000000000e+00
4365        ,  4.376200000000001e+00,  4.771451473952003e+00,  5.724620000000000e+02
5703        ,  3.516900000000001e+00,  3.254076843188555e+00,  3.849822177671148e+02
5482        ,  9.074999999999998e-01,  9.626444099737644e-01,  1.018634382180376e+02
4100        ,  0.000000000000000e+00,  1.382088622388552e-01,  0.000000000000000e+00
4040        ,  3.755400000000000e+00,  4.577457475817362e+00,  5.484929999999999e+02
4275        ,  3.135000000000000e+00,  2.305639826162268e+00,  2.677977322691391e+02
4197        ,  1.164100000000000e+00,  9.659238468683129e-01,  1.022686302532617e+02
4442        ,  8.890999999999998e-01,  6.646198547225399e-01,  6.504090435872305e+01
3659        ,  1.149999999999984e-02,  1.382088622388552e-01,  0.000000000000000e+00
3802        ,  3.640600000000001e+00,  3.676115744365220e+00,  4.371273898836390e+02
5067        ,  2.608600000000000e+00,  3.584428997068497e+00,  4.257990000000000e+02
4723        ,  8.354000000000004e-01,  1.046869431657485e+00,  1.122698918410821e+02
3324        ,  2.361700000000000e+00,  2.305004776952087e+00,  2.677192685297184e+02
3215        ,  2.198300000000000e+00,  1.932463446078746e+00,  2.216897869706771e+02
4918        ,  1.971800000000000e+00,  1.726209355232502e+00,  1.962059866931939e+02
3380        ,  3.602999999999998e-01,  7.300095161002517e-01,  7.312014809117390e+01
3617        ,  2.533399999999999e+00,  2.536119179548038e+00,  2.962746937959043e+02
3474        ,  3.947700000000000e+00,  3.668207166387909e+00,  4.361502426143374e+02
3677        ,  0.000000000000000e+00,  1.382088622388552e-01,  0.000000000000000e+00
3637        ,  3.929200000000000e+00,  3.464863168938703e+00,  4.110260000000000e+02
3997        ,  2.932200000000000e+00,  2.712924982502186e+00,  3.181200000000001e+02
5278        ,  1.021200000000000e+00,  1.382088622388552e-01,  0.000000000000000e+00
5105        ,  1.147400000000000e+00,  1.430308571062445e+00,  1.596458561532293e+02
5258        ,  3.733000000000000e-01,  8.825619970820697e-01,  9.196882615241684e+01
3833        ,  2.096400000000000e+00,  1.957189922597727e+00,  2.247448758980785e+02
3011        ,  0.000000000000000e+00,  1.382088622388552e-01,  0.000000000000000e+00
3790        ,  0.000000000000000e+00,  1.382088622388552e-01,  0.000000000000000e+00
3301        ,  1.573000000000000e+00,  1.382088622388552e-01,  0.000000000000000e+00
4357        ,  2.144500000000000e+00,  1.382088622388552e-01,  0.000000000000000e+00
3352        ,  2.475100000000000e+00,  2.175908993680655e+00,  2.517687914067851e+02
4411        ,  0.000000000000000e+00,  1.382088622388552e-01,  0.000000000000000e+00
5077        ,  1.153900000000000e+00,  1.228125777526189e+00,  1.346650865167011e+02
4616        ,  3.628800000000000e+00,  3.219948882399601e+00,  3.807655249827191e+02
3554        ,  3.720300000000000e+00,  3.537923423384123e+00,  4.200529866884586e+02
4259        ,  0.000000000000000e+00,  1.382088622388552e-01,  0.000000000000000e+00
3487        ,  0.000000000000000e+00,  1.382088622388552e-01,  0.000000000000000e+00
4917        ,  2.182400000000000e+00,  2.043905778716412e+00,  2.354590854885535e+02
5911        ,  1.002100000000000e+00,  1.734343580206155e+00,  1.972110138603652e+02
4870        ,  2.521100000000000e+00,  2.515746358278018e+00,  2.937575223487640e+02
3325        ,  6.866999999999999e-01,  2.133727458543233e+00,  2.465570362729631e+02
3261        ,  0.000000000000000e+00,  1.382088622388552e-01,  0.000000000000000e+00
4281        ,  2.025100000000000e+00,  1.672177007195189e+00,  1.895300000000000e+02
3654        ,  0.000000000000000e+00,  1.382088622388552e-01,  0.000000000000000e+00
4235        ,  2.754999999999999e-01,  3.729593962835876e-01,  2.900468882863577e+01
5206        ,  2.109000000000000e+00,  2.215610589826797e+00,  2.566741367637399e+02
3947        ,  5.163000000000002e-01,  5.163086643140392e-01,  4.671626051879292e+01
4924        ,  3.480100000000000e+00,  3.545078218190338e+00,  4.209370000000000e+02
4935        ,  3.557399999999999e+00,  3.600126155914759e+00,  4.277384682516152e+02
5144        ,  1.861700000000000e+00,  1.125400531480206e+00,  1.219728308482177e+02
3332        ,  0.000000000000000e+00,  1.382088622388552e-01,  0.000000000000000e+00
3816        ,  3.645000000000000e+00,  3.183090787529051e+00,  3.762115094747801e+02
5842        ,  5.800000000000005e-02,  1.382088622388552e-01,  0.000000000000000e+00
4664        ,  1.383200000000000e+00,  1.998755046059076e+00,  2.298804700598814e+02
3944        ,  1.181500000000000e+00,  2.023460703795383e+00,  2.329329867149099e+02
4389        ,  1.188300000000000e+00,  1.297712866305719e+00,  1.432629449401300e+02
3399        ,  0.000000000000000e+00,  1.382088622388552e-01,  0.000000000000000e+00
3008        ,  0.000000000000000e+00,  1.382088622388552e-01,  0.000000000000000e+00
3515        ,  0.000000000000000e+00,  1.382088622388552e-01,  0.000000000000000e+00
4016        ,  1.261500000000000e+00,  2.065601544786861e+00,  2.381397138685186e+02
3628        ,  1.788400000000000e+00,  1.548922612566623e+00,  1.743012578056064e+02
5619        ,  0.000000000000000e+00,  1.382088622388552e-01,  0.000000000000000e+00
3269        ,  0.000000000000000e+00,  1.382088622388552e-01,  0.000000000000000e+00
4525        ,  1.162800000000000e+00,  1.613845376862410e+00,  1.823228138968711e+02
3019        ,  3.700100000000000e+00,  2.630727490602208e+00,  3.079640585673009e+02
4112        ,  5.923999999999998e-01,  1.382088622388552e-01,  0.000000000000000e+00
5264        ,  0.000000000000000e+00,  1.382088622388552e-01,  0.000000000000000e+00
4500        ,  0.000000000000000e+00,  1.382088622388552e-01,  0.000000000000000e+00
5530        ,  0.000000000000000e+00,  1.670981276161329e-01,  3.569423840357063e+00
3940        ,  2.413200000000000e+00,  2.083343958240202e+00,  2.403318843075646e+02
5810        ,  1.667300000000000e+00,  1.803281066711043e+00,  2.057286104351255e+02
4207        ,  1.619500000000000e+00,  2.984681344475252e+00,  3.516969575490249e+02
3303        ,  0.000000000000000e+00,  1.382088622388552e-01,  0.000000000000000e+00
4836        ,  2.266100000000000e+00,  2.322367518276342e+00,  2.698645284388019e+02
4231        ,  3.127200000000000e+00,  3.274777040987475e+00,  3.875398383420460e+02
3819        ,  0.000000000000000e+00,  1.382088622388552e-01,  0.000000000000000e+00
5097        ,  1.196899999999999e+00,  1.293514241280466e+00,  1.427441822763468e+02
3763        ,  0.000000000000000e+00,  1.382088622388552e-01,  0.000000000000000e+00
4562        ,  2.138600000000000e+00,  2.169975930532976e+00,  2.510357296009862e+02
4323        ,  0.000000000000000e+00,  1.382088622388552e-01,  0.000000000000000e+00
3413        ,  1.719700000000000e+00,  1.387720095514818e+00,  1.543838213469124e+02
3021        ,  0.000000000000000e+00,  1.382088622388552e-01,  0.000000000000000e+00
5719        ,  2.343600000000000e+00,  1.963048469144591e+00,  2.254687307777759e+02
3743        ,  0.000000000000000e+00,  1.382088622388552e-01,  0.000000000000000e+00
5328        ,  0.000000000000000e+00,  1.382088622388552e-01,  0.000000000000000e+00
3455        ,  0.000000000000000e+00,  1.382088622388552e-01,  0.000000000000000e+00
4777        ,  1.779300000000000e+00,  1.835907754532235e+00,  2.097598128842001e+02
5702        ,  3.637999999999995e-01,  4.808027887944915e-01,  4.232931897157361e+01
3207        ,  0.000000000000000e+00,  1.382088622388552e-01,  0.000000000000000e+00
4597        ,  2.728600000000000e+00,  1.886252688159447e+00,  2.159801997297412e+02
5191        ,  2.255300000000000e+00,  2.180086947240221e+00,  2.522850000000000e+02
5883        ,  5.354999999999999e-01,  6.133737349168957e-01,  5.870917112247634e+01
3138        ,  0.000000000000000e+00,  1.382088622388552e-01,  0.000000000000000e+00
5478        ,  5.165000000000000e+00,  4.966068674467066e+00,  5.965079999999999e+02
3753        ,  0.000000000000000e+00,  1.382088622388552e-01,  0.000000000000000e+00
3195        ,  8.440000000000003e-02,  1.382088622388552e-01,  0.000000000000000e+00
5603        ,  1.377800000000001e+00,  1.632308019265527e+00,  1.846039724894848e+02
5198        ,  3.256600000000000e+00,  3.209161319662596e+00,  3.794326636894340e+02
