# FEAT_ID     Feature Postfix Expression (RPN)
0             27|8|mult
1             23|15|mult
2             7|inv
3             26|15|div
4             17|1|mult
5             15|sqrt
6             15|cbrt
7             8|26|div
8             27|15|div
9             27|1|mult
10            19|1|div
11            24|cbrt
12            27|cb
13            1|15|div
14            9|7|mult
15            17|8|mult
16            3|cbrt
17            13|1|mult
18            26
19            20|2|div
20            28|6|div
21            19|11|div
22            6|3|div
23            20|1|div
24            25|18|add
25            4|1|div
26            22|18|add
27            20|9|div
28            21|7|div
29            21|8|div
30            19|8|div
31            8|15|div
32            20|4|div
33            27|26|mult
34            27|4|mult
35            16|log
36            24|15|add
37            18|9|div
38            22|20|add
39            20|1|mult
40            18|1|mult
41            10|15|div
42            23|16|div
43            17|13|mult
44            8
45            13|sq
46            17|4|mult
47            21|4|div
48            26|sqrt
49            4|27|div
50            20|5|div
51            25|20|add
52            19|4|div
53            20|8|mult
54            29|sq
55            26|8|add
56            13|8|mult
57            10|24|div
58            23|18|div
59            18|16|mult
60            21|28|div
61            26|cbrt
62            23|13|div
63            28|23|mult
64            18|8|mult
65            23|1|div
66            21
67            9|27|div
68            12|21|div
69            20|4|mult
70            23|11|div
71            25|13|add
72            23|20|div
73            13|4|mult
74            22|13|add
75            19|16|div
76            18|29|div
77            4|15|div
78            1|27|div
79            1
80            8|1|add
81            4|26|div
82            8|4|add
83            20|inv
84            26|1|add
85            24|21|mult
86            27|sq
87            4|1|add
88            26|4|add
89            24|inv
90            18|4|mult
91            4
92            7|3|div
93            12|6|mult
94            17
95            23|14|div
96            27|26|add
97            17|inv
98            1|26|div
99            29|cbrt
100           23|3|div
101           23|8|div
102           19|3|div
103           20|cb
104           8|sqrt
105           24|3|div
106           28|7|div
107           29|sqrt
108           23|4|div
109           10|28|div
110           28|22|div
111           16|10|div
112           27|8|add
113           29
114           18|sq
115           17|15|div
116           8|cbrt
117           26|29|div
118           27|29|div
119           26|inv
120           21|15|mult
121           16|21|div
122           17|sqrt
123           26|10|div
124           14|1|mult
125           27|1|add
126           17|cbrt
127           26|17|mult
128           23|6|div
129           21|3|div
130           3|inv
131           27|4|add
132           19|6|div
133           28|cb
134           16|15|div
135           15|26|div
136           26|9|div
137           1|29|div
138           27
139           24|26|div
140           26|18|mult
141           10|29|div
142           4|sqrt
143           28|25|div
144           24|1|div
145           26|20|mult
146           12|9|sub
147           13|15|div
148           14|cb
149           1|sqrt
150           15|3|div
151           4|cbrt
152           8|29|div
153           29|3|div
154           14|8|mult
155           27|sqrt
156           20|3|div
157           20|sq
158           1|cbrt
159           27|3|div
160           28|24|mult
161           26|3|div
162           14|4|mult
163           27|cbrt
164           8|21|div
165           17|13|add
166           27|17|mult
167           12|9|abd
168           23|7|div
169           24|27|div
170           12|29|div
171           20|8|add
172           1|21|div
173           15|27|div
174           27|10|div
175           22|14|add
176           25|14|add
177           21|sq
178           20|cbrt
179           18|3|div
180           23|10|div
181           17|14|mult
182           18|21|div
183           27|9|div
184           19|7|div
185           12|15|div
186           20|sqrt
187           20|4|add
188           20|1|add
189           26|24|div
190           15|1|div
191           20
192           24|11|div
193           20|10|div
194           12|11|mult
195           27|18|mult
196           17|8|add
197           18|8|add
198           12|inv
199           26|20|add
200           1|24|div
201           16|24|div
202           18|1|add
203           27|12|mult
204           26|21|div
205           26|17|add
206           9|6|mult
207           26|18|add
208           28|1|div
209           4|29|div
210           14|13|mult
211           28|3|div
212           20|12|mult
213           26|13|mult
214           27|24|div
215           27|20|mult
216           17|1|add
217           16|inv
218           29|1|div
219           13
220           4|21|div
221           18|4|add
222           27|inv
223           8|24|div
224           24|4|div
225           29|21|mult
226           17|4|add
227           24|12|div
228           21|11|sub
229           15|11|div
230           18|17|mult
231           18
232           17|29|div
233           12|5|add
234           20|17|mult
235           18|12|mult
236           18|24|div
237           4|24|div
238           27|13|mult
239           24|8|div
240           27|20|add
241           16|nexp
242           27|21|div
243           15|4|div
244           27|18|add
245           27|17|add
246           15|8|div
247           26|12|mult
248           29|11|div
249           28|15|add
250           13|sqrt
251           13|inv
252           28|11|div
253           21|12|div
254           18|sqrt
255           21|cb
256           28|24|add
257           28|15|mult
258           20|15|div
259           11|9|mult
260           13|1|add
261           29|26|div
262           14|15|div
263           18|cbrt
264           10|sqrt
265           28|12|div
266           13|cbrt
267           13|8|add
268           18|13|mult
269           16|28|div
270           16|29|div
271           29|4|div
272           13|29|div
273           26|13|add
274           18|inv
275           21|16|sub
276           13|4|add
277           17|21|div
278           28|4|div
279           17|14|add
280           19|10|div
281           29|8|div
282           21|9|mult
283           20|13|mult
284           5|sqrt
285           1|28|div
286           15|12|div
287           20|18|mult
288           28|sq
289           21|26|div
290           4|5|div
291           28|8|div
292           29|27|div
293           21|17|div
294           20|17|add
295           14|sq
296           29|12|div
297           12|24|div
298           16|12|mult
299           18|17|add
300           27|13|add
301           12|sqrt
302           8|28|div
303           20|18|add
304           1|5|div
305           4|2|div
306           11|5|div
307           8|5|div
308           15|18|div
309           17|24|div
310           14|13|add
311           12|28|div
312           12|9|add
313           8|2|div
314           29|28|mult
315           26|14|mult
316           21|20|div
317           4|28|div
318           11|2|div
319           14|1|add
320           12|2|add
321           13|21|div
322           15|17|div
323           24|17|div
324           14|8|add
325           25|12|mult
326           14|4|add
327           17|12|mult
328           28|17|div
329           10|cbrt
330           26|14|add
331           2|sqrt
332           1|2|div
333           24|18|div
334           5|cbrt
335           21|27|div
336           17|28|div
337           20|13|add
338           13|24|div
339           18|13|add
340           9|inv
341           20|29|div
342           12|1|mult
343           14|12|mult
344           27|14|mult
345           13|28|div
346           12|8|mult
347           28
348           21|18|div
349           14|29|div
350           20|24|div
351           12|4|mult
352           22|12|mult
353           15|20|div
354           26|28|div
355           12|cbrt
356           28|inv
357           18|14|mult
358           24|20|div
359           28|13|div
360           20|14|mult
361           14
362           21|13|div
363           21|sp
364           28|sqrt
365           27|14|add
366           24|13|div
367           28|cbrt
368           28|9|div
369           20|21|div
370           27|28|div
371           9
372           13|12|mult
373           18|28|div
374           21|9|div
375           9|15|div
376           29|18|div
377           21|16|div
378           6|0|mult
379           16|9|mult
380           29|17|div
381           2|cbrt
382           14|sqrt
383           14|inv
384           10|inv
385           15|13|div
386           14|cbrt
387           9|29|div
388           20|14|add
389           0|23|div
390           28|26|div
391           18|14|add
392           9|21|div
393           14|24|div
394           9|2|add
395           28|21|mult
396           28|27|div
397           9|1|mult
398           20|9|mult
399           29|20|div
400           25|9|mult
401           24|9|div
402           22|9|mult
403           15|9|div
404           14|21|div
405           18|9|mult
406           9|5|add
407           24|16|div
408           27|9|mult
409           0|sp
410           9|24|div
411           29|9|div
412           15|16|div
413           29|13|div
414           14|28|div
415           9|8|mult
416           24|14|div
417           9|4|mult
418           15|14|div
419           28|14|div
420           9|28|div
421           26|9|mult
422           21|10|div
423           20|28|div
424           28|16|div
425           17|9|mult
426           28|20|div
427           7|0|mult
428           21|14|div
429           28|18|div
430           14|9|mult
431           29|16|div
432           13|9|mult
433           29|14|div
434           9|sqrt
435           9|cbrt
436           24|10|div
437           15|10|div
438           29|10|div
439           28|10|div
440           0|19|div
441           0|2|div
442           0|5|div
443           12|0|mult
444           15|0|add
445           10|0|mult
446           0|12|div
447           9|0|mult
448           0|3|div
449           0|9|div
450           23|0|mult
451           19|0|mult
452           0|10|div
453           24|0|add
454           0|cb
455           0|1|div
456           1|0|mult
457           0|4|div
458           0|8|div
459           0|11|div
460           4|0|mult
461           11|0|mult
462           28|0|add
463           8|0|mult
464           0|6|div
465           0|7|div
466           0|cbrt
467           0|sq
468           22|0|mult
469           0|16|div
470           25|0|mult
471           0|13|div
472           16|0|mult
473           0|14|div
474           0|17|div
475           13|0|mult
476           0|20|div
477           0|22|div
478           14|0|mult
479           0|25|div
480           17|0|mult
481           0|sqrt
482           0|18|div
483           0|15|div
484           15|0|mult
485           0|26|div
486           0|27|div
487           24|0|mult
488           28|0|mult
489           0|24|div
490           20|0|mult
491           29|0|mult
492           0|29|div
493           18|0|mult
494           0|28|div
495           26|0|mult
496           27|0|mult
497           21|0|mult
498           0
499           0|21|div
#-----------------------------------------------------------------------
500           19|12|div
501           24|0|sub
502           15|inv
503           24|14|mult
504           7|4|div
505           17|1|sub
506           17|1|abd
507           27|16|div
508           23|12|div
509           27|26|sub
510           25|15|div
511           3|5|div
512           6|1|mult
513           11|29|div
514           15|3|mult
515           19|20|div
516           18|6|mult
517           11|1|div
518           11|13|div
519           3|6|div
520           19|17|div
521           25|24|div
522           24|3|mult
523           28|0|sub
524           14|20|div
525           20|1|sub
526           19|14|div
527           29|17|mult
528           20|4|sub
529           16|sq
530           11|6|mult
531           23|17|div
532           22|15|div
533           27|sp
534           25|6|mult
535           13|20|div
536           8|6|mult
537           22|16|div
538           13|6|mult
539           6|4|mult
540           21|7|mult
541           8|22|div
542           20|17|div
543           22|24|div
544           6|9|div
545           3|12|div
546           11|sin
547           23|9|div
548           11|25|div
549           19|13|div
550           17|6|mult
551           19|9|div
552           22|6|mult
553           13|11|div
554           14|6|mult
555           11|sq
556           24|13|mult
557           11|24|div
558           27|6|mult
559           22|8|div
560           16|6|mult
561           7|1|div
562           29|3|mult
563           25|28|div
564           26|17|div
565           21|29|div
566           26|8|sub
567           6|20|div
568           26|20|sub
569           26|6|mult
570           29|14|mult
571           21|24|div
572           24|sqrt
573           20|sp
574           11|15|div
575           25|8|abd
576           10|2|div
577           11|14|div
578           22|28|div
579           28|7|mult
580           6|8|div
581           13|7|div
582           17|27|div
583           1|cb
584           6|4|div
585           25|11|div
586           25|26|div
587           25|18|div
588           13|27|div
589           6|14|div
590           14|7|div
591           20|6|mult
592           22|8|sub
593           6|13|div
594           16|11|mult
595           6
596           14|27|div
597           24
598           10|5|div
599           10|3|div
600           3|sqrt
601           6|17|div
602           25|15|mult
603           7|sqrt
604           22|18|div
605           6|22|div
606           29|13|mult
607           25|21|div
608           3|2|div
609           26|14|div
610           17|7|div
611           25|cb
612           4|22|div
613           22|26|div
614           22|4|div
615           13|cb
616           11|28|div
617           26|sp
618           20|13|div
619           11|17|div
620           6|26|div
621           26|13|div
622           28|25|mult
623           24|sp
624           26|15|mult
625           24|15|abd
626           13|6|div
627           14|11|div
628           10|7|div
629           18|25|div
630           20|14|div
631           28|15|abd
632           6|25|div
633           3|9|div
634           22|21|div
635           6|27|div
636           25|16|mult
637           22|cb
638           27|26|div
639           14|6|div
640           24|7|mult
641           6|18|div
642           26|27|div
643           6|1|div
644           24|sq
645           22|16|mult
646           15|7|mult
647           18|22|div
648           21|16|mult
649           7|cbrt
650           25|11|mult
651           18|cb
652           26|25|div
653           16
654           24|21|div
655           10|6|div
656           22|15|mult
657           25|27|div
658           8|16|div
659           17|6|div
660           22|11|mult
661           4|cb
662           8|cb
663           16|13|mult
664           24|cb
665           25|sq
666           21|15|div
667           22|27|div
668           11|1|mult
669           18|15|mult
670           28|22|mult
671           13|8|div
672           27|16|mult
673           26|22|div
674           6|2|div
675           17|16|mult
676           25|20|div
677           25|22|mult
678           25|8|div
679           17|cb
680           27|25|div
681           26|4|sub
682           22|sq
683           16|14|mult
684           17|11|div
685           22|20|div
686           26|1|sub
687           16|sin
688           11|4|mult
689           27|22|div
690           16|11|div
691           3|7|div
692           29|24|mult
693           29|25|div
694           18|27|div
695           26|16|mult
696           27|25|mult
697           24|25|div
698           11|8|mult
699           20|15|mult
700           21|6|mult
701           11|16|div
702           29|7|mult
703           24|22|div
704           29|21|div
705           29|22|div
706           25
707           27|22|mult
708           22|4|sub
709           16|sqrt
710           15
711           11|18|div
712           8|13|div
713           11|21|div
714           22|7|div
715           20|27|div
716           25|24|mult
717           27|11|mult
718           16|1|mult
719           25|22|add
720           16|7|div
721           26|25|mult
722           1|sq
723           22
724           13|11|mult
725           16|6|div
726           27|17|div
727           25|sqrt
728           25|4|div
729           6|sqrt
730           16|8|div
731           25|8|sub
732           26|22|mult
733           25|cbrt
734           20|16|mult
735           20|25|div
736           16|cbrt
737           15|25|div
738           13|4|div
739           26|11|mult
740           24|7|div
741           25|7|div
742           22|sqrt
743           17|11|mult
744           14|8|div
745           25|13|mult
746           15|22|div
747           20|11|mult
748           25|18|mult
749           22|cbrt
750           22|1|div
751           16|4|mult
752           14|11|mult
753           25|1|mult
754           18|7|div
755           15|0|sub
756           11|cos
757           25|17|mult
758           27|13|div
759           22|13|mult
760           24|15|mult
761           27|15|mult
762           21|22|div
763           21|25|div
764           20|22|div
765           16|8|mult
766           22|18|mult
767           22|1|mult
768           22|17|mult
769           18|11|mult
770           29|15|mult
771           26|cb
772           28|6|mult
773           27|20|div
774           4|16|div
775           4|1|mult
776           25|8|mult
777           24|22|mult
778           25|14|mult
779           29|cb
780           6|cbrt
781           8|25|div
782           22|inv
783           24|6|div
784           8|1|mult
785           25|inv
786           22|1|sub
787           25|4|mult
788           27|14|div
789           22|14|mult
790           25|20|mult
791           22|8|mult
792           20|7|div
793           22|4|mult
794           22|20|mult
795           29|7|div
796           27|25|add
797           20|6|div
798           15|sq
799           25|21|mult
800           8|14|div
801           16|11|add
802           29|25|mult
803           27|22|add
804           22|21|mult
805           18|6|div
806           15|7|div
807           26|7|div
808           14|4|div
809           17|sq
810           15|21|div
811           11|20|div
812           29|22|mult
813           27|7|div
814           4|sq
815           8|sq
816           1|8|div
817           26|25|add
818           29|6|div
819           16|4|div
820           2|0|mult
821           26|sq
822           26|22|add
823           8|4|mult
824           11
825           4|25|div
826           22|6|div
827           6|5|div
828           15|6|div
829           29|sp
830           28|sp
831           28|21|div
832           15|cb
833           25|6|div
834           4|13|div
835           29|15|div
836           1|3|div
837           25|4|sub
838           15|sp
839           24|6|mult
840           17|8|div
841           27|18|div
842           26|6|div
843           27|6|div
844           15|6|mult
845           25|17|add
846           11|26|div
847           26|1|mult
848           7|2|div
849           1|22|div
850           15|29|div
851           25|1|div
852           25|1|add
853           1|16|div
854           22|17|add
855           22|1|add
856           25|8|add
857           15|11|mult
858           13|1|div
859           8|3|div
860           22|8|add
861           11|3|div
862           4|14|div
863           25|4|add
864           17|4|div
865           26|8|mult
866           22|4|add
867           8|17|div
868           21|11|mult
869           28|11|mult
870           26|4|mult
871           25|1|sub
872           8|1|div
873           4|6|div
874           11|27|div
875           4|3|div
876           6|inv
877           21|6|div
878           1|6|div
879           4|7|div
880           28|17|mult
881           1|7|div
882           14|1|div
883           29|6|mult
884           8|6|div
885           8|7|div
886           11|6|div
887           1|13|div
888           4|17|div
889           1|14|div
890           11|7|div
891           16|1|div
892           5|0|mult
893           21|13|mult
894           13|3|div
895           17|1|div
896           1|17|div
897           11|sqrt
898           28|14|mult
899           14|3|div
900           27|1|sub
901           16|3|div
902           29|11|mult
903           22|2|div
904           7|5|div
905           17|3|div
906           24|11|mult
907           1|25|div
908           27|21|mult
909           11|cbrt
910           1|20|div
911           21|17|mult
912           26|21|mult
913           21|14|mult
914           13|2|div
915           25|2|div
916           3|0|mult
917           1|4|div
918           8|20|div
919           14|2|div
920           22|5|div
921           27|8|sub
922           23|2|div
923           28|13|mult
924           23|5|div
925           19|2|div
926           19|5|div
927           4|20|div
928           18|11|div
929           13|5|div
930           27|4|sub
931           17|2|div
932           16|2|div
933           14|5|div
934           25|5|div
935           1|18|div
936           8|18|div
937           4|18|div
938           21|1|mult
939           11|log
940           22|3|div
941           17|5|div
942           16|5|div
943           25|3|div
944           20|11|div
945           21|4|mult
946           21|8|mult
947           26|11|div
948           27|11|div
949           21|exp
950           8|27|div
951           28|8|mult
952           21|20|mult
953           26|2|div
954           18|2|div
955           27|2|div
956           28|1|mult
957           21|2|div
958           2|inv
959           24|2|div
960           29|2|div
961           28|4|mult
962           15|2|div
963           21|11|div
964           26|5|div
965           24|5|div
966           28|2|div
967           21|5|div
968           27|5|div
969           5|inv
970           29|5|div
971           18|5|div
972           11|inv
973           20|8|div
974           15|5|div
975           15|8|mult
976           18|8|div
977           18|4|div
978           21|1|div
979           11|nexp
980           21|18|mult
981           26|1|div
982           18|1|div
983           28|5|div
984           26|8|div
985           26|4|div
986           1|inv
987           4|inv
988           8|inv
989           27|1|div
990           27|8|div
991           27|4|div
992           15|4|mult
993           24|8|mult
994           15|1|mult
995           29|8|mult
996           29|1|mult
997           29|4|mult
998           24|1|mult
999           24|4|mult
#-----------------------------------------------------------------------
1000          16|20|div
1001          14|13|abd
1002          21|10|mult
1003          1|19|div
1004          15|23|div
1005          24|23|div
1006          11|8|div
1007          19|8|mult
1008          12|7|div
1009          28|23|div
1010          18|13|sub
1011          28|16|mult
1012          18|13|abd
1013          7|12|div
1014          17|22|div
1015          16|sp
1016          7|sp
1017          23|8|mult
1018          20|13|sub
1019          6|sp
1020          16|cos
1021          14|13|div
1022          23|12|mult
1023          10|2|mult
1024          17|13|div
1025          25|10|div
1026          19|4|mult
1027          5|2|mult
1028          25|10|mult
1029          10|8|mult
1030          17|4|abd
1031          22|10|mult
1032          23|9|mult
1033          14|25|div
1034          10|9|mult
1035          9|12|div
1036          17|13|sub
1037          19|9|mult
1038          24|19|mult
1039          16|exp
1040          12|4|div
1041          23|4|mult
1042          10|27|div
1043          1|9|div
1044          9|4|div
1045          29|19|mult
1046          20|13|abd
1047          18|10|div
1048          10|4|mult
1049          28|19|mult
1050          19|12|mult
1051          2|19|div
1052          12|2|abd
1053          23|25|div
1054          29|18|mult
1055          22|10|div
1056          16|15|mult
1057          10|5|mult
1058          25|14|div
1059          8|11|div
1060          22|17|div
1061          19|27|div
1062          15|13|mult
1063          11|sp
1064          5|12|div
1065          23|22|div
1066          13|14|div
1067          26|14|sub
1068          23|19|div
1069          12|cb
1070          19|1|mult
1071          27|17|sub
1072          15|28|div
1073          10|26|div
1074          17|4|sub
1075          9|7|div
1076          16|cb
1077          26|25|sub
1078          10|1|mult
1079          18|4|sub
1080          9|19|div
1081          5|9|div
1082          19|26|div
1083          22|17|sub
1084          13|1|sub
1085          17|15|mult
1086          12|5|mult
1087          26|22|sub
1088          7|19|div
1089          23|1|mult
1090          22|13|sub
1091          3|19|div
1092          18|17|sub
1093          19|15|mult
1094          18|17|abd
1095          25|17|sub
1096          12|6|div
1097          24|10|mult
1098          12|8|div
1099          25|13|sub
1100          8|4|abd
1101          19|18|div
1102          27|13|sub
1103          2|sq
1104          9|8|div
1105          22|17|abd
1106          10|20|div
1107          28|10|mult
1108          17|18|div
1109          25|17|abd
1110          4|9|div
1111          11|exp
1112          22|13|abd
1113          29|10|mult
1114          5|2|abd
1115          7|9|div
1116          10|16|div
1117          28|15|div
1118          6|12|div
1119          28|27|mult
1120          3|sp
1121          13|18|div
1122          6|19|div
1123          12|11|div
1124          18|16|div
1125          24|18|mult
1126          5|1|div
1127          12|19|div
1128          25|13|abd
1129          12|10|mult
1130          9|3|div
1131          12|3|div
1132          5|14|div
1133          1|12|div
1134          8|9|div
1135          9|14|div
1136          2|9|div
1137          9|11|div
1138          4|8|div
1139          5|13|div
1140          8|4|div
1141          5|4|div
1142          16|18|div
1143          12|14|div
1144          5|22|div
1145          10|7|mult
1146          18|17|div
1147          9|5|mult
1148          10|3|mult
1149          2|1|div
1150          9|6|div
1151          5|2|sub
1152          17|10|div
1153          12|13|div
1154          16|2|mult
1155          12|2|mult
1156          7|cb
1157          8|4|sub
1158          10|18|div
1159          9|13|div
1160          25|22|div
1161          5|17|div
1162          19|25|div
1163          15|14|mult
1164          11|2|mult
1165          5|25|div
1166          2|4|div
1167          9|22|div
1168          11|9|div
1169          9|2|sub
1170          9|2|abd
1171          5|8|div
1172          4|12|div
1173          17|12|div
1174          2|14|div
1175          8|12|div
1176          20|14|sub
1177          9|cb
1178          14|12|div
1179          22|25|div
1180          5|11|div
1181          19|22|div
1182          2|22|div
1183          18|13|div
1184          11|cb
1185          5|16|div
1186          9|2|mult
1187          2|25|div
1188          2|18|div
1189          9|17|div
1190          4|1|abd
1191          5|18|div
1192          2|13|div
1193          2|8|div
1194          15|10|mult
1195          9|25|div
1196          12|17|div
1197          14|13|sub
1198          12|22|div
1199          3|2|mult
1200          21|sin
1201          2|17|div
1202          9|18|div
1203          14|10|div
1204          13|10|div
1205          20|14|abd
1206          13|12|div
1207          16|5|mult
1208          10|17|div
1209          11|5|mult
1210          15|2|mult
1211          28|5|mult
1212          6|cb
1213          15|9|mult
1214          14|9|div
1215          3|cb
1216          18|12|div
1217          15|5|mult
1218          4|11|div
1219          2|11|div
1220          10|6|mult
1221          16|11|sub
1222          5|3|mult
1223          5|29|div
1224          20|2|mult
1225          12|25|div
1226          24|15|div
1227          28|2|mult
1228          21|2|mult
1229          21|cos
1230          27|2|mult
1231          5|26|div
1232          29|2|mult
1233          22|sp
1234          11|12|div
1235          19|2|mult
1236          28|9|mult
1237          17|9|div
1238          2|26|div
1239          24|9|mult
1240          7|5|mult
1241          14|18|div
1242          22|2|mult
1243          2|28|div
1244          24|2|mult
1245          13|9|div
1246          7|2|mult
1247          2|24|div
1248          26|2|mult
1249          2
1250          10|13|div
1251          27|5|mult
1252          21|11|add
1253          11|4|div
1254          13|2|mult
1255          2|29|div
1256          5|20|div
1257          5|24|div
1258          24|5|mult
1259          21|5|mult
1260          25|2|mult
1261          20|5|mult
1262          2|27|div
1263          29|9|mult
1264          28|12|mult
1265          17|2|mult
1266          8|2|mult
1267          22|14|sub
1268          9|sq
1269          5|27|div
1270          26|12|div
1271          5
1272          5|21|div
1273          2|21|div
1274          2|20|div
1275          25|12|div
1276          12|sq
1277          5|10|div
1278          12|18|div
1279          26|5|mult
1280          5|15|div
1281          2|16|div
1282          5|2|add
1283          2|15|div
1284          29|5|mult
1285          15|12|mult
1286          22|12|div
1287          4|2|mult
1288          5|28|div
1289          25|5|mult
1290          24|12|mult
1291          2|1|mult
1292          8|5|mult
1293          27|12|div
1294          22|5|mult
1295          25|14|sub
1296          14|2|mult
1297          25|16|div
1298          17|5|mult
1299          22|14|abd
1300          6|5|mult
1301          27|14|sub
1302          3|sq
1303          18|2|mult
1304          6|2|mult
1305          13|5|mult
1306          29|inv
1307          9|26|div
1308          21|inv
1309          20|18|abd
1310          12|16|div
1311          21|16|add
1312          5|4|mult
1313          9|5|abd
1314          9|20|div
1315          20|12|div
1316          18|5|mult
1317          13|26|div
1318          29|12|mult
1319          12|9|mult
1320          5|1|mult
1321          24|17|mult
1322          11|10|div
1323          18|14|div
1324          25|14|abd
1325          12|10|div
1326          11|3|mult
1327          21|log
1328          7|sq
1329          25|sp
1330          7|3|mult
1331          21|cbrt
1332          10|14|div
1333          15|24|div
1334          21|sqrt
1335          19|5|mult
1336          14|5|mult
1337          12|5|sub
1338          12|5|abd
1339          4|1|sub
1340          26|18|abd
1341          23|2|mult
1342          10|25|div
1343          9|5|sub
1344          16|3|mult
1345          13|sp
1346          12|26|div
1347          18|8|sub
1348          12|20|div
1349          6|7|div
1350          9|3|mult
1351          1|11|div
1352          18|20|div
1353          6|3|mult
1354          3|29|div
1355          2|10|div
1356          19|7|mult
1357          7|29|div
1358          12|27|div
1359          21|12|mult
1360          7|6|mult
1361          22|9|div
1362          8|10|div
1363          8|1|sub
1364          20|18|div
1365          8|sp
1366          3|15|div
1367          11|7|mult
1368          25|9|div
1369          23|7|mult
1370          9|16|div
1371          3|24|div
1372          16|7|mult
1373          16|25|div
1374          7|10|div
1375          10|22|div
1376          17|26|div
1377          7|15|div
1378          22|3|mult
1379          7|6|div
1380          3|28|div
1381          12
1382          20|8|sub
1383          23|5|mult
1384          25|3|mult
1385          8|3|mult
1386          27|3|mult
1387          20|3|mult
1388          20|18|sub
1389          3|18|div
1390          3|1|mult
1391          26|3|mult
1392          13|3|mult
1393          7|24|div
1394          17|3|mult
1395          16|22|div
1396          4|3|mult
1397          3|21|div
1398          3|14|div
1399          1|sp
1400          12|3|mult
1401          7|14|div
1402          17|14|div
1403          3|10|div
1404          10|11|div
1405          7|11|div
1406          19|3|mult
1407          7|28|div
1408          10|8|div
1409          22|29|div
1410          14|17|div
1411          3
1412          25|29|div
1413          6|sq
1414          14|3|mult
1415          21|3|mult
1416          22|7|mult
1417          18|3|mult
1418          4|10|div
1419          7|21|div
1420          17|sp
1421          3|4|div
1422          7|18|div
1423          25|7|mult
1424          27|7|mult
1425          3|17|div
1426          26|18|sub
1427          3|13|div
1428          8|7|mult
1429          3|1|div
1430          3|26|div
1431          23|6|mult
1432          19|6|mult
1433          6|29|div
1434          3|20|div
1435          4|sp
1436          16|12|div
1437          26|7|mult
1438          7|1|mult
1439          20|7|mult
1440          9|10|div
1441          13|7|mult
1442          7|17|div
1443          3|25|div
1444          3|8|div
1445          7|13|div
1446          3|27|div
1447          12|7|mult
1448          7|4|mult
1449          3|22|div
1450          17|7|mult
1451          28|3|mult
1452          7|8|div
1453          22|18|abd
1454          22|18|sub
1455          6|10|div
1456          7|22|div
1457          7
1458          3|11|div
1459          6|15|div
1460          7|25|div
1461          18|7|mult
1462          7|20|div
1463          25|18|sub
1464          25|18|abd
1465          16|9|div
1466          17|20|div
1467          7|26|div
1468          14|7|mult
1469          1|10|div
1470          3|16|div
1471          23|3|mult
1472          7|27|div
1473          6|24|div
1474          10|4|div
1475          14|26|div
1476          7|16|div
1477          26|18|div
1478          18|sp
1479          18|15|div
1480          6|28|div
1481          18|26|div
1482          27|26|abd
1483          17|14|sub
1484          14|sp
1485          6|21|div
1486          6|11|div
1487          10|1|div
1488          17|16|div
1489          16|17|div
1490          6|16|div
1491          27|18|sub
1492          13|16|div
1493          17|14|abd
1494          27|18|abd
1495          16|13|div
1496          10|9|div
1497          10|12|div
1498          14|16|div
1499          16|14|div
#-----------------------------------------------------------------------
