0             213|196|div
1             196|214|div
2             232|201|div
3             20|17|div
4             207|201|div
5             52|17|div
6             64|28|div
7             205|201|div
8             206|201|div
9             7|12|div
10            225|201|div
11            25|17|div
12            112|17|div
13            191|200|div
14            29|16|div
15            200|213|div
16            87|17|div
17            84|17|div
18            86|17|div
19            85|17|div
20            89|17|div
21            196|191|div
22            191|237|div
23            197|214|div
24            214|197|div
25            200|191|div
26            129|53|div
27            144|17|div
28            124|17|div
29            191|197|div
30            218|201|div
31            124|12|div
32            234|201|div
33            123|12|div
34            105|17|div
35            60|17|div
36            124|53|div
37            60|12|div
38            129|16|div
39            124|16|div
40            64|17|div
41            123|58|div
42            58|123|div
43            129|4|div
44            182|17|div
45            105|58|div
46            117|17|div
47            147|17|div
48            123|16|div
49            12|93|div
50            156|9|mult
51            114|58|div
52            53|7|div
53            39|17|div
54            197|191|div
55            60|53|div
56            114|17|div
57            59|12|div
58            129|12|div
59            213|237|div
60            17|inv
61            12|123|div
62            164|4|div
63            28|63|div
64            48|138|div
65            78|12|div
66            98|17|div
67            58|inv
68            63|17|div
69            78|16|div
70            70|17|div
71            94|12|div
72            48|175|div
73            25|179|div
74            225|237|div
75            17|52|div
76            1|17|div
77            22|53|div
78            94|16|div
79            105|57|div
80            48|134|div
81            129|134|div
82            129|13|div
83            22|179|div
84            196|243|div
85            16|93|div
86            129|8|div
87            91|25|add
88            79|17|div
89            226|200|div
90            91|21|add
91            9|cbrt
92            124|25|mult
93            209|237|div
94            112|53|div
95            156|40|mult
96            105|12|div
97            129|133|div
98            12|124|div
99            129|138|div
100           244|200|div
101           12|78|div
102           179|58|add
103           48|135|div
104           42|12|div
105           164|53|div
106           58|cbrt
107           129|135|div
108           103|17|div
109           27|25|add
110           138|28|mult
111           6|12|div
112           58|sqrt
113           79|58|sub
114           79|58|abd
115           41|179|div
116           164|133|div
117           164|138|div
118           264|211|add
119           78|58|sub
120           164|17|div
121           78|58|abd
122           63|28|div
123           58|57|add
124           164|8|div
125           70|12|div
126           209|242|div
127           161|17|div
128           83|17|div
129           34|53|div
130           16|78|div
131           55|17|div
132           123|17|div
133           112|12|div
134           129|17|div
135           164|134|div
136           69|12|div
137           12|60|div
138           118|40|div
139           114|12|div
140           9|sqrt
141           59|58|div
142           151|17|div
143           58
144           196|218|div
145           232|17|div
146           58|114|div
147           25|180|div
148           123|53|div
149           16|123|div
150           69|16|div
151           87|53|div
152           77|12|div
153           16|9|mult
154           87|12|div
155           204|17|div
156           84|53|div
157           64|9|div
158           79|12|div
159           207|17|div
160           129|175|div
161           84|12|div
162           122|17|div
163           12|69|div
164           28|16|mult
165           209|196|div
166           242|243|div
167           124|13|div
168           196|190|div
169           91|85|add
170           9|5|mult
171           134|28|mult
172           209|17|div
173           270|21|add
174           41|12|div
175           48|33|mult
176           12|9|mult
177           22|12|div
178           48|131|div
179           124|179|div
180           206|17|div
181           179|58|mult
182           58|12|add
183           41|180|div
184           209|241|div
185           105|53|div
186           142|17|div
187           111|133|div
188           205|17|div
189           114|57|div
190           48|162|div
191           87|9|div
192           84|9|div
193           58|57|mult
194           12|inv
195           22|58|div
196           127|9|mult
197           16|124|div
198           189|201|div
199           179|25|div
200           218|17|div
201           55|9|div
202           89|53|div
203           138|129|div
204           86|53|div
205           89|9|div
206           164|16|div
207           123|25|mult
208           91|89|add
209           79|16|div
210           79|53|div
211           112|134|div
212           189|196|div
213           53|129|div
214           124|134|div
215           86|9|div
216           234|17|div
217           57|105|div
218           244|17|div
219           57|25|div
220           85|9|div
221           243|200|div
222           112|16|div
223           225|17|div
224           16|14|sub
225           86|12|div
226           12|77|div
227           124|58|div
228           124|133|div
229           191|17|div
230           20|179|div
231           60|179|div
232           135|28|mult
233           12|79|div
234           206|241|div
235           77|16|div
236           23|179|div
237           89|12|div
238           35|16|mult
239           22|180|div
240           270|85|add
241           129|125|div
242           25|134|div
243           204|237|div
244           225|242|div
245           145|17|div
246           13|9|mult
247           94|53|div
248           63|9|div
249           112|175|div
250           239|17|div
251           112|138|div
252           58|sq
253           123|13|div
254           22|134|div
255           57|inv
256           203|201|div
257           181|58|add
258           87|58|div
259           105|16|div
260           193|209|div
261           58|9|mult
262           242|209|div
263           138|7|div
264           179|12|add
265           213|201|div
266           218|196|div
267           213|17|div
268           78|53|div
269           151|12|div
270           124|138|div
271           23|53|div
272           111|17|div
273           84|58|div
274           164|135|div
275           112|135|div
276           87|179|div
277           179|60|div
278           134|129|div
279           16|69|div
280           134|7|div
281           25|135|div
282           55|41|mult
283           16|79|div
284           84|179|div
285           12|cbrt
286           121|17|div
287           87|16|div
288           114|58|mult
289           20|134|div
290           25|175|div
291           239|196|div
292           23|134|div
293           138|35|mult
294           63|28|abd
295           85|53|div
296           41|181|div
297           200|218|div
298           124|180|div
299           196|209|div
300           12|42|div
301           180|58|add
302           190|201|div
303           84|16|div
304           239|200|div
305           12|70|div
306           9|22|div
307           55|134|div
308           129|154|div
309           12|sqrt
310           143|17|div
311           118|9|div
312           134|58|add
313           16|129|div
314           25|138|div
315           105|9|div
316           25|9|div
317           22|175|div
318           243|201|div
319           16|42|div
320           112|9|div
321           134|151|div
322           89|58|div
323           78|16|sub
324           203|17|div
325           63|28|sub
326           64|40|div
327           135|129|div
328           57|cbrt
329           94|17|div
330           64|133|div
331           85|12|div
332           179|22|div
333           57|12|add
334           196|189|div
335           22|138|div
336           12|105|div
337           189|17|div
338           55|135|div
339           22|9|div
340           55|40|div
341           64|35|div
342           127|17|div
343           78|12|sub
344           20|138|div
345           239|129|mult
346           105|179|div
347           243|17|div
348           28|25|add
349           89|179|div
350           23|138|div
351           14|9|mult
352           57|sqrt
353           78|17|div
354           105|61|sub
355           123|9|div
356           22|135|div
357           58|105|div
358           55|138|div
359           20|175|div
360           138|164|div
361           179|57|add
362           70|9|div
363           58|16|add
364           12|114|div
365           23|175|div
366           241|201|div
367           42|53|div
368           9|6|mult
369           190|17|div
370           55|184|div
371           58|6|add
372           182|53|div
373           41|16|div
374           53|nexp
375           241|17|div
376           200|244|div
377           179|124|div
378           57|9|mult
379           21|134|div
380           138|58|add
381           128|9|mult
382           25|16|div
383           87|134|div
384           138|151|div
385           41|134|div
386           134|9|mult
387           64|150|div
388           47|133|div
389           179|9|mult
390           181|17|div
391           15|9|mult
392           17|144|div
393           135|58|add
394           172|131|div
395           134|35|mult
396           57|123|div
397           180|57|add
398           84|134|div
399           40|16|mult
400           58|12|mult
401           20|135|div
402           53|124|div
403           9|89|div
404           23|135|div
405           200|243|div
406           121|12|div
407           184|134|mult
408           86|58|div
409           57
410           206|200|div
411           112|4|div
412           30|9|mult
413           59|9|mult
414           164|175|div
415           21|138|div
416           94|133|div
417           135|9|mult
418           114|16|div
419           12|129|div
420           181|9|mult
421           135|131|div
422           181|58|mult
423           25|181|div
424           86|16|div
425           57|114|div
426           135|151|div
427           180|9|mult
428           124|135|div
429           77|17|div
430           191|188|div
431           180|12|add
432           123|58|sub
433           122|9|div
434           123|58|abd
435           179|16|add
436           12
437           41|57|div
438           57|12|div
439           87|138|div
440           89|134|div
441           122|9|mult
442           79|12|sub
443           175|131|div
444           193|204|div
445           9|23|div
446           86|179|div
447           70|58|div
448           41|128|div
449           184|138|mult
450           232|81|div
451           17|117|div
452           60|13|div
453           89|16|div
454           223|17|div
455           179|105|div
456           70|53|div
457           21|175|div
458           79|16|sub
459           69|17|div
460           84|138|div
461           114|9|div
462           135|7|div
463           42|9|mult
464           14|12|sub
465           164|12|div
466           50|12|div
467           7|138|div
468           17|cbrt
469           70|16|div
470           205|237|div
471           53|29|div
472           128|17|div
473           7|134|div
474           9|inv
475           138|9|mult
476           128|58|add
477           58|6|mult
478           122|12|div
479           105|25|mult
480           118|24|div
481           172|162|div
482           123|57|div
483           87|175|div
484           87|57|div
485           85|134|div
486           21|179|div
487           242|17|div
488           134|29|div
489           114|53|div
490           7|17|div
491           226|17|div
492           60|134|div
493           12|89|div
494           179|12|mult
495           211|85|add
496           206|188|div
497           13|123|div
498           16|14|div
499           89|135|div
#-----------------------------------------------------------------------
500           108|62|mult
501           62|18|div
502           62|3|div
503           143|62|mult
504           62|12|div
505           62|39|mult
506           62|9|div
507           62|41|mult
508           62|13|div
509           145|62|mult
510           62|40|div
511           62|16|div
512           62|50|div
513           156|62|mult
514           161|62|mult
515           62|58|div
516           62|22|mult
517           62|21|mult
518           62|180|div
519           142|62|mult
520           62|6|div
521           62|23|mult
522           62|57|div
523           62|25|mult
524           62|59|div
525           62|20|mult
526           62|179|div
527           147|62|mult
528           62|127|div
529           62|118|div
530           62|134|div
531           62|181|div
532           62|135|div
533           105|62|mult
534           62|114|div
535           124|62|mult
536           62|70|div
537           86|62|mult
538           62|128|div
539           62|5|div
540           103|62|mult
541           62|175|div
542           62|123|div
543           144|62|mult
544           62|138|div
545           62|34|mult
546           62|60|mult
547           62|77|div
548           62|30|div
549           184|62|mult
550           62|122|div
551           62|48|mult
552           182|62|mult
553           62|152|div
554           62|abs
555           62|76|div
556           62|35|div
557           89|62|mult
558           117|62|mult
559           101|62|mult
560           84|62|mult
561           62|121|div
562           85|62|mult
563           87|62|mult
564           62|78|div
565           62|37|mult
566           62|sqrt
567           79|62|mult
568           62|53|div
569           62|14|div
570           62|24|div
571           62|98|div
572           114|62|mult
573           121|62|mult
574           62|69|div
575           62|7|mult
576           112|62|mult
577           62|73|div
578           93|62|mult
579           122|62|mult
580           62|42|mult
581           62|60|div
582           98|62|mult
583           62|94|div
584           123|62|mult
585           62|80|div
586           62|79|div
587           70|62|mult
588           62|38|mult
589           62|182|div
590           62|15|div
591           62|99|div
592           62|29|mult
593           78|62|mult
594           62|19|mult
595           69|62|mult
596           62|5|mult
597           151|62|mult
598           62|26|div
599           80|62|mult
600           62|34|div
601           62|1|mult
602           62|124|div
603           62|57|mult
604           62|105|div
605           62|32|div
606           62|59|mult
607           62|7|div
608           179|62|mult
609           62|52|mult
610           181|62|mult
611           163|62|mult
612           116|62|mult
613           62|42|div
614           287|62|mult
615           62|6|mult
616           62|136|div
617           62|50|mult
618           128|62|mult
619           185|62|mult
620           77|62|mult
621           62|54|div
622           62|82|div
623           62|15|mult
624           76|62|mult
625           62|137|div
626           68|62|mult
627           127|62|mult
628           62|154|div
629           62|14|mult
630           81|62|mult
631           62|53|mult
632           62|38|div
633           62|58|mult
634           62|129|div
635           62|cbrt
636           62|147|div
637           62|164|div
638           62|1|div
639           72|62|mult
640           102|62|mult
641           62|155|div
642           106|62|mult
643           62|117|div
644           62|161|div
645           62|177|div
646           62|125|div
647           62|106|div
648           157|62|mult
649           62|144|div
650           62|25|div
651           71|62|mult
652           180|62|mult
653           62|89|div
654           62|28|div
655           291|129|mult
656           62|36|div
657           291|164|mult
658           62|55|mult
659           83|62|mult
660           266|164|mult
661           62|140|div
662           62|71|div
663           266|129|mult
664           62|63|div
665           129|62|mult
666           136|62|mult
667           137|62|mult
668           164|62|mult
669           62|13|mult
670           62|41|div
671           266|160|mult
672           62|202|div
673           62|133|div
674           129|184|div
675           160|62|mult
676           62|67|div
677           62|12|mult
678           66|62|sub
679           62|96|div
680           62|17|mult
681           62|39|div
682           175|62|mult
683           62|158|div
684           62|16|mult
685           62|187|div
686           62|10|mult
687           62|28|mult
688           62|103|div
689           263|164|mult
690           62|160|div
691           62|32|mult
692           164|83|mult
693           62|sq
694           263|129|mult
695           62|11|div
696           62|104|div
697           245|cbrt
698           92|62|mult
699           62|4|mult
700           111|62|mult
701           96|62|mult
702           159|62|mult
703           129|144|div
704           62|22|div
705           62|150|div
706           62|23|div
707           62|20|div
708           62|55|div
709           164|184|div
710           164|144|div
711           62|87|div
712           266|10|div
713           62|157|div
714           129|145|div
715           303|266|mult
716           263|160|mult
717           62|84|div
718           129|143|div
719           164|143|div
720           129|142|div
721           164|145|div
722           62|8|mult
723           263|10|div
724           164|112|mult
725           62|145|div
726           62|184|div
727           62|142|div
728           62|148|div
729           62|200|div
730           100|62|mult
731           62|162|div
732           63|150|div
733           63|62|mult
734           164|142|div
735           62|35|mult
736           303|263|mult
737           62|86|div
738           62|47|mult
739           62|119|div
740           129|112|mult
741           62|143|div
742           301|62|mult
743           62|21|div
744           66|62|add
745           164|55|mult
746           62|61|mult
747           62|197|div
748           156|129|div
749           62|102|div
750           62|196|div
751           135|62|mult
752           83|81|div
753           129|83|mult
754           62|159|div
755           266|154|mult
756           134|62|mult
757           264|10|div
758           62|85|div
759           108|129|div
760           129|147|div
761           172|62|mult
762           48|81|div
763           62|100|div
764           120|62|mult
765           150|62|mult
766           62|88|div
767           62|33|mult
768           174|62|mult
769           129|55|mult
770           156|164|div
771           221|62|mult
772           108|164|div
773           296|62|mult
774           262|150|div
775           62|193|div
776           164|147|div
777           164|87|mult
778           154|62|mult
779           129|87|mult
780           62|131|div
781           62|33|div
782           164|84|mult
783           129|84|mult
784           74|62|mult
785           62|242|div
786           62|216|div
787           199|62|mult
788           266|125|mult
789           228|62|mult
790           259|62|mult
791           19|81|div
792           223|62|mult
793           129|182|div
794           262|164|mult
795           291|10|div
796           62|156|div
797           160|184|div
798           164|157|div
799           263|154|mult
800           291|160|mult
801           203|62|mult
802           284|164|mult
803           129|156|div
804           160|145|div
805           198|62|mult
806           129|63|mult
807           62|237|div
808           284|129|mult
809           98|81|div
810           62|97|div
811           62|198|div
812           108|96|div
813           164|182|div
814           62|190|div
815           64|62|mult
816           236|62|mult
817           160|142|div
818           138|62|mult
819           303|264|mult
820           164|34|mult
821           160|143|div
822           62|44|mult
823           237|62|mult
824           225|62|mult
825           266|150|div
826           62|199|div
827           62|243|div
828           62|4|div
829           34|143|div
830           34|145|div
831           213|62|mult
832           184|145|mult
833           164|98|mult
834           244|62|mult
835           191|62|mult
836           62|234|div
837           62|241|div
838           284|184|div
839           266|184|div
840           129|98|mult
841           108|116|div
842           164|28|div
843           62|214|div
844           291|150|div
845           222|62|mult
846           129|1|mult
847           164|89|mult
848           258|62|mult
849           264|164|mult
850           62|238|div
851           264|129|mult
852           262|10|div
853           83|145|div
854           129|34|mult
855           83|143|div
856           300|62|mult
857           184|129|div
858           77|184|div
859           34|142|div
860           266|140|mult
861           141|62|mult
862           243|62|mult
863           242|62|mult
864           190|62|mult
865           184|143|mult
866           241|62|mult
867           216|62|mult
868           205|62|mult
869           184|142|mult
870           263|150|div
871           189|62|mult
872           83|142|div
873           226|62|mult
874           206|62|mult
875           69|184|div
876           207|62|mult
877           34|184|div
878           62|195|div
879           209|62|mult
880           266|137|mult
881           200|62|mult
882           197|62|mult
883           218|62|mult
884           232|62|mult
885           98|143|div
886           204|62|mult
887           262|129|mult
888           145|129|div
889           129|119|mult
890           129|86|mult
891           188|62|mult
892           62|cb
893           164|119|mult
894           73|62|mult
895           291|62|mult
896           99|62|mult
897           129|64|mult
898           62|189|div
899           143|129|div
900           184|164|div
901           164|1|mult
902           164|156|div
903           196|62|mult
904           262|99|div
905           98|145|div
906           112|81|div
907           62|183|div
908           62|90|div
909           78|184|div
910           266|36|mult
911           145|98|div
912           62|224|div
913           266|194|div
914           129|85|mult
915           7|184|div
916           108|32|div
917           164|86|mult
918           184|98|div
919           201|62|mult
920           164|85|mult
921           262|67|mult
922           34|147|div
923           129|89|mult
924           156|160|div
925           263|125|mult
926           123|184|div
927           62|17|div
928           145|164|div
929           184|108|mult
930           142|129|div
931           164|132|div
932           98|142|div
933           62|36|mult
934           262|75|mult
935           62|8|div
936           284|48|mult
937           262|28|div
938           234|62|mult
939           143|164|div
940           257|62|mult
941           263|184|div
942           262|184|div
943           280|62|mult
944           62|37|div
945           62|2|mult
946           263|194|div
947           108|92|mult
948           192|62|mult
949           129|28|div
950           266|136|mult
951           164|63|mult
952           129|157|div
953           265|62|mult
954           160|144|div
955           255|62|mult
956           129|176|div
957           62|51|mult
958           264|160|mult
959           112|143|div
960           142|164|div
961           164|35|div
962           42|184|div
963           143|98|div
964           157|108|mult
965           129|105|mult
966           80|184|div
967           256|62|mult
968           284|160|mult
969           266|98|mult
970           62|244|div
971           34|81|div
972           262|145|div
973           129|76|mult
974           81|195|div
975           262|142|div
976           62|208|div
977           262|82|mult
978           263|140|mult
979           113|62|mult
980           129|5|mult
981           266|138|mult
982           263|36|mult
983           62|222|div
984           129|77|mult
985           112|145|div
986           5|184|div
987           62|210|div
988           220|62|mult
989           262|226|mult
990           129|132|div
991           112|184|div
992           129|80|mult
993           108|98|div
994           129|123|mult
995           142|98|div
996           129|69|mult
997           262|160|mult
998           129|181|div
999           160|87|mult
#-----------------------------------------------------------------------
1000          263|62|mult
1001          268|62|mult
1002          266|62|mult
1003          264|62|mult
1004          302|62|mult
1005          249|62|mult
1006          265|120|mult
1007          268|120|mult
1008          299|264|mult
1009          299|263|mult
1010          164|118|mult
1011          264|120|mult
1012          129|118|mult
1013          299|266|mult
1014          263|120|mult
1015          239|62|mult
1016          184|21|mult
1017          273|62|mult
1018          299|268|mult
1019          119|62|mult
1020          299|265|mult
1021          185|184|mult
1022          160|156|div
1023          120|140|div
1024          67|62|mult
1025          120|125|div
1026          82|62|mult
1027          299|133|div
1028          160|118|mult
1029          266|120|mult
1030          186|62|mult
1031          299|140|div
1032          62|174|div
1033          184|86|mult
1034          299|125|div
1035          184|23|mult
1036          184|85|mult
1037          184|20|mult
1038          265|108|mult
1039          301|120|mult
1040          62|163|div
1041          299|245|mult
1042          275|62|mult
1043          184|22|mult
1044          184|84|mult
1045          184|25|mult
1046          184|87|mult
1047          299|255|mult
1048          255|120|mult
1049          184|89|mult
1050          299|249|mult
1051          14|184|div
1052          259|120|mult
1053          59|184|div
1054          287|nexp
1055          265|81|mult
1056          302|299|mult
1057          62|92|div
1058          15|184|div
1059          75|62|mult
1060          62|176|div
1061          120|133|div
1062          108|72|div
1063          184|14|div
1064          245|97|div
1065          245|104|div
1066          245|150|div
1067          6|184|div
1068          249|120|mult
1069          245|119|div
1070          245|74|div
1071          181|184|div
1072          29|184|div
1073          108|nexp
1074          124|184|div
1075          299|259|mult
1076          19|164|div
1077          151|184|div
1078          108|68|div
1079          184|15|div
1080          128|184|div
1081          265|184|mult
1082          292|62|mult
1083          301|256|sub
1084          228|nexp
1085          245|161|mult
1086          62|178|div
1087          265|97|div
1088          38|184|div
1089          258|120|mult
1090          60|184|div
1091          155|81|mult
1092          184|59|div
1093          184|6|div
1094          297|88|div
1095          156|42|div
1096          245|118|div
1097          52|81|div
1098          194|62|mult
1099          281|62|mult
1100          301|184|mult
1101          245|164|mult
1102          187|62|mult
1103          268|108|mult
1104          184|181|div
1105          301|129|div
1106          164|117|div
1107          245|40|div
1108          245|81|div
1109          245|126|mult
1110          19|129|div
1111          245|129|mult
1112          299|256|mult
1113          245|71|mult
1114          180|184|div
1115          300|299|mult
1116          302|120|mult
1117          245|120|mult
1118          245|1|div
1119          184|128|div
1120          58|184|div
1121          245|28|div
1122          245|88|div
1123          301|299|mult
1124          245|130|mult
1125          194|219|div
1126          47|184|div
1127          176|125|div
1128          245|3|div
1129          93|184|div
1130          299|26|div
1131          172|81|div
1132          245|182|mult
1133          245|18|div
1134          202|62|mult
1135          111|184|div
1136          57|184|div
1137          245|7|mult
1138          299|148|div
1139          176|140|div
1140          65|81|div
1141          81|68|div
1142          184|30|div
1143          301|164|div
1144          164|121|div
1145          245|224|div
1146          245|24|div
1147          182|184|div
1148          13|184|div
1149          108|125|div
1150          172|184|div
1151          184|121|mult
1152          245|32|mult
1153          245|11|div
1154          62|49|mult
1155          261|62|mult
1156          245|82|div
1157          245|67|div
1158          245|144|mult
1159          245|10|div
1160          118|150|div
1161          114|184|div
1162          245|143|mult
1163          246|62|mult
1164          108|52|div
1165          293|62|mult
1166          265|129|div
1167          245|160|mult
1168          245|38|mult
1169          50|184|div
1170          245|73|div
1171          245|106|mult
1172          115|62|mult
1173          16|184|div
1174          265|164|div
1175          245|80|mult
1176          108|8|div
1177          79|184|div
1178          245|79|mult
1179          245|63|div
1180          285|62|mult
1181          231|62|mult
1182          265|17|mult
1183          184|122|mult
1184          108|4|div
1185          299|239|mult
1186          265|139|mult
1187          245|163|mult
1188          184|inv
1189          299|138|div
1190          284|62|mult
1191          245|64|div
1192          245|33|div
1193          12|184|div
1194          265|64|div
1195          245|55|div
1196          245|39|mult
1197          155|108|mult
1198          245|111|mult
1199          245|99|div
1200          231|81|div
1201          245|76|mult
1202          300|245|mult
1203          184|105|mult
1204          108|140|div
1205          265|119|div
1206          299|162|div
1207          245|48|mult
1208          120|cb
1209          184|152|div
1210          245|102|mult
1211          245|77|mult
1212          120|32|div
1213          184|156|mult
1214          120|108|mult
1215          245|75|div
1216          245|69|mult
1217          245|145|mult
1218          265|11|div
1219          184|58|div
1220          245|184|mult
1221          245|70|mult
1222          245|121|mult
1223          265|56|mult
1224          245|60|mult
1225          120|85|mult
1226          245|137|mult
1227          164|122|div
1228          245|93|mult
1229          41|81|div
1230          297|104|div
1231          245|117|mult
1232          245|136|mult
1233          120|137|div
1234          245|42|mult
1235          245|29|mult
1236          245|35|div
1237          245|142|mult
1238          299|174|div
1239          265|55|div
1240          184|180|div
1241          35|184|div
1242          265|3|div
1243          245|9|div
1244          81|72|div
1245          245|41|mult
1246          245|78|mult
1247          245|122|mult
1248          47|81|div
1249          184|39|mult
1250          245|154|mult
1251          245|47|mult
1252          124|81|div
1253          245|172|mult
1254          245|208|div
1255          120|113|mult
1256          245|19|mult
1257          265|18|div
1258          299|134|div
1259          245|83|div
1260          245|101|div
1261          184|13|div
1262          70|184|div
1263          245|54|div
1264          164|70|div
1265          245|15|mult
1266          258|245|mult
1267          287|120|mult
1268          245|123|mult
1269          156|38|div
1270          245|22|mult
1271          108|44|sub
1272          21|sp
1273          297|24|div
1274          164|79|div
1275          164|76|div
1276          245|147|mult
1277          184|76|mult
1278          299|258|mult
1279          301|245|mult
1280          245|103|mult
1281          245|53|mult
1282          245|17|div
1283          245|128|mult
1284          164|81|div
1285          19|32|div
1286          120|sp
1287          129|117|div
1288          245|25|mult
1289          245|124|mult
1290          245|23|mult
1291          245|14|mult
1292          245|96|mult
1293          245|20|mult
1294          245|181|mult
1295          245|21|mult
1296          245|16|div
1297          184|16|div
1298          245|135|mult
1299          245|202|div
1300          245|152|mult
1301          245|180|mult
1302          249|245|mult
1303          111|81|div
1304          108|16|div
1305          120|136|div
1306          164|114|mult
1307          136|184|div
1308          245|5|mult
1309          195|62|mult
1310          245|6|mult
1311          129|121|div
1312          245|195|div
1313          245|179|mult
1314          256|120|mult
1315          245|98|div
1316          164|105|div
1317          245|175|mult
1318          245|12|div
1319          245|57|mult
1320          184|12|div
1321          245|157|mult
1322          176|133|div
1323          245|59|mult
1324          245|50|div
1325          184|57|div
1326          118|81|div
1327          245|4|mult
1328          264|56|mult
1329          245|13|mult
1330          245|105|div
1331          245|114|div
1332          164|86|div
1333          245|58|mult
1334          245|abs
1335          245|85|div
1336          184|1|mult
1337          245|86|div
1338          245|187|div
1339          245|105|mult
1340          19|38|div
1341          245|127|mult
1342          154|184|div
1343          245|34|mult
1344          245|112|mult
1345          245|50|mult
1346          245|90|div
1347          245|58|div
1348          245|59|div
1349          245|127|div
1350          19|160|div
1351          245|5|div
1352          245|100|div
1353          245|57|div
1354          245|134|mult
1355          245|87|div
1356          245|34|div
1357          245|174|mult
1358          159|125|div
1359          60|81|div
1360          297|92|div
1361          245|6|div
1362          245|68|mult
1363          245|151|div
1364          255|245|mult
1365          179|184|div
1366          245|179|div
1367          245|156|mult
1368          164|59|mult
1369          50|81|div
1370          164|161|div
1371          164|6|mult
1372          245|89|div
1373          164|5|div
1374          263|108|mult
1375          245|8|mult
1376          164|129|mult
1377          262|231|mult
1378          245|13|div
1379          181|164|mult
1380          245|181|div
1381          164|sq
1382          184|125|div
1383          245|138|mult
1384          159|140|div
1385          245|180|div
1386          164
1387          184|cbrt
1388          245|12|mult
1389          301|265|mult
1390          245|156|div
1391          177|62|mult
1392          245|92|mult
1393          151|81|div
1394          144|81|div
1395          210|88|div
1396          303|62|mult
1397          245|84|mult
1398          245|128|div
1399          265|33|div
1400          297|160|mult
1401          245|52|mult
1402          245|86|mult
1403          265|185|mult
1404          164|77|div
1405          184|136|div
1406          128|81|div
1407          164|124|mult
1408          184|38|div
1409          245|123|div
1410          164|123|div
1411          245|14|div
1412          245|89|mult
1413          297|73|div
1414          265|143|mult
1415          245|177|div
1416          245|16|mult
1417          245|124|div
1418          164|128|mult
1419          120|21|mult
1420          245|154|div
1421          250|62|mult
1422          245|72|mult
1423          120|89|mult
1424          259|245|mult
1425          299|131|div
1426          108|53|div
1427          245|26|div
1428          120|96|div
1429          137|184|div
1430          301|256|abd
1431          245|193|div
1432          245|25|div
1433          164|7|div
1434          105|184|div
1435          108|38|div
1436          181|81|div
1437          245|20|div
1438          245|122|div
1439          245|21|div
1440          245|139|mult
1441          301|176|mult
1442          245|23|div
1443          120|86|mult
1444          245|78|div
1445          299|4|div
1446          268|56|mult
1447          257|120|mult
1448          62|126|div
1449          245|85|mult
1450          245|52|div
1451          26|9|div
1452          164|21|div
1453          210|73|div
1454          184|60|div
1455          299|40|div
1456          184|sqrt
1457          184|80|mult
1458          164|150|div
1459          164|22|div
1460          212|62|mult
1461          301|42|div
1462          245|15|div
1463          245|22|div
1464          265|176|mult
1465          129|86|div
1466          121|184|div
1467          299|32|div
1468          245|212|div
1469          245|155|div
1470          184|124|div
1471          245|30|div
1472          164|15|mult
1473          245|53|div
1474          184|114|div
1475          164|80|div
1476          245|175|div
1477          164|50|mult
1478          245|41|div
1479          245|36|mult
1480          108|52|sub
1481          245|116|div
1482          164|29|mult
1483          245|121|div
1484          164|14|mult
1485          137|81|div
1486          155|62|mult
1487          136|81|div
1488          245|69|div
1489          245|60|div
1490          263|56|mult
1491          299|135|div
1492          300|120|mult
1493          265|126|mult
1494          256|245|mult
1495          245|134|div
1496          301|257|sub
1497          180|81|div
1498          245|70|div
1499          120|134|div
#-----------------------------------------------------------------------
