# c0 + a0 * (ave:vdw_radius_uff * ave:covalent_radius_pyykko_double)
# Property Label: $Volume$; Unit of the Property: AA^3
# RMSE: 12.7503484224111; Max AE: 47.0628544944274
# Coefficients
# Task   a0                      c0
# all ,  5.129116861161188e-03, -9.334706963426551e+01, 
# Feature Rung, Units, and Expressions
# 0;  1; pm^2;                                             55|10|mult; (ave:vdw_radius_uff * ave:covalent_radius_pyykko_double); $\left(ave:vdw_{radius, uff} ave:covalent_{radius, pyykko, double}\right)$; (ave:vdw_radius_uff .* ave:covalent_radius_pyykko_double); ave:vdw_radius_uff,ave:covalent_radius_pyykko_double
# Number of Samples Per Task
# Task, n_mats_train            
# all , 103                   

# Sample ID , Property Value        ,  Property Value (EST) ,  Feature 0 Value      
64          ,  9.806170819706537e+01,  8.741595444401234e+01,  3.524252400000000e+04
27          ,  9.195581102005919e+01,  9.692913265108240e+01,  3.709726400000000e+04
125         ,  2.012029980198631e+02,  1.961359365185736e+02,  5.643915199999999e+04
73          ,  1.013508525385564e+02,  1.109063453941607e+02,  3.982233600000000e+04
11          ,  1.617034912836585e+02,  1.676308900791378e+02,  5.088165600000000e+04
119         ,  1.887146035400442e+02,  1.416517490456168e+02,  4.581662400000000e+04
110         ,  1.562326241405194e+02,  1.706648447683844e+02,  5.147317200000000e+04
113         ,  7.050822380170608e+01,  7.446122088897282e+01,  3.271680000000000e+04
9           ,  7.063457799019668e+01,  5.653069003398601e+01,  2.922096800000000e+04
4           ,  7.851117738952721e+01,  7.712072953088725e+01,  3.323531200000000e+04
124         ,  1.885207260436857e+02,  1.851451007767379e+02,  5.429631999999999e+04
31          ,  8.459240483249847e+01,  7.190991609636148e+01,  3.221938400000000e+04
36          ,  1.804786609572536e+02,  1.818821617943416e+02,  5.366016000000000e+04
16          ,  1.473017585346737e+02,  1.500745180409390e+02,  4.745877200000000e+04
10          ,  1.071503545301096e+02,  1.049674230464919e+02,  3.866445200000000e+04
111         ,  9.534692245017716e+01,  7.179346462714568e+01,  3.219668000000000e+04
42          ,  1.922420330482679e+02,  1.936760325884282e+02,  5.595955600000000e+04
118         ,  5.345461156622450e+01,  5.392622707422561e+01,  2.871318800000001e+04
127         ,  1.258768321724361e+02,  1.286386256242299e+02,  4.327951600000000e+04
96          ,  9.458888504929534e+01,  8.209691664371606e+01,  3.420549600000000e+04
60          ,  6.700355961656858e+01,  8.199185181393202e+01,  3.418501200000000e+04
40          ,  1.876581343779474e+02,  1.951300551526976e+02,  5.624304000000000e+04
86          ,  6.540869502383295e+01,  8.240068346070147e+01,  3.426472000000000e+04
24          ,  9.809953691058023e+01,  1.035131132516782e+02,  3.838091200000000e+04
25          ,  1.397570909097410e+02,  1.599758678120618e+02,  4.938919200000000e+04
23          ,  1.776115625775598e+02,  1.723001508389948e+02,  5.179200000000001e+04
115         ,  1.348472579215662e+02,  1.519986549402350e+02,  4.783391200000000e+04
44          ,  1.408716465187509e+02,  1.732304495388047e+02,  5.197337600000000e+04
15          ,  1.304908476901080e+02,  1.364019132900114e+02,  4.479308800000000e+04
95          ,  7.035268214247002e+01,  6.949574337215014e+01,  3.174870400000000e+04
22          ,  8.942508557141944e+01,  7.086429433304515e+01,  3.201552400000000e+04
140         ,  9.231264108905833e+01,  9.664013769065718e+01,  3.704092000000001e+04
47          ,  5.673059181818780e+01,  6.124443049526295e+01,  3.013998400000001e+04
30          ,  1.575095787725395e+02,  1.509527664628418e+02,  4.762999999999999e+04
112         ,  7.423809586689029e+01,  7.033823159129703e+01,  3.191296000000000e+04
76          ,  6.221586353440775e+01,  5.611391851431549e+01,  2.913971200000000e+04
137         ,  2.091771198782973e+02,  1.672786633660481e+02,  5.081298400000000e+04
33          ,  9.639831336185570e+01,  8.112103035324407e+01,  3.401523200000000e+04
81          ,  6.779890223639997e+01,  6.839651207940096e+01,  3.153439200000000e+04
142         ,  6.217869364696995e+01,  7.951385235950039e+01,  3.370188800000000e+04
62          ,  1.284855607921225e+02,  1.476423113418438e+02,  4.698457600000000e+04
139         ,  7.773399964038569e+01,  5.686810385758061e+01,  2.928675200000000e+04
135         ,  8.871171279800387e+01,  8.331054775893658e+01,  3.444211200000000e+04
53          ,  1.912036606685361e+02,  2.037228441137335e+02,  5.791833599999999e+04
5           ,  5.646241061036604e+01,  5.954494891448579e+01,  2.980864400000000e+04
85          ,  6.604743166171670e+01,  8.096801853904194e+01,  3.398540000000000e+04
109         ,  1.156360400954843e+02,  1.087406681236389e+02,  3.940010400000001e+04
49          ,  7.517971112473752e+01,  6.585647082741670e+01,  3.103917200000000e+04
35          ,  1.142981641844795e+02,  1.078069636902331e+02,  3.921806400000001e+04
77          ,  1.735436897724758e+02,  1.874993038666086e+02,  5.475530800000000e+04
34          ,  6.288448403712296e+01,  8.457021782710289e+01,  3.468770400000001e+04
131         ,  7.332445965687805e+01,  8.290764537125862e+01,  3.436356000000000e+04
43          ,  9.003176998171779e+01,  9.791615938337682e+01,  3.728970000000000e+04
70          ,  5.876522370994315e+01,  5.840605929016611e+01,  2.958660000000000e+04
129         ,  7.058438955216727e+01,  8.605495354313692e+01,  3.497717600000000e+04
13          ,  6.359044555550145e+01,  6.240344677414579e+01,  3.036595200000000e+04
108         ,  2.276117669121919e+02,  2.300740923172980e+02,  6.305591599999999e+04
114         ,  1.245825633863354e+02,  1.394911188260864e+02,  4.539537600000000e+04
3           ,  1.766257549836612e+02,  1.768215699344456e+02,  5.267352000000000e+04
17          ,  1.154201413293227e+02,  1.255264211281494e+02,  4.267274400000000e+04
38          ,  2.142336089710759e+02,  2.009955285469146e+02,  5.738660400000000e+04
72          ,  1.505744324222536e+02,  1.743702418876919e+02,  5.219559599999999e+04
120         ,  2.717063705144595e+02,  2.412452062585699e+02,  6.523389600000000e+04
6           ,  1.752395240612576e+02,  1.642186937960817e+02,  5.021639600000000e+04
101         ,  6.465769186928596e+01,  5.463379900345647e+01,  2.885114000000000e+04
2           ,  5.771548700058894e+01,  6.268887186923568e+01,  3.042160000000000e+04
122         ,  2.014000729838491e+02,  1.915673090315327e+02,  5.554842800000000e+04
54          ,  8.998190321387162e+01,  9.018608787838825e+01,  3.578260400000000e+04
50          ,  1.144884087492389e+02,  1.396125763133587e+02,  4.541905600000000e+04
104         ,  1.531720861969143e+02,  1.475272755088816e+02,  4.696214800000000e+04
61          ,  1.513414191693852e+02,  1.325758383091945e+02,  4.404713600000001e+04
136         ,  1.878481455563482e+02,  1.737639802747027e+02,  5.207739600000000e+04
91          ,  7.059248384925451e+01,  6.633990034981488e+01,  3.113342400000000e+04
41          ,  8.588925575648324e+01,  9.108308835153557e+01,  3.595748800000000e+04
58          ,  2.413589823761019e+02,  2.331127657940569e+02,  6.364835200000000e+04
90          ,  1.323141358213091e+02,  1.311887609781969e+02,  4.377670400000001e+04
48          ,  1.506649136932021e+02,  1.580499870130330e+02,  4.901371200000001e+04
88          ,  1.252802886728060e+02,  1.403588833331251e+02,  4.556456000000000e+04
126         ,  7.603223118739854e+01,  6.982230398446654e+01,  3.181237200000000e+04
21          ,  7.298106977000764e+01,  6.637551693729878e+01,  3.114036800000000e+04
57          ,  1.280373015126955e+02,  1.292968554492564e+02,  4.340784800000000e+04
75          ,  9.416246053996997e+01,  9.647559562175110e+01,  3.700884000000000e+04
32          ,  2.470528593513509e+02,  2.404339851358086e+02,  6.507573600000000e+04
138         ,  6.719447744045841e+01,  7.978144864438089e+01,  3.375406000000000e+04
59          ,  7.370978119031361e+01,  8.037675446375472e+01,  3.387012400000000e+04
128         ,  1.127928271848657e+02,  1.017756556896611e+02,  3.804216800000000e+04
37          ,  6.740982957627959e+01,  6.702020589381186e+01,  3.126606000000000e+04
29          ,  7.604393505755419e+01,  7.100778650635300e+01,  3.204350000000000e+04
107         ,  5.684900711217347e+01,  5.915041724552524e+01,  2.973172400000000e+04
134         ,  2.189143114936079e+02,  2.013191553043864e+02,  5.744970000000000e+04
52          ,  1.685536482338435e+02,  1.628213377148944e+02,  4.994396000000000e+04
130         ,  7.583037174302696e+01,  8.142963905654648e+01,  3.407540000000001e+04
103         ,  5.981199781507478e+01,  6.005720407364365e+01,  2.990851600000000e+04
116         ,  6.928383831454539e+01,  6.820903259989180e+01,  3.149784000000000e+04
87          ,  1.073098314779565e+02,  1.104666569803545e+02,  3.973661200000001e+04
74          ,  1.634935249887072e+02,  1.664783364875000e+02,  5.065694800000000e+04
143         ,  7.259770851342745e+01,  6.158668620517448e+01,  3.020671200000000e+04
20          ,  1.126975075036733e+02,  1.099659936253028e+02,  3.963900000000000e+04
71          ,  2.033361364024827e+02,  2.001002924899674e+02,  5.721206399999999e+04
106         ,  2.038799354056747e+02,  2.047616749263256e+02,  5.812087200000000e+04
14          ,  1.651217664757107e+02,  1.792574490812133e+02,  5.314843199999999e+04
92          ,  7.315017953780705e+01,  8.282529227093585e+01,  3.434750400000000e+04
102         ,  8.368680399312422e+01,  8.472495302457040e+01,  3.471787200000000e+04
