# FEAT_ID     Feature Postfix Expression (RPN)
0             28|3|div
1             3|7|div
2             27|7|div
3             19|6|mult
4             15|4|mult
5             11|16|div
6             23|cbrt
7             22|13|mult
8             26|cb
9             10|16|div
10            24|13|mult
11            16|9|div
12            4|3|div
13            22|4|add
14            24|4|add
15            19|5|div
16            8|1|mult
17            24|1|add
18            7|24|div
19            6|24|div
20            4|1|mult
21            12|9|abd
22            22|1|add
23            1|18|div
24            20|7|div
25            24|7|div
26            24|17|add
27            6|sqrt
28            22|17|add
29            25|16|div
30            19|15|mult
31            12|16|div
32            25|15|mult
33            21|8|div
34            6|cbrt
35            8|4|mult
36            29|16|div
37            8|29|div
38            4|sq
39            9|7|mult
40            10|26|div
41            7|inv
42            21|16|mult
43            29|15|mult
44            25|cb
45            21|4|div
46            17|inv
47            1|4|div
48            26|22|div
49            19|1|div
50            22|26|div
51            15|log
52            17|sq
53            24|26|div
54            23|21|mult
55            8|25|div
56            21|7|div
57            21|9|mult
58            12|sqrt
59            7|sqrt
60            23|3|div
61            3|sqrt
62            19|4|div
63            11|23|div
64            29|12|mult
65            4|1|div
66            27|10|div
67            26|7|div
68            12|6|mult
69            19|inv
70            4|19|div
71            15|13|mult
72            28|16|div
73            16|3|div
74            25|sq
75            24|18|add
76            26|24|div
77            23|inv
78            26|23|mult
79            25|8|mult
80            16|25|div
81            22|18|add
82            6|3|div
83            19|12|mult
84            7|cbrt
85            7|3|div
86            12|5|add
87            1|16|div
88            1|19|div
89            8|16|div
90            17|14|mult
91            22|19|add
92            21|sq
93            14|sq
94            10|sqrt
95            17|16|div
96            28|12|mult
97            24|19|add
98            21|3|div
99            17
100           28|15|mult
101           3|inv
102           23|1|div
103           4|29|div
104           16|1|div
105           25|12|mult
106           16|29|div
107           17|cbrt
108           17|sqrt
109           25
110           25|1|mult
111           29|8|mult
112           24|14|add
113           12|cbrt
114           22|14|add
115           25|4|mult
116           18|12|mult
117           23|25|div
118           17|8|mult
119           8
120           4|16|div
121           25|sqrt
122           12|9|add
123           15|nexp
124           4|25|div
125           3|cbrt
126           26|1|div
127           18|sq
128           26|3|div
129           17|1|mult
130           25|cbrt
131           26|16|mult
132           12|11|mult
133           11|26|div
134           29|cb
135           25|8|add
136           29|1|mult
137           20|10|div
138           18|21|div
139           29|25|mult
140           19|8|mult
141           18|8|mult
142           1|29|div
143           18|1|mult
144           15|inv
145           14|16|div
146           14|1|mult
147           29|3|div
148           12|23|div
149           25|3|div
150           19|cb
151           23|29|div
152           19|3|div
153           18|15|mult
154           29|4|mult
155           8|cbrt
156           8|sqrt
157           19|1|mult
158           26|16|add
159           17|4|mult
160           8|4|add
161           18|3|div
162           21|11|sub
163           19|4|mult
164           14|8|mult
165           8|1|add
166           1|25|div
167           25|inv
168           16|11|div
169           25|4|add
170           16|4|div
171           18|4|mult
172           15|21|div
173           25|1|add
174           1
175           4
176           23|11|div
177           16|8|div
178           19|cbrt
179           23|4|div
180           4|1|add
181           29|25|add
182           26|sq
183           14|4|mult
184           9|6|mult
185           17|14|add
186           19|sqrt
187           29|sq
188           21|cb
189           12|26|div
190           29|8|add
191           26|23|add
192           19|sq
193           13|cb
194           14|inv
195           25|17|mult
196           24|13|add
197           19
198           10|cbrt
199           22|13|add
200           23|8|div
201           25|18|mult
202           21|15|sub
203           4|cbrt
204           4|sqrt
205           17|13|mult
206           26|11|div
207           15|16|div
208           15|12|mult
209           25|19|mult
210           26|4|div
211           29|1|add
212           19|8|add
213           29|4|add
214           1|sqrt
215           1|cbrt
216           14
217           25|23|div
218           29
219           8|21|div
220           25|21|div
221           13|1|mult
222           29|17|mult
223           26|8|div
224           18|23|div
225           18
226           28|17|mult
227           14|13|mult
228           9
229           18|8|add
230           29|sqrt
231           19|4|add
232           13|16|div
233           24|12|mult
234           12|2|add
235           17|8|add
236           29|cbrt
237           25|19|add
238           29|23|div
239           21|17|div
240           1|21|div
241           16|17|div
242           25|18|add
243           19|1|add
244           29|18|mult
245           16|18|div
246           18|17|mult
247           13|8|mult
248           25|17|add
249           11|9|mult
250           17|21|div
251           18|1|add
252           14|sqrt
253           4|5|div
254           14|cbrt
255           4|2|div
256           18|4|add
257           18|sqrt
258           13|4|mult
259           29|19|mult
260           19|16|div
261           29|inv
262           19|17|mult
263           4|21|div
264           17|1|add
265           28|cb
266           18|inv
267           26|17|div
268           18|cbrt
269           11|5|div
270           17|4|add
271           28|1|mult
272           29|21|div
273           8|2|div
274           1|23|div
275           17|12|mult
276           28|14|mult
277           25|14|mult
278           15|23|div
279           11|2|div
280           28|22|add
281           22|12|mult
282           28|24|add
283           17|13|add
284           8|23|div
285           28|8|mult
286           1|5|div
287           8|5|div
288           23|17|div
289           29|19|add
290           29|18|add
291           5|sqrt
292           18|14|mult
293           13|12|mult
294           29|17|add
295           26
296           10|inv
297           29|14|mult
298           4|23|div
299           9|16|div
300           1|2|div
301           28|4|mult
302           9|21|div
303           14|8|add
304           19|17|add
305           26|14|div
306           15|26|div
307           19|18|mult
308           12|8|mult
309           21|25|div
310           14|1|add
311           21|19|div
312           18|17|add
313           13|sq
314           23|18|div
315           25|14|add
316           14|13|add
317           16|19|div
318           19|14|mult
319           14|21|div
320           12|4|mult
321           28|21|div
322           14|4|add
323           26|sqrt
324           28|17|add
325           19|18|add
326           12|1|mult
327           17|23|div
328           26|cbrt
329           26|inv
330           1|26|div
331           28|18|mult
332           17|26|div
333           14|12|mult
334           15|9|mult
335           16|14|div
336           23|14|div
337           2|sqrt
338           28|sq
339           21|14|div
340           16|28|div
341           21|sp
342           9|2|add
343           8|26|div
344           13|inv
345           5|cbrt
346           29|14|add
347           9|5|add
348           28|14|add
349           21|18|div
350           14|26|div
351           23|19|div
352           28|23|div
353           25|13|mult
354           18|14|add
355           9|23|div
356           4|26|div
357           14|23|div
358           13|8|add
359           21|29|div
360           19|14|add
361           21|15|div
362           18|26|div
363           13|1|add
364           19|9|mult
365           25|13|add
366           13|4|add
367           29|9|mult
368           6|0|mult
369           13
370           26|21|mult
371           19|23|div
372           18|9|mult
373           25|26|div
374           18|13|mult
375           28|13|mult
376           28
377           19|21|div
378           28|25|mult
379           13|sqrt
380           28|9|mult
381           26|25|div
382           29|13|mult
383           13|cbrt
384           9|sqrt
385           9|26|div
386           16|13|div
387           24|9|mult
388           21|10|div
389           2|cbrt
390           22|9|mult
391           29|26|div
392           19|13|mult
393           0|sp
394           25|9|mult
395           23|28|div
396           28|sqrt
397           28|26|div
398           26|13|div
399           28|cbrt
400           28|18|add
401           26|29|div
402           16|15|div
403           29|13|add
404           28|8|add
405           28|1|add
406           9|cbrt
407           23|13|div
408           28|inv
409           19|13|add
410           28|4|add
411           23|15|div
412           28|25|add
413           18|13|add
414           29|28|mult
415           28|13|add
416           13|21|div
417           9|1|mult
418           13|23|div
419           26|28|div
420           9|8|mult
421           9|4|mult
422           17|9|mult
423           26|15|div
424           13|26|div
425           28|19|mult
426           29|28|add
427           21|13|div
428           26|19|div
429           26|18|div
430           13|9|mult
431           28|19|add
432           0|27|div
433           14|9|mult
434           19|26|div
435           7|0|mult
436           23|10|div
437           21|28|div
438           26|10|div
439           16|10|div
440           0|20|div
441           0|2|div
442           0|5|div
443           16|0|add
444           12|0|mult
445           10|0|mult
446           0|12|div
447           27|0|mult
448           0|9|div
449           0|3|div
450           20|0|mult
451           9|0|mult
452           0|10|div
453           23|0|add
454           0|cb
455           0|1|div
456           1|0|mult
457           0|4|div
458           0|8|div
459           0|11|div
460           4|0|mult
461           26|0|add
462           11|0|mult
463           0|6|div
464           8|0|mult
465           0|7|div
466           0|cbrt
467           0|sq
468           22|0|mult
469           0|15|div
470           0|14|div
471           24|0|mult
472           0|13|div
473           15|0|mult
474           0|17|div
475           14|0|mult
476           0|19|div
477           0|22|div
478           0|24|div
479           13|0|mult
480           0|sqrt
481           0|18|div
482           17|0|mult
483           0|16|div
484           16|0|mult
485           0|28|div
486           0|25|div
487           0|29|div
488           26|0|mult
489           23|0|mult
490           0|23|div
491           19|0|mult
492           18|0|mult
493           0|26|div
494           25|0|mult
495           29|0|mult
496           28|0|mult
497           21|0|mult
498           0|abs
499           0|21|div
#-----------------------------------------------------------------------
500           22|17|div
501           7|29|div
502           28|15|div
503           28|4|sub
504           26|9|div
505           7|13|div
506           13|1|sub
507           6|21|div
508           29|25|abd
509           12|5|div
510           17|8|sub
511           27|3|mult
512           23|9|div
513           25|16|mult
514           13|1|abd
515           29|25|sub
516           7|17|div
517           22|8|abd
518           7|28|div
519           12|3|div
520           25|24|sub
521           11|1|div
522           24|16|div
523           7|14|div
524           5|12|div
525           7|18|div
526           23|18|mult
527           26|3|mult
528           13|29|div
529           19|13|div
530           17|22|div
531           19|14|div
532           24|18|div
533           24|22|div
534           22|11|div
535           22|24|div
536           23|16|abd
537           6|1|mult
538           26|0|sub
539           11|24|div
540           6|15|div
541           8|22|div
542           18|6|mult
543           22|16|div
544           28|1|sub
545           14|6|mult
546           24|25|div
547           19|28|div
548           23|3|mult
549           19|1|sub
550           9|2|div
551           24|6|mult
552           16|3|mult
553           6|4|mult
554           28|6|mult
555           6|12|div
556           13|6|mult
557           17|6|mult
558           8|6|mult
559           19|4|sub
560           21|15|mult
561           26|23|sub
562           28|19|div
563           3|6|div
564           21|7|mult
565           14|cb
566           11|6|mult
567           29|17|div
568           9|7|div
569           17|4|abd
570           22|6|mult
571           17|4|sub
572           11|sq
573           9|3|div
574           9|5|div
575           27|11|div
576           15|22|div
577           15|6|mult
578           11|14|div
579           6|19|div
580           22|18|div
581           26|16|abd
582           29|6|mult
583           20|11|div
584           24|23|div
585           27|8|div
586           15
587           25|6|mult
588           20|8|div
589           3|12|div
590           24|19|div
591           3|2|div
592           7|4|div
593           7|8|div
594           6|9|div
595           22|25|div
596           3|5|div
597           15|11|mult
598           4|22|div
599           24|16|mult
600           29|14|div
601           29|sp
602           17|1|sub
603           27|4|div
604           20|4|div
605           11|sin
606           26|7|mult
607           9|6|div
608           1|cb
609           24|28|div
610           29|13|div
611           22|23|div
612           19|sp
613           15|sin
614           21|16|div
615           17|1|abd
616           3|9|div
617           22|8|div
618           15|14|mult
619           24|21|div
620           24|29|div
621           24|cb
622           6
623           17|cb
624           25|4|sub
625           28|24|div
626           17|15|mult
627           24|8|abd
628           29|16|mult
629           14|11|div
630           24|11|div
631           28|18|div
632           28|26|mult
633           6|22|div
634           24|23|mult
635           24|15|mult
636           11|13|div
637           26|24|mult
638           10|2|div
639           18|16|mult
640           29|25|div
641           25|29|div
642           6|13|div
643           15|sqrt
644           23|19|mult
645           6|14|div
646           6|25|div
647           25|24|div
648           16|cbrt
649           22|8|sub
650           22|19|div
651           22|28|div
652           6|17|div
653           22|21|div
654           22|15|mult
655           27|1|div
656           18|28|div
657           6|29|div
658           22|29|div
659           20|1|div
660           7|1|div
661           23|7|mult
662           28|22|div
663           15|cbrt
664           22|cb
665           16|sqrt
666           19|16|mult
667           25|1|sub
668           18|24|div
669           25|sp
670           22|16|mult
671           18|29|div
672           6|28|div
673           6|4|div
674           22|4|div
675           6|8|div
676           10|5|div
677           6|18|div
678           19|29|div
679           25|19|sub
680           21|26|div
681           24|sq
682           11|17|div
683           24|11|mult
684           18|cb
685           6|2|div
686           28|16|mult
687           29|24|div
688           4|cb
689           16|7|mult
690           25|22|div
691           29|23|mult
692           22|11|mult
693           24|22|mult
694           26|22|mult
695           23|22|mult
696           11|1|mult
697           13|11|div
698           8|cb
699           29|22|div
700           22|sq
701           16
702           29|19|div
703           10|3|div
704           28|21|mult
705           11|18|div
706           24
707           16|0|sub
708           15|1|mult
709           11|4|mult
710           28|23|mult
711           18|22|div
712           28|24|mult
713           29|24|mult
714           14|11|mult
715           24|14|mult
716           16|24|div
717           24|17|mult
718           24|22|add
719           8|15|div
720           21|6|mult
721           6|1|div
722           24|sqrt
723           11|21|div
724           24|8|div
725           22|4|sub
726           16|22|div
727           17|11|mult
728           11|8|mult
729           24|cbrt
730           13|11|mult
731           22
732           29|22|mult
733           28|22|mult
734           19|24|div
735           22|14|mult
736           25|24|mult
737           27|3|div
738           21|24|div
739           22|17|mult
740           29|11|mult
741           1|sq
742           15|8|mult
743           22|sqrt
744           21|22|div
745           22|cbrt
746           20|3|div
747           23|0|sub
748           15|11|add
749           26|17|mult
750           25|22|mult
751           8|24|div
752           11|cos
753           14|8|div
754           26|sp
755           17|11|div
756           24|18|mult
757           24|inv
758           16|21|div
759           25|11|mult
760           19|11|mult
761           1|8|div
762           26|21|div
763           24|1|mult
764           22|inv
765           15|11|div
766           24|21|mult
767           6|5|div
768           24|4|div
769           13|6|div
770           11|28|div
771           22|18|mult
772           2|0|mult
773           28|11|mult
774           13|7|div
775           14|6|div
776           18|11|mult
777           16|sq
778           22|7|div
779           26|6|mult
780           29|18|div
781           22|1|mult
782           22|21|mult
783           24|8|sub
784           23|16|add
785           11|15|div
786           22|1|div
787           4|24|div
788           14|7|div
789           24|4|mult
790           14|28|div
791           24|8|mult
792           8|14|div
793           24|19|mult
794           22|1|sub
795           16|6|div
796           16|7|div
797           29|24|add
798           28|7|div
799           22|4|mult
800           17|28|div
801           11|19|div
802           19|22|div
803           22|19|mult
804           22|8|mult
805           29|22|add
806           28|6|div
807           23|sqrt
808           25|7|div
809           27|5|div
810           27|2|div
811           14|4|div
812           15|8|div
813           1|22|div
814           20|2|div
815           20|5|div
816           21|23|div
817           25|24|add
818           29|7|div
819           13|8|div
820           17|6|div
821           11
822           4|15|div
823           26|13|mult
824           21|14|mult
825           23|24|div
826           25|22|add
827           8|sq
828           17|7|div
829           13|28|div
830           7|2|div
831           16|11|mult
832           8|1|div
833           11|25|div
834           23|6|mult
835           16|cb
836           26|6|div
837           23|22|div
838           24|4|sub
839           25|6|div
840           1|3|div
841           29|6|div
842           23|6|div
843           23|7|div
844           23
845           8|13|div
846           13|4|div
847           24|8|add
848           15|4|div
849           16|6|mult
850           28|14|div
851           22|6|div
852           10|7|div
853           11|29|div
854           22|8|add
855           8|3|div
856           21|13|mult
857           24|6|div
858           21|17|mult
859           24|1|div
860           11|3|div
861           21|11|mult
862           26|11|mult
863           26|14|mult
864           4|14|div
865           18|6|div
866           10|6|div
867           23|16|mult
868           5|0|mult
869           28|17|div
870           1|15|div
871           18|7|div
872           6|inv
873           21|6|div
874           17|8|div
875           24|1|sub
876           14|1|div
877           29|1|sub
878           17|4|div
879           16|sp
880           19|6|div
881           28|13|div
882           4|13|div
883           23|11|mult
884           15|6|div
885           29|8|sub
886           7|5|div
887           13|1|div
888           8|17|div
889           23|sq
890           19|7|div
891           15|7|div
892           11|sqrt
893           29|4|sub
894           1|14|div
895           1|24|div
896           23|21|div
897           4|17|div
898           15|1|div
899           1|13|div
900           23|sp
901           14|3|div
902           29|21|mult
903           17|1|div
904           13|3|div
905           15|3|div
906           3|0|mult
907           23|cb
908           1|17|div
909           25|21|mult
910           17|3|div
911           11|cbrt
912           22|2|div
913           8|19|div
914           18|11|div
915           1|28|div
916           14|2|div
917           13|2|div
918           4|6|div
919           1|6|div
920           24|2|div
921           8|28|div
922           4|28|div
923           22|5|div
924           17|2|div
925           15|2|div
926           14|5|div
927           4|18|div
928           13|5|div
929           1|7|div
930           4|7|div
931           8|18|div
932           24|5|div
933           11|6|div
934           28|11|div
935           11|log
936           21|1|mult
937           17|5|div
938           19|11|div
939           15|5|div
940           8|6|div
941           25|11|div
942           11|7|div
943           28|2|div
944           21|4|mult
945           22|3|div
946           21|exp
947           16|2|div
948           8|7|div
949           24|3|div
950           29|11|div
951           21|19|mult
952           21|8|mult
953           25|2|div
954           23|2|div
955           16|5|div
956           29|2|div
957           18|2|div
958           26|2|div
959           21|2|div
960           28|5|div
961           2|inv
962           28|8|div
963           28|4|div
964           19|2|div
965           28|1|div
966           23|5|div
967           26|5|div
968           25|5|div
969           21|5|div
970           26|8|mult
971           5|inv
972           29|5|div
973           21|11|div
974           18|5|div
975           16|8|mult
976           26|1|mult
977           11|inv
978           25|1|div
979           18|4|div
980           21|1|div
981           19|8|div
982           18|8|div
983           25|4|div
984           26|4|mult
985           18|1|div
986           25|8|div
987           11|nexp
988           1|inv
989           29|1|div
990           4|inv
991           8|inv
992           29|4|div
993           29|8|div
994           23|8|mult
995           21|18|mult
996           16|4|mult
997           16|1|mult
998           23|1|mult
999           23|4|mult
#-----------------------------------------------------------------------
1000          2|7|div
1001          22|13|div
1002          13|14|div
1003          9|27|div
1004          23|15|mult
1005          13|18|div
1006          27|20|mult
1007          28|10|div
1008          9|18|div
1009          24|10|div
1010          7|sp
1011          19|15|div
1012          6|sp
1013          18|9|div
1014          27|20|div
1015          23|20|div
1016          25|10|div
1017          28|25|sub
1018          27
1019          17|9|div
1020          4|1|abd
1021          22|14|div
1022          23|9|mult
1023          10|29|div
1024          16|20|div
1025          10|28|div
1026          27|cb
1027          1|20|div
1028          17|14|sub
1029          28|17|sub
1030          15|19|div
1031          22|10|div
1032          20|23|div
1033          10|9|mult
1034          14|13|div
1035          12|17|div
1036          5|20|div
1037          18|12|div
1038          14|9|div
1039          22|12|div
1040          23|16|div
1041          24|12|div
1042          20|26|div
1043          11|4|div
1044          27|sq
1045          23|12|div
1046          12|24|div
1047          5|2|mult
1048          22|9|div
1049          11|10|mult
1050          26|12|div
1051          20|sp
1052          23|14|mult
1053          29|20|mult
1054          28|20|mult
1055          27|15|mult
1056          27|21|div
1057          24|17|div
1058          23|17|mult
1059          18|13|div
1060          4|11|div
1061          15|sp
1062          25|12|div
1063          15|cos
1064          25|28|div
1065          13|24|div
1066          19|9|div
1067          19|10|div
1068          24|9|div
1069          28|25|div
1070          20|16|div
1071          25|9|div
1072          15|exp
1073          17|12|div
1074          14|8|sub
1075          13|12|div
1076          25|20|mult
1077          29|12|div
1078          26|10|mult
1079          16|12|div
1080          10|25|div
1081          29|9|div
1082          2|27|div
1083          24|17|abd
1084          10|19|div
1085          15|10|div
1086          25|22|sub
1087          26|9|mult
1088          22|17|abd
1089          28|8|sub
1090          12|5|mult
1091          15|sq
1092          20|9|mult
1093          25|8|sub
1094          12|9|sub
1095          14|25|div
1096          18|13|sub
1097          15|cb
1098          10|8|mult
1099          10|5|mult
1100          13|4|abd
1101          13|4|sub
1102          24|10|mult
1103          20|12|mult
1104          18|13|abd
1105          27|23|div
1106          28|9|div
1107          14|24|div
1108          17|25|div
1109          12|inv
1110          20|19|mult
1111          12|18|div
1112          5|9|div
1113          9|25|div
1114          10|15|div
1115          9|19|div
1116          10|4|mult
1117          27|26|div
1118          18|10|div
1119          28|12|div
1120          23|12|mult
1121          29|27|mult
1122          19|12|div
1123          9|28|div
1124          21|12|div
1125          28|27|mult
1126          14|12|div
1127          22|10|mult
1128          12|15|div
1129          12|10|mult
1130          25|14|div
1131          14|13|sub
1132          26|18|mult
1133          14|8|abd
1134          10|2|mult
1135          16|12|mult
1136          27|25|mult
1137          27|16|div
1138          13|22|div
1139          27|12|mult
1140          12|5|sub
1141          11|sp
1142          20|18|mult
1143          27|9|mult
1144          26|16|div
1145          26|12|mult
1146          25|17|div
1147          9|20|div
1148          9|29|div
1149          25|18|abd
1150          2|12|div
1151          23|10|mult
1152          25|17|sub
1153          9|inv
1154          20|14|mult
1155          8|4|abd
1156          16|23|div
1157          20|17|mult
1158          5|1|div
1159          10|1|mult
1160          9|15|div
1161          20|13|mult
1162          7|12|div
1163          16|26|div
1164          9|5|abd
1165          21|9|div
1166          14|22|div
1167          27|19|mult
1168          17|24|div
1169          3|sp
1170          12|10|div
1171          10|18|div
1172          5|22|div
1173          23|13|mult
1174          5|13|div
1175          12|20|div
1176          5|4|div
1177          9|cb
1178          5|14|div
1179          24|20|mult
1180          2|sq
1181          12|28|div
1182          12|19|div
1183          17|10|div
1184          14|4|sub
1185          12|25|div
1186          27|18|mult
1187          9|5|sub
1188          5|11|div
1189          14|19|div
1190          10|17|div
1191          12|sq
1192          12|2|div
1193          18|15|div
1194          18|14|sub
1195          11|exp
1196          18|8|sub
1197          17|19|div
1198          27|13|mult
1199          27|14|mult
1200          5|24|div
1201          9|5|mult
1202          18|14|abd
1203          27|17|mult
1204          27|24|mult
1205          4|8|div
1206          5|8|div
1207          14|4|abd
1208          22|20|mult
1209          9|12|div
1210          7|20|div
1211          8|4|div
1212          12|7|div
1213          12|29|div
1214          5|17|div
1215          5|15|div
1216          6|20|div
1217          27|22|mult
1218          14|29|div
1219          12|2|mult
1220          15|18|div
1221          7|9|div
1222          14|10|div
1223          7|cb
1224          13|10|div
1225          6|7|div
1226          3|20|div
1227          16|15|mult
1228          5|28|div
1229          2|20|div
1230          5|18|div
1231          15|9|div
1232          10|14|div
1233          9|10|div
1234          9|sq
1235          19|17|div
1236          1|11|div
1237          6|cb
1238          24|15|div
1239          13|25|div
1240          12|9|mult
1241          17|29|div
1242          7|6|div
1243          26|5|mult
1244          5|10|div
1245          20|11|mult
1246          2|1|div
1247          21|12|mult
1248          16|5|mult
1249          8|4|sub
1250          20|8|mult
1251          25|18|sub
1252          2|22|div
1253          16|10|mult
1254          5|25|div
1255          10|13|div
1256          12|6|div
1257          15|5|mult
1258          2|9|div
1259          9|2|mult
1260          2|4|div
1261          5|2|abd
1262          10|3|mult
1263          25|13|div
1264          23|5|mult
1265          5|19|div
1266          10|7|mult
1267          20|4|mult
1268          5|29|div
1269          2|11|div
1270          2|24|div
1271          21|5|mult
1272          2|13|div
1273          2|8|div
1274          28|18|abd
1275          28|18|sub
1276          14|1|sub
1277          14|1|abd
1278          5|21|div
1279          5
1280          21|11|add
1281          2|14|div
1282          5|3|mult
1283          11|5|mult
1284          5|16|div
1285          27|11|mult
1286          29|5|mult
1287          5|23|div
1288          7|5|mult
1289          19|5|mult
1290          15|2|mult
1291          27|8|mult
1292          3|cb
1293          22|15|div
1294          25|5|mult
1295          2|18|div
1296          12
1297          18|17|sub
1298          15|12|div
1299          18|17|abd
1300          5|26|div
1301          2|17|div
1302          11|cb
1303          20|1|mult
1304          21|sin
1305          2|28|div
1306          13|19|div
1307          6|5|mult
1308          17|5|mult
1309          8|5|mult
1310          27|4|mult
1311          24|5|mult
1312          16|2|mult
1313          11|2|mult
1314          14|sp
1315          10|6|mult
1316          22|18|sub
1317          22|18|abd
1318          5|2|sub
1319          14|5|mult
1320          21|inv
1321          22|5|mult
1322          12|21|div
1323          5|4|mult
1324          18|5|mult
1325          28|5|mult
1326          26|2|mult
1327          2|25|div
1328          2|15|div
1329          13|5|mult
1330          7|10|div
1331          3|2|mult
1332          5|1|mult
1333          5|2|add
1334          21|log
1335          2|29|div
1336          23|2|mult
1337          21|2|mult
1338          21|15|add
1339          21|cbrt
1340          3|sq
1341          19|2|mult
1342          21|sqrt
1343          25|18|div
1344          2|19|div
1345          18|19|div
1346          27|1|mult
1347          7|sq
1348          2
1349          2|26|div
1350          19|18|abd
1351          2|23|div
1352          2|21|div
1353          21
1354          29|2|mult
1355          7|2|mult
1356          2|16|div
1357          25|2|mult
1358          19|18|div
1359          7|3|mult
1360          17|2|mult
1361          24|sp
1362          14|2|mult
1363          22|sp
1364          18|25|div
1365          24|18|sub
1366          24|18|abd
1367          20|2|mult
1368          8|2|mult
1369          13|2|mult
1370          2|10|div
1371          22|2|mult
1372          24|2|mult
1373          28|2|mult
1374          4|2|mult
1375          3|10|div
1376          6|10|div
1377          17|sp
1378          16|inv
1379          7|6|mult
1380          6|2|mult
1381          6|3|mult
1382          21|cos
1383          20|5|mult
1384          4|1|sub
1385          2|1|mult
1386          18|2|mult
1387          19|8|sub
1388          19|18|sub
1389          7|11|div
1390          7|16|div
1391          17|13|div
1392          11|3|mult
1393          15|3|mult
1394          13|17|div
1395          3|16|div
1396          8|10|div
1397          8|1|sub
1398          6|sq
1399          9|3|mult
1400          12|3|mult
1401          10|24|div
1402          3|23|div
1403          8|sp
1404          15|7|mult
1405          3|26|div
1406          15|17|div
1407          7|23|div
1408          12|7|mult
1409          17|15|div
1410          1|sp
1411          8|3|mult
1412          11|10|div
1413          17|3|mult
1414          24|3|mult
1415          3|1|mult
1416          14|3|mult
1417          27|2|mult
1418          4|3|mult
1419          3|21|div
1420          3|18|div
1421          7|26|div
1422          22|3|mult
1423          29|3|mult
1424          3|28|div
1425          11|7|mult
1426          25|3|mult
1427          13|sp
1428          19|3|mult
1429          6|16|div
1430          7|21|div
1431          29|18|sub
1432          3|11|div
1433          15|11|abd
1434          15|11|sub
1435          4|sp
1436          27|5|mult
1437          13|3|mult
1438          29|18|abd
1439          7|22|div
1440          6|11|div
1441          28|sp
1442          3|13|div
1443          3
1444          14|7|mult
1445          17|7|mult
1446          24|7|mult
1447          8|7|mult
1448          18|3|mult
1449          3|22|div
1450          28|3|mult
1451          10|22|div
1452          29|7|mult
1453          3|19|div
1454          21|3|mult
1455          4|10|div
1456          7|1|mult
1457          25|7|mult
1458          22|7|mult
1459          3|24|div
1460          7|4|mult
1461          3|1|div
1462          3|25|div
1463          3|4|div
1464          7|19|div
1465          3|29|div
1466          3|14|div
1467          18|16|div
1468          3|8|div
1469          3|17|div
1470          19|7|mult
1471          10|8|div
1472          10|11|div
1473          13|7|mult
1474          7
1475          20|3|mult
1476          18|7|mult
1477          28|7|mult
1478          15|24|div
1479          7|15|div
1480          7|25|div
1481          27|7|mult
1482          6|23|div
1483          3|15|div
1484          20|7|mult
1485          17|13|sub
1486          6|26|div
1487          14|15|div
1488          1|10|div
1489          20|6|mult
1490          27|6|mult
1491          18|sp
1492          10|9|div
1493          15|14|div
1494          10|4|div
1495          17|13|abd
1496          10|1|div
1497          13|15|div
1498          15|13|div
1499          10|12|div
#-----------------------------------------------------------------------
