0             55|10|add
1             55|11|mult
2             257|11|mult
3             55|11|add
4             242|55|add
5             55|9|add
6             55|24|mult
7             241|55|add
8             243|55|add
9             256|55|mult
10            55|12|add
11            55|54|add
12            55|10|mult
13            256|242|mult
14            55|54|mult
15            46|17|div
16            229|11|mult
17            256|10|mult
18            46|8|mult
19            256|243|mult
20            25|11|mult
21            284|55|add
22            256|241|mult
23            241|229|mult
24            256|24|add
25            27|182|div
26            242|229|mult
27            256|25|add
28            27|198|div
29            55|53|add
30            27|183|div
31            257|24|add
32            285|55|add
33            234|55|add
34            256|24|mult
35            284|55|mult
36            27|175|div
37            287|242|mult
38            240|55|add
39            210|11|mult
40            287|243|mult
41            243|46|mult
42            244|55|add
43            242|55|mult
44            243|229|mult
45            55|cb
46            241|46|mult
47            11|sq
48            46|12|mult
49            241|55|mult
50            54|11|mult
51            234|229|mult
52            55|210|div
53            55|8|add
54            55|9|mult
55            55|sq
56            55|52|add
57            242|46|mult
58            11
59            11|cb
60            55|2|add
61            287|241|mult
62            256|49|mult
63            234|55|mult
64            259|243|mult
65            284|256|mult
66            256|229|mult
67            240|46|mult
68            11|sqrt
69            11|cbrt
70            55|53|mult
71            285|55|mult
72            286|55|add
73            55
74            256|12|mult
75            243|55|mult
76            259|242|mult
77            55|sp
78            46|9|mult
79            244|46|mult
80            55|2|mult
81            256|234|mult
82            55|12|mult
83            11|210|div
84            55|sqrt
85            242|25|mult
86            55|cbrt
87            259|241|mult
88            11|10|mult
89            289|37|div
90            256|244|mult
91            259|244|mult
92            256|9|mult
93            256|240|mult
94            11|2|mult
95            233|55|add
96            104|77|div
97            241|25|mult
98            11|10|add
99            256|54|mult
100           259|11|mult
101           55|1|add
102           242|233|mult
103           284|11|mult
104           241|233|mult
105           284|229|mult
106           281|256|mult
107           285|229|mult
108           11|9|mult
109           259|240|mult
110           243|25|mult
111           284|24|mult
112           287|11|mult
113           53|11|mult
114           240|229|mult
115           286|55|mult
116           54|11|add
117           242|11|add
118           281|46|mult
119           286|256|mult
120           11|inv
121           242|11|mult
122           234|11|mult
123           285|256|mult
124           286|229|mult
125           234|25|mult
126           285|11|mult
127           241|11|add
128           27|226|div
129           241|11|mult
130           11|9|add
131           242|185|mult
132           244|229|mult
133           210|55|div
134           243|233|mult
135           259|220|mult
136           46|11|mult
137           52|11|mult
138           281|46|add
139           243|18|mult
140           46|191|div
141           104|73|div
142           55|inv
143           48|10|mult
144           259|10|mult
145           243|11|add
146           289|132|mult
147           259|49|mult
148           241|185|mult
149           263|11|mult
150           263|242|mult
151           242|54|mult
152           210|11|div
153           243|11|mult
154           243|185|mult
155           285|25|mult
156           259|46|mult
157           269|37|div
158           286|11|mult
159           287|244|mult
160           263|241|mult
161           253|27|mult
162           287|10|mult
163           242|54|add
164           242|9|mult
165           49|11|mult
166           284|11|add
167           242|49|mult
168           242|10|add
169           259|229|mult
170           233|11|mult
171           242|18|mult
172           12|11|mult
173           241|10|add
174           242|10|mult
175           243|48|mult
176           289|190|mult
177           242|9|add
178           256|52|mult
179           263|243|mult
180           287|240|mult
181           259|55|mult
182           281|259|mult
183           241|54|mult
184           242|48|mult
185           242|1|mult
186           241|10|mult
187           49|24|mult
188           243|10|add
189           241|220|mult
190           229|10|mult
191           289|270|mult
192           46|20|div
193           241|18|mult
194           241|9|mult
195           286|24|mult
196           241|54|add
197           241|1|mult
198           12|11|add
199           281|229|mult
200           259|234|mult
201           243|9|mult
202           243|54|add
203           243|220|mult
204           46|192|div
205           259|12|mult
206           243|54|mult
207           27|184|div
208           75|104|div
209           243|49|mult
210           243|9|add
211           241|9|add
212           270|243|mult
213           256|53|mult
214           55|52|mult
215           243|10|mult
216           27|186|div
217           259|246|mult
218           284|259|mult
219           240|55|mult
220           259|24|mult
221           11|1|mult
222           244|55|mult
223           259|190|mult
224           220|192|div
225           242|220|mult
226           270|246|mult
227           242|2|mult
228           241|49|mult
229           240|220|mult
230           242|53|mult
231           24|2|mult
232           234|10|mult
233           10|2|mult
234           243|1|mult
235           259|191|div
236           285|259|mult
237           242|52|mult
238           49|10|mult
239           267|243|mult
240           286|259|mult
241           256|220|mult
242           269|267|mult
243           284|10|add
244           256|30|div
245           240|25|mult
246           284|10|mult
247           287|12|mult
248           46|10|mult
249           242|12|mult
250           229|12|mult
251           244|25|mult
252           252|27|mult
253           185|11|mult
254           234|11|add
255           229|24|mult
256           239|37|div
257           229|191|div
258           259|9|mult
259           259|27|add
260           11|sp
261           244|220|mult
262           220|191|div
263           246|235|mult
264           253|3|mult
265           285|10|mult
266           24|cb
267           55|49|mult
268           239|132|mult
269           242|12|add
270           210|55|mult
271           285|11|add
272           244|11|mult
273           229|192|div
274           259|30|div
275           256|2|mult
276           229|9|mult
277           243|53|mult
278           241|53|mult
279           240|11|mult
280           49|46|add
281           242|sq
282           234|10|add
283           256|8|mult
284           281|55|mult
285           241|12|mult
286           243|185|add
287           243|2|mult
288           270|242|mult
289           289|235|mult
290           259|192|div
291           242|210|mult
292           243|52|mult
293           241|52|mult
294           237|37|div
295           242|241|mult
296           24|sq
297           243|12|mult
298           241|12|add
299           240|11|add
300           269|46|mult
301           244|11|add
302           253|38|mult
303           241|2|mult
304           243|12|add
305           24|210|div
306           241|233|add
307           242
308           241|210|mult
309           243|242|mult
310           220|11|mult
311           259|54|mult
312           284|242|mult
313           241|48|mult
314           259|48|div
315           244|10|add
316           241|sq
317           285|10|add
318           259|8|mult
319           242|241|add
320           242|234|mult
321           243|241|mult
322           240|10|add
323           11|2|add
324           241|285|div
325           289|34|div
326           259|52|mult
327           241|286|div
328           220|49|mult
329           286|10|mult
330           256|191|div
331           269|190|mult
332           242|285|div
333           285|241|div
334           287|281|mult
335           257|1|mult
336           242|210|div
337           242|185|add
338           243|242|add
339           259|176|div
340           289|46|mult
341           243|30|div
342           49|46|mult
343           242|233|add
344           24|10|mult
345           270|244|mult
346           243|sq
347           256|192|div
348           234|9|mult
349           241
350           242|sqrt
351           267|244|mult
352           244|10|mult
353           243|210|mult
354           10|2|add
355           220|189|div
356           285|242|mult
357           259|253|mult
358           284|54|mult
359           243|241|add
360           243|27|mult
361           242|cb
362           281|24|mult
363           289|256|mult
364           256|210|div
365           287|9|mult
366           241|234|div
367           53|11|add
368           284|9|add
369           242|cbrt
370           240|10|mult
371           284|241|mult
372           267|242|mult
373           11|192|div
374           241|185|add
375           284|243|mult
376           243|234|mult
377           285|9|mult
378           241|284|div
379           259|53|mult
380           284|9|mult
381           244|49|mult
382           229|2|mult
383           243
384           286|242|mult
385           244|9|mult
386           241|234|mult
387           242|284|div
388           243|286|div
389           234|54|mult
390           259|1|mult
391           286|11|add
392           234|9|add
393           243|233|add
394           242|27|mult
395           259|18|div
396           285|243|mult
397           241|cb
398           11|191|div
399           210|256|div
400           241|sqrt
401           24
402           55|8|mult
403           244|233|mult
404           11|8|mult
405           244|185|add
406           241|210|div
407           185|55|abd
408           259|2|mult
409           285|49|mult
410           244|185|mult
411           242|286|div
412           244|9|add
413           242|234|div
414           259|194|div
415           243|210|div
416           242|53|add
417           242|35|mult
418           241|cbrt
419           285|241|mult
420           259|35|mult
421           243|234|div
422           281|11|mult
423           259|20|div
424           259|185|mult
425           253|28|mult
426           244|27|mult
427           244|242|mult
428           243|285|div
429           240|9|mult
430           287|269|mult
431           269|259|mult
432           54|24|mult
433           185|55|add
434           284|242|add
435           284|54|add
436           242|8|mult
437           243|53|add
438           289|259|mult
439           243|284|div
440           240|185|mult
441           285|54|mult
442           240|9|add
443           287|24|mult
444           267|240|mult
445           243|sqrt
446           281|220|mult
447           270|269|mult
448           242|30|div
449           285|242|div
450           244|243|mult
451           234|49|mult
452           285|9|add
453           286|243|mult
454           270|241|mult
455           11|30|div
456           286|10|add
457           246|31|mult
458           287|259|mult
459           243|cb
460           259|3|add
461           241|27|mult
462           242|240|mult
463           234|185|add
464           234|54|add
465           243|cbrt
466           259|193|div
467           244|241|mult
468           281|48|mult
469           239|136|mult
470           246|0|mult
471           82|88|div
472           256|sqrt
473           256|cbrt
474           243|35|mult
475           286|241|mult
476           240|49|mult
477           191|23|sub
478           259|cbrt
479           267|241|mult
480           259|27|mult
481           240|233|mult
482           243|8|mult
483           289|233|mult
484           191|46|div
485           244|54|add
486           241|53|add
487           242|52|add
488           259|sqrt
489           284|241|add
490           240|185|add
491           243|240|mult
492           67|88|div
493           242|2|add
494           239|238|div
495           256|inv
496           68|88|div
497           284|243|add
498           24|sqrt
499           285|54|add
#-----------------------------------------------------------------------
500           264|38|div
501           38|264|div
502           140|170|div
503           235|38|div
504           38|235|div
505           235|199|div
506           235|186|div
507           235|183|div
508           235|175|div
509           235|182|div
510           256|192|mult
511           256|20|mult
512           264|199|div
513           140|135|div
514           264|182|div
515           264|183|div
516           235|184|div
517           264|186|div
518           256|189|mult
519           264|32|div
520           140|131|div
521           235|226|div
522           264|175|div
523           252|235|mult
524           8|256|div
525           140|34|mult
526           126|135|div
527           256|8|div
528           38|270|div
529           247|235|mult
530           264|247|mult
531           201|180|mult
532           264|8|div
533           264|3|div
534           264|226|div
535           264|177|div
536           286|256|div
537           235|3|div
538           264|184|div
539           8|264|div
540           264|206|div
541           208|140|mult
542           264|252|mult
543           264|212|div
544           199|235|div
545           270|38|div
546           256|234|div
547           212|34|mult
548           140|136|div
549           212|180|mult
550           264|251|mult
551           256|194|mult
552           244|259|div
553           208|117|mult
554           235|227|div
555           212|235|div
556           183|235|div
557           259|244|div
558           201|34|mult
559           182|235|div
560           234|256|div
561           199|264|div
562           180|177|mult
563           148|34|mult
564           177|235|div
565           177|34|mult
566           183|264|div
567           256|286|div
568           182|264|div
569           180|141|mult
570           201|235|div
571           208|201|mult
572           264|12|div
573           175|235|div
574           126|131|div
575           235|206|div
576           251|235|mult
577           240|259|div
578           256|12|div
579           264|201|div
580           12|256|div
581           235|212|div
582           264|3|sub
583           235|228|div
584           212|208|mult
585           175|264|div
586           188|235|div
587           231|235|div
588           264|27|div
589           201|23|mult
590           57|235|div
591           186|235|div
592           12|264|div
593           235|177|div
594           140|114|div
595           5|208|div
596           14|235|div
597           208|177|mult
598           140|128|div
599           212|23|mult
600           208|143|mult
601           186|264|div
602           264|20|mult
603           264|194|mult
604           140|33|mult
605           257|24|sub
606           256|17|mult
607           226|235|div
608           140|5|mult
609           140|23|mult
610           180|173|mult
611           235|201|div
612           141|125|div
613           247|208|div
614           256|24|div
615           264|17|mult
616           177|23|mult
617           180|130|mult
618           24|256|div
619           208|148|mult
620           212|264|div
621           226|264|div
622           180|143|mult
623           264|227|div
624           180|117|mult
625           206|180|mult
626           177|264|div
627           256|186|div
628           27|264|div
629           140|124|div
630           9|264|div
631           181|235|div
632           180|119|mult
633           3|235|div
634           179|140|mult
635           206|34|mult
636           264|9|div
637           201|264|div
638           126|136|div
639           55|256|div
640           32|264|div
641           184|235|div
642           256|15|mult
643           143|23|mult
644           251|208|div
645           32|259|div
646           140|39|mult
647           180|148|mult
648           264|203|div
649           14|264|div
650           208|119|mult
651           259|27|div
652           259|240|div
653           184|264|div
654           140|37|mult
655           143|34|mult
656           203|235|div
657           285|256|div
658           247|34|div
659           140|21|mult
660           140|78|div
661           287|264|div
662           231|180|mult
663           235|203|div
664           140|169|div
665           188|180|mult
666           3|264|div
667           264|249|mult
668           206|235|div
669           256|285|div
670           264|228|div
671           119|65|div
672           57|264|div
673           188|264|div
674           231|264|div
675           264|191|mult
676           208|130|mult
677           24|264|div
678           208|173|mult
679           148|37|mult
680           208|206|mult
681           148|23|mult
682           256|24|sub
683           119|23|mult
684           256|19|mult
685           284|256|div
686           207|140|mult
687           136|128|div
688           179|148|mult
689           154|121|mult
690           9|256|div
691           207|117|mult
692           119|74|div
693           264|192|mult
694           181|180|mult
695           256|9|div
696           264|15|mult
697           208|168|mult
698           231|208|mult
699           208|188|mult
700           280|23|div
701           140|75|div
702           264|24|div
703           148|33|mult
704           203|264|div
705           125|135|div
706           143|122|mult
707           117|34|mult
708           8|235|div
709           122|119|mult
710           256|183|div
711           27|235|div
712           256|55|div
713           227|264|div
714           121|119|mult
715           256|191|mult
716           264|19|mult
717           179|117|mult
718           128|135|div
719           117|260|div
720           140|162|div
721           207|148|mult
722           29|260|div
723           228|264|div
724           247|23|div
725           208|5|div
726           264|193|mult
727           255|141|mult
728           7|235|div
729           170|125|div
730           220|186|div
731           180|27|mult
732           251|34|div
733           201|260|div
734           249|208|div
735           228|235|div
736           186|256|div
737           227|235|div
738           10|264|div
739           259|32|div
740           141|235|div
741           154|122|mult
742           256|284|div
743           256|175|div
744           119|34|mult
745           27|259|div
746           260|29|div
747           256|182|div
748           271|141|mult
749           201|61|div
750           235|1|div
751           264|10|div
752           255|143|mult
753           206|264|div
754           256|18|mult
755           252|34|div
756           140|76|div
757           181|264|div
758           130|23|mult
759           148|5|mult
760           148|261|div
761           117|23|mult
762           211|148|mult
763           280|34|div
764           270|199|div
765           256|198|div
766           212|260|div
767           206|23|mult
768           173|23|mult
769           207|143|mult
770           235|287|div
771           281|259|div
772           180|168|mult
773           197|140|mult
774           182|270|div
775           199|270|div
776           179|208|div
777           280|208|div
778           119|260|div
779           183|270|div
780           264|208|div
781           259|38|div
782           143|121|mult
783           212|270|div
784           140|133|div
785           148|260|div
786           212|61|div
787           270|186|div
788           38|259|div
789           128|131|div
790           259|212|div
791           12|235|div
792           32|235|div
793           143|168|div
794           177|260|div
795           259|177|div
796           177|270|div
797           180|154|mult
798           252|208|div
799           168|34|mult
800           117|61|div
801           143|74|div
802           140|73|div
803           11|264|div
804           9|235|div
805           119|6|mult
806           243|259|div
807           201|270|div
808           249|235|mult
809           63|208|div
810           212|104|div
811           119|115|div
812           140|77|div
813           119|61|div
814           235|8|div
815           148|190|div
816           208|154|mult
817           201|104|div
818           270|206|div
819           175|270|div
820           264|52|div
821           140|190|div
822           271|145|mult
823           140|108|div
824           148|122|mult
825           270|38|sub
826           188|34|mult
827           235|27|div
828           231|34|mult
829           201|6|mult
830           188|270|div
831           117|235|div
832           231|270|div
833           247|195|div
834           130|34|mult
835           203|180|mult
836           140|168|div
837           177|61|div
838           201|179|mult
839           177|104|div
840           255|117|mult
841           286|264|div
842           154|150|mult
843           180|14|mult
844           211|201|mult
845           52|264|div
846           119|72|div
847           55|264|div
848           212|179|mult
849           280|264|mult
850           256|184|div
851           141|122|mult
852           259|201|div
853           211|140|mult
854           173|34|mult
855           25|235|div
856           251|23|div
857           143|65|div
858           257|198|sub
859           270|212|div
860           183|256|div
861           264|287|div
862           264|34|div
863           148|74|div
864           207|119|mult
865           235|25|div
866           143|260|div
867           132|203|div
868           173|122|mult
869           270|182|div
870           207|201|mult
871           251|195|div
872           264|1|div
873           140|260|div
874           270|183|div
875           168|23|mult
876           264|11|div
877           188|104|div
878           264|18|mult
879           231|104|div
880           148|16|div
881           211|117|mult
882           235|16|mult
883           234|264|div
884           198|256|div
885           186|270|div
886           179|177|mult
887           235|35|div
888           235|52|div
889           175|256|div
890           135|128|div
891           130|122|mult
892           235|20|mult
893           255|201|mult
894           249|195|div
895           255|130|mult
896           259|206|div
897           186|220|div
898           135|126|div
899           1|264|div
900           270|175|div
901           80|208|div
902           212|207|mult
903           54|264|div
904           212|211|mult
905           255|119|mult
906           235|12|div
907           256|228|div
908           287|235|div
909           182|256|div
910           14|270|div
911           125|131|div
912           264|286|div
913           235|9|div
914           270|177|div
915           203|34|mult
916           180|57|mult
917           154|149|mult
918           255|173|mult
919           270|201|div
920           195|141|mult
921           117|104|div
922           231|23|mult
923           181|270|div
924           179|143|mult
925           188|23|mult
926           235|32|div
927           130|235|div
928           212|6|mult
929           173|6|mult
930           150|119|mult
931           264|240|div
932           256|227|div
933           211|177|mult
934           119|85|div
935           148|21|mult
936           256|52|div
937           188|61|div
938           231|61|div
939           201|122|mult
940           173|235|div
941           7|264|div
942           206|260|div
943           38|256|div
944           140|126|div
945           226|270|div
946           173|65|div
947           252|23|div
948           130|65|div
949           140|104|div
950           57|270|div
951           117|33|mult
952           264|234|div
953           235|55|div
954           206|179|mult
955           188|148|div
956           141|106|div
957           52|256|div
958           145|235|div
959           140|261|div
960           180|32|mult
961           207|177|mult
962           255|212|mult
963           264|35|div
964           235|48|mult
965           240|264|div
966           184|220|div
967           231|148|div
968           264|54|div
969           211|206|mult
970           233|186|div
971           130|6|mult
972           270|247|mult
973           49|264|div
974           140|194|div
975           235|229|div
976           247|255|div
977           264|55|div
978           1|235|div
979           150|143|mult
980           206|261|div
981           208|181|mult
982           71|208|div
983           150|117|mult
984           249|34|div
985           264|57|div
986           10|235|div
987           188|106|div
988           231|106|div
989           264|14|div
990           235|208|div
991           177|6|mult
992           29|261|div
993           259|247|mult
994           264|31|div
995           34|268|div
996           211|119|mult
997           140|61|div
998           117|115|div
999           235|15|mult
#-----------------------------------------------------------------------
1000          1|186|div
1001          186|1|div
1002          228|186|div
1003          52|186|div
1004          186|228|div
1005          267|128|div
1006          186|52|div
1007          186|1|sub
1008          186|52|sub
1009          186|1|abd
1010          186|36|mult
1011          262|128|div
1012          54|186|div
1013          267|186|div
1014          35|186|div
1015          191|128|div
1016          192|128|div
1017          193|128|div
1018          261|122|div
1019          209|128|div
1020          35|128|div
1021          194|128|div
1022          1|128|div
1023          143|122|div
1024          233|128|div
1025          15|128|div
1026          210|128|div
1027          263|128|div
1028          131|128|div
1029          17|128|div
1030          168|122|div
1031          128|inv
1032          19|128|div
1033          176|128|div
1034          20|128|div
1035          271|122|div
1036          184|128|div
1037          220|128|div
1038          228|128|div
1039          154|122|div
1040          162|128|div
1041          52|128|div
1042          18|128|div
1043          139|122|div
1044          48|128|div
1045          54|128|div
1046          119|122|div
1047          53|128|div
1048          235|128|div
1049          2|128|div
1050          123|122|div
1051          117|122|div
1052          181|122|div
1053          264|128|div
1054          130|122|div
1055          175|128|div
1056          186|184|sub
1057          173|122|div
1058          285|128|div
1059          284|128|div
1060          186|35|div
1061          282|128|div
1062          55|128|div
1063          267|169|div
1064          52|227|div
1065          53|186|div
1066          10|128|div
1067          132|128|div
1068          286|128|div
1069          234|128|div
1070          252|128|div
1071          24|128|div
1072          46|128|div
1073          186|10|sub
1074          186|54|sub
1075          9|128|div
1076          229|128|div
1077          287|128|div
1078          8|128|div
1079          16|128|div
1080          134|128|div
1081          170|128|div
1082          261|64|div
1083          36|128|div
1084          1|227|div
1085          38|128|div
1086          12|128|div
1087          190|128|div
1088          183|128|div
1089          186|9|sub
1090          226|128|div
1091          198|128|div
1092          147|122|div
1093          256|128|div
1094          227|128|div
1095          185|128|div
1096          288|64|div
1097          11|128|div
1098          270|128|div
1099          239|122|div
1100          255|128|div
1101          182|128|div
1102          179|128|div
1103          39|128|div
1104          247|128|div
1105          267|182|div
1106          186|54|div
1107          5|128|div
1108          186|233|div
1109          288|109|div
1110          213|128|div
1111          223|128|div
1112          242|128|div
1113          227|52|div
1114          49|128|div
1115          246|128|div
1116          241|128|div
1117          188|122|div
1118          244|128|div
1119          231|122|div
1120          280|128|div
1121          253|128|div
1122          45|128|div
1123          240|128|div
1124          186|128|div
1125          3|128|div
1126          251|128|div
1127          243|128|div
1128          33|128|div
1129          148|122|div
1130          10|186|div
1131          151|180|div
1132          186|8|sub
1133          227|1|div
1134          9|186|div
1135          228|186|sub
1136          186|12|sub
1137          216|128|div
1138          25|186|div
1139          7|122|div
1140          2|186|div
1141          267|183|div
1142          261|109|div
1143          207|128|div
1144          186|53|sub
1145          164|122|div
1146          289|122|div
1147          248|64|div
1148          221|122|div
1149          163|122|div
1150          47|122|div
1151          265|122|div
1152          233|186|sub
1153          253|122|div
1154          186|53|div
1155          151|64|div
1156          249|128|div
1157          54|227|div
1158          23|128|div
1159          269|122|div
1160          219|128|div
1161          284|186|div
1162          233|186|abd
1163          261|180|div
1164          267|199|abd
1165          236|122|div
1166          259|128|div
1167          201|122|div
1168          262|126|div
1169          208|128|div
1170          283|122|div
1171          248|180|div
1172          246|122|div
1173          161|128|div
1174          42|122|div
1175          34|128|div
1176          267|226|div
1177          281|128|div
1178          212|122|div
1179          262|125|div
1180          50|128|div
1181          267|3|div
1182          263|186|div
1183          177|122|div
1184          27|128|div
1185          267|199|div
1186          144|180|div
1187          124|135|div
1188          170|124|div
1189          250|128|div
1190          278|128|div
1191          267|198|sub
1192          128|134|div
1193          232|122|div
1194          271|128|div
1195          267|227|div
1196          140|122|div
1197          268|exp
1198          55|186|div
1199          53|227|div
1200          289|128|div
1201          285|186|div
1202          147|149|div
1203          13|128|div
1204          8|186|div
1205          286|186|div
1206          261|149|div
1207          152|122|div
1208          262|124|div
1209          14|128|div
1210          267|126|div
1211          119|180|div
1212          56|64|div
1213          262|168|div
1214          237|122|div
1215          234|186|div
1216          182|36|mult
1217          233|227|div
1218          37|128|div
1219          228|183|sub
1220          154|64|div
1221          29|64|div
1222          180|128|div
1223          267|175|div
1224          123|64|div
1225          282|126|div
1226          227|54|div
1227          143|64|div
1228          227|53|div
1229          227|52|sub
1230          186|267|div
1231          123|180|div
1232          119|64|div
1233          103|128|div
1234          0|128|div
1235          128|136|div
1236          140|64|div
1237          1|228|div
1238          35|227|div
1239          6|128|div
1240          278|151|div
1241          186|18|mult
1242          169|64|div
1243          197|128|div
1244          100|122|div
1245          45|202|div
1246          174|128|div
1247          187|128|div
1248          154|180|div
1249          227|35|div
1250          265|149|div
1251          143|180|div
1252          130|64|div
1253          267|202|div
1254          277|167|mult
1255          268|128|div
1256          227|36|mult
1257          126|134|div
1258          227|54|sub
1259          265|128|div
1260          282|124|div
1261          282|125|div
1262          168|64|div
1263          267|125|div
1264          12|186|div
1265          133|128|div
1266          4|128|div
1267          261|6|div
1268          57|128|div
1269          186|2|sub
1270          30|128|div
1271          260|128|div
1272          267|124|div
1273          228|1|div
1274          124|134|div
1275          230|128|div
1276          239|149|div
1277          14|122|div
1278          57|122|div
1279          282|168|div
1280          186|11|sub
1281          35|169|div
1282          31|128|div
1283          113|128|div
1284          155|128|div
1285          117|64|div
1286          40|128|div
1287          59|128|div
1288          107|128|div
1289          173|64|div
1290          264|169|div
1291          89|128|div
1292          284|186|sub
1293          288|51|div
1294          202|186|mult
1295          104|128|div
1296          73|128|div
1297          235|169|div
1298          94|128|div
1299          98|128|div
1300          106|128|div
1301          266|128|div
1302          227|9|sub
1303          288|180|div
1304          202|64|div
1305          186|263|div
1306          181|64|div
1307          69|128|div
1308          227|1|sub
1309          178|128|div
1310          135|124|div
1311          77|128|div
1312          68|128|div
1313          133|124|div
1314          233|169|div
1315          227|233|div
1316          169|180|div
1317          267|184|div
1318          227|8|sub
1319          32|128|div
1320          29|109|div
1321          128|64|div
1322          74|128|div
1323          277|145|div
1324          248|128|div
1325          112|128|div
1326          75|128|div
1327          209|169|div
1328          227|53|sub
1329          21|128|div
1330          93|128|div
1331          253|156|div
1332          7|148|div
1333          124|131|div
1334          60|128|div
1335          285|186|sub
1336          67|128|div
1337          261|51|div
1338          2|227|div
1339          262|169|div
1340          237|128|div
1341          278|129|div
1342          255|124|div
1343          227|10|sub
1344          269|128|div
1345          66|128|div
1346          110|128|div
1347          111|128|div
1348          186|10|div
1349          183|1|div
1350          1|169|div
1351          186|19|mult
1352          182|1|div
1353          82|128|div
1354          186|9|div
1355          209|186|div
1356          57|148|div
1357          264|126|div
1358          263|169|div
1359          58|128|div
1360          239|154|div
1361          287|186|div
1362          147|64|div
1363          186|25|div
1364          97|128|div
1365          70|128|div
1366          161|144|div
1367          50|64|div
1368          130|180|div
1369          170|169|abd
1370          168|180|div
1371          78|128|div
1372          186|2|div
1373          29|122|div
1374          235|126|div
1375          277|203|div
1376          71|128|div
1377          186|inv
1378          183|36|mult
1379          248|6|div
1380          40|64|div
1381          117|180|div
1382          242|186|sub
1383          76|128|div
1384          278|146|div
1385          227|12|sub
1386          42|149|div
1387          181|180|div
1388          205|64|div
1389          61|128|div
1390          1|183|div
1391          202|180|div
1392          125|134|div
1393          90|128|div
1394          14|148|div
1395          96|128|div
1396          170|169|sub
1397          272|117|mult
1398          27|122|div
1399          186|209|div
1400          42|64|div
1401          250|64|div
1402          35|182|div
1403          288|122|div
1404          261|202|add
1405          62|128|div
1406          173|180|div
1407          206|154|div
1408          201|64|div
1409          261|167|div
1410          65|148|div
1411          236|149|div
1412          14|124|div
1413          224|64|div
1414          236|64|div
1415          186|15|mult
1416          130|109|div
1417          100|128|div
1418          283|149|div
1419          32|122|div
1420          264|124|div
1421          212|64|div
1422          115|148|div
1423          264|202|div
1424          206|128|div
1425          1|182|div
1426          182|35|div
1427          169|135|div
1428          144|64|div
1429          188|64|div
1430          182|52|sub
1431          231|64|div
1432          277|202|div
1433          177|64|div
1434          42|154|div
1435          3|267|div
1436          52|169|div
1437          134|124|div
1438          235|124|div
1439          117|152|div
1440          28|128|div
1441          54|169|div
1442          269|149|div
1443          239|128|div
1444          250|186|mult
1445          38|169|div
1446          287|169|div
1447          182|1|sub
1448          268|117|mult
1449          227|267|div
1450          124|64|div
1451          264|125|div
1452          8|169|div
1453          57|124|div
1454          243|186|abd
1455          261|63|div
1456          241|186|sub
1457          123|109|div
1458          9|169|div
1459          268|sin
1460          176|169|div
1461          269|154|div
1462          31|64|div
1463          278|239|mult
1464          289|156|div
1465          228|169|div
1466          132|124|div
1467          231|154|div
1468          182|267|div
1469          141|180|div
1470          183|35|div
1471          234|186|sub
1472          231|168|div
1473          233|185|sub
1474          65|122|div
1475          72|148|div
1476          28|64|div
1477          188|154|div
1478          132|126|div
1479          208|180|div
1480          235|125|div
1481          270|126|div
1482          261|121|div
1483          181|148|div
1484          173|109|div
1485          32|154|div
1486          2|169|div
1487          205|154|div
1488          183|1|sub
1489          233|126|div
1490          10|169|div
1491          289|154|div
1492          265|154|div
1493          227|202|mult
1494          286|186|sub
1495          181|7|div
1496          23|124|div
1497          35|124|div
1498          250|180|div
1499          7|168|div
#-----------------------------------------------------------------------
