# c0 + a0 * ((ave:atomic_radius_rahm^6) / cbrt(ave:boiling_point))
# Property Label: $Volume$; Unit of the Property: length^3
# RMSE: 19.9502785914765; Max AE: 54.4058094239157
# Coefficients
# Task   a0                      c0
# all ,  1.110330538545055e-11,  1.001962366216614e+01, 
# Feature Rung, Units, and Expressions
# 0;  2; length^6 * temperature^-0.333333;                 2|sp|5|cbrt|div; ((ave:atomic_radius_rahm^6) / cbrt(ave:boiling_point)); $\left(\frac{ \left(ave:atomic_{radius, rahm}^6\right) }{ \left(\sqrt[3]{ ave:boiling_{point} }\right) } \right)$; ((ave:atomic_radius_rahm).^6 ./ nthroot(ave:boiling_point, 3)); ave:atomic_radius_rahm,ave:boiling_point
# Number of Samples Per Task
# Task, n_mats_train            
# all , 116                   

# Sample ID , Property Value        ,  Property Value (EST) ,  Feature 0 Value      
64          ,  9.806170819706537e+01,  8.659519363156284e+01,  6.896646296853107e+12
27          ,  9.195581102005919e+01,  1.016770830754692e+02,  8.254970590416107e+12
69          ,  7.310044637476960e+01,  6.457927416272135e+01,  4.913820579234773e+12
125         ,  2.012029980198631e+02,  1.817651124790416e+02,  1.546796047255674e+13
11          ,  1.617034912836585e+02,  1.482729332300551e+02,  1.245154526228307e+13
119         ,  1.887146035400442e+02,  1.443746927599077e+02,  1.210045697507307e+13
110         ,  1.562326241405194e+02,  1.519193463613089e+02,  1.277995315566876e+13
113         ,  7.050822380170608e+01,  6.459534333703006e+01,  4.915267821632499e+12
55          ,  1.465164071687489e+02,  1.412197669878512e+02,  1.181631404082661e+13
9           ,  7.063457799019668e+01,  6.280692722971182e+01,  4.754197217408487e+12
4           ,  7.851117738952721e+01,  7.741364868156634e+01,  6.069726327415202e+12
26          ,  5.966202570927710e+01,  7.068164560597705e+01,  5.463420111213068e+12
31          ,  8.459240483249847e+01,  6.633143121129122e+01,  5.071625574030814e+12
98          ,  1.892571838929967e+02,  1.654773491624783e+02,  1.400103123381795e+13
16          ,  1.473017585346737e+02,  1.609950640043026e+02,  1.359734197169523e+13
10          ,  1.071503545301096e+02,  8.106327126068952e+01,  6.398423274173555e+12
93          ,  1.586721939022781e+02,  1.323370070713658e+02,  1.101630362878074e+13
111         ,  9.534692245017716e+01,  6.707145450537844e+01,  5.138274492384166e+12
42          ,  1.922420330482679e+02,  2.177487877466336e+02,  1.870876796351740e+13
118         ,  5.345461156622450e+01,  8.475435186860356e+01,  6.730854066606837e+12
127         ,  1.258768321724361e+02,  1.802826415963519e+02,  1.533444429595654e+13
96          ,  9.458888504929534e+01,  9.634126093873024e+01,  7.774408996232552e+12
60          ,  6.700355961656858e+01,  7.491476384654464e+01,  5.844668585754222e+12
0           ,  1.324521624992106e+02,  1.271119568450413e+02,  1.054571851516482e+13
84          ,  1.874396857101914e+02,  1.620658878338675e+02,  1.369378386826489e+13
28          ,  9.362157646373184e+01,  8.278229212378608e+01,  6.553243915723153e+12
40          ,  1.876581343779474e+02,  1.765207961127691e+02,  1.499564018736090e+13
86          ,  6.540869502383295e+01,  7.542261970524244e+01,  5.890407745496984e+12
24          ,  9.809953691058023e+01,  1.066651237625553e+02,  8.704209849711120e+12
25          ,  1.397570909097410e+02,  1.382108679409987e+02,  1.154532275108011e+13
23          ,  1.776115625775598e+02,  1.546180873968248e+02,  1.302301060044122e+13
115         ,  1.348472579215662e+02,  1.319090214563290e+02,  1.097775784442380e+13
67          ,  1.178407975639319e+02,  1.234674272595989e+02,  1.021748026007566e+13
44          ,  1.408716465187509e+02,  1.477255252126830e+02,  1.240224390576185e+13
15          ,  1.304908476901080e+02,  1.466412624455245e+02,  1.230459165451609e+13
95          ,  7.035268214247002e+01,  9.779724003571299e+01,  7.905539235961941e+12
39          ,  6.690965549992833e+01,  9.202104026516213e+01,  7.385315791678419e+12
68          ,  1.728438327749059e+02,  1.261018386133282e+02,  1.045474396329518e+13
80          ,  1.635560662373134e+02,  1.648495262307920e+02,  1.394448744709035e+13
140         ,  9.231264108905833e+01,  9.402016646080001e+01,  7.565363635652654e+12
47          ,  5.673059181818780e+01,  9.314100597409386e+01,  7.486183566638414e+12
30          ,  1.575095787725395e+02,  1.693896848762051e+02,  1.435338898476781e+13
112         ,  7.423809586689029e+01,  1.025661939314084e+02,  8.335046822229407e+12
76          ,  6.221586353440775e+01,  6.723915253919327e+01,  5.153377925820715e+12
137         ,  2.091771198782973e+02,  1.664522465306839e+02,  1.408883367951876e+13
33          ,  9.639831336185570e+01,  8.265132671424962e+01,  6.541448742575158e+12
81          ,  6.779890223639997e+01,  6.220334480347012e+01,  4.699836609887720e+12
142         ,  6.217869364696995e+01,  7.280976404551963e+01,  5.655085418584619e+12
139         ,  7.773399964038569e+01,  7.248182072166880e+01,  5.625549770192875e+12
135         ,  8.871171279800387e+01,  8.211190649200269e+01,  6.492866793009602e+12
53          ,  1.912036606685361e+02,  1.846705459551591e+02,  1.572963331458491e+13
5           ,  5.646241061036604e+01,  8.937149864139701e+01,  7.146689406850979e+12
85          ,  6.604743166171670e+01,  7.991996270823452e+01,  6.295453166375461e+12
49          ,  7.517971112473752e+01,  8.610945830939748e+01,  6.852899384982896e+12
35          ,  1.142981641844795e+02,  8.189072139376040e+01,  6.472946139603804e+12
77          ,  1.735436897724758e+02,  1.873123603180574e+02,  1.596756375702415e+13
34          ,  6.288448403712296e+01,  7.386371078615764e+01,  5.750007309323487e+12
131         ,  7.332445965687805e+01,  1.093104534749115e+02,  8.942456896020639e+12
7           ,  6.154031610112789e+01,  1.018138075486972e+02,  8.267284443677064e+12
43          ,  9.003176998171779e+01,  7.272535837772847e+01,  5.647483568067047e+12
70          ,  5.876522370994315e+01,  6.785891536222165e+01,  5.209195792799362e+12
89          ,  1.845971359160373e+02,  1.393052534903120e+02,  1.164388669319661e+13
129         ,  7.058438955216727e+01,  6.462918556378371e+01,  4.918315763265986e+12
8           ,  1.379771288780131e+02,  1.318841626610752e+02,  1.097551898001444e+13
13          ,  6.359044555550145e+01,  7.113265867319879e+01,  5.504039823232584e+12
108         ,  2.276117669121919e+02,  2.134103847079162e+02,  1.831803719568655e+13
114         ,  1.245825633863354e+02,  1.330371663741417e+02,  1.107936226568840e+13
3           ,  1.766257549836612e+02,  1.603901233797025e+02,  1.354285904038788e+13
17          ,  1.154201413293227e+02,  1.188824414078102e+02,  9.804541437570002e+12
38          ,  2.142336089710759e+02,  1.923552236082020e+02,  1.642174051926583e+13
72          ,  1.505744324222536e+02,  1.478017566223484e+02,  1.240910955585604e+13
120         ,  2.717063705144595e+02,  2.914369330205753e+02,  2.534536334803240e+13
6           ,  1.752395240612576e+02,  1.476525676079796e+02,  1.239567310525060e+13
101         ,  6.465769186928596e+01,  5.463057672165179e+01,  4.017808347228073e+12
2           ,  5.771548700058894e+01,  9.873731716170772e+01,  7.990205656758273e+12
122         ,  2.014000729838491e+02,  1.758741494920595e+02,  1.493740107763084e+13
54          ,  8.998190321387162e+01,  9.027174217715799e+01,  7.227768284222093e+12
50          ,  1.144884087492389e+02,  1.190333345094488e+02,  9.818131363848738e+12
104         ,  1.531720861969143e+02,  1.276582091311491e+02,  1.059491578274819e+13
46          ,  6.638274984747244e+01,  9.276245129014039e+01,  7.452089693614846e+12
105         ,  6.260542136940490e+01,  9.505513440252832e+01,  7.658576233685354e+12
141         ,  5.908637035915022e+01,  6.898219648055380e+01,  5.310362164374089e+12
79          ,  6.172344219415545e+01,  7.266277958331214e+01,  5.641847517157528e+12
91          ,  7.059248384925451e+01,  6.221583068310763e+01,  4.700961129047021e+12
41          ,  8.588925575648324e+01,  6.924006505024225e+01,  5.333586651203601e+12
58          ,  2.413589823761019e+02,  2.772023072843670e+02,  2.406334639523734e+13
90          ,  1.323141358213091e+02,  1.264934188890267e+02,  1.049001096371576e+13
48          ,  1.506649136932021e+02,  1.687714632351876e+02,  1.429770992168199e+13
88          ,  1.252802886728060e+02,  1.509391024415502e+02,  1.269166918204743e+13
21          ,  7.298106977000764e+01,  8.163493003743689e+01,  6.449908733404143e+12
57          ,  1.280373015126955e+02,  1.412756254544129e+02,  1.182134483702852e+13
75          ,  9.416246053996997e+01,  9.023782351160892e+01,  7.224713458260672e+12
32          ,  2.470528593513509e+02,  2.361698513385820e+02,  2.036782920271261e+13
138         ,  6.719447744045841e+01,  6.221735589118638e+01,  4.701098494275284e+12
59          ,  7.370978119031361e+01,  7.719466536689721e+01,  6.050003973839655e+12
63          ,  9.527186437700378e+01,  7.906040764175953e+01,  6.218038825633169e+12
128         ,  1.127928271848657e+02,  8.195867320988468e+01,  6.479066102422562e+12
37          ,  6.740982957627959e+01,  9.488078812924033e+01,  7.642874038056613e+12
29          ,  7.604393505755419e+01,  7.442269205309358e+01,  5.800350990554521e+12
107         ,  5.684900711217347e+01,  6.712141431951800e+01,  5.142774036655462e+12
134         ,  2.189143114936079e+02,  2.294644695707235e+02,  1.976392058855839e+13
1           ,  6.589429488532184e+01,  9.689239022184574e+01,  7.824045502118240e+12
52          ,  1.685536482338435e+02,  1.385960177844393e+02,  1.158001060573871e+13
130         ,  7.583037174302696e+01,  7.393098139896537e+01,  5.756065920743459e+12
103         ,  5.981199781507478e+01,  6.919900609369472e+01,  5.329888747280204e+12
99          ,  1.103591846419842e+02,  8.518692711822497e+01,  6.769813208466362e+12
116         ,  6.928383831454539e+01,  7.809779152986800e+01,  6.131342470045858e+12
87          ,  1.073098314779565e+02,  1.122423842306204e+02,  9.206516169716814e+12
121         ,  7.759315330331438e+01,  7.382551634298517e+01,  5.746567392843974e+12
143         ,  7.259770851342745e+01,  7.201896187061789e+01,  5.583863188136199e+12
20          ,  1.126975075036733e+02,  1.046961560823261e+02,  8.526878180277864e+12
71          ,  2.033361364024827e+02,  1.839726521003522e+02,  1.566677871133123e+13
106         ,  2.038799354056747e+02,  1.902234056377876e+02,  1.622974202004344e+13
14          ,  1.651217664757107e+02,  1.907543502529055e+02,  1.627756062870872e+13
92          ,  7.315017953780705e+01,  7.855125763179373e+01,  6.172183110394268e+12
102         ,  8.368680399312422e+01,  6.660523806263598e+01,  5.096285514637648e+12
