0             257|11|mult
1             55|11|mult
2             257|55|mult
3             55|10|add
4             257|10|mult
5             55|24|mult
6             257|25|add
7             55|10|mult
8             256|25|add
9             257|24|add
10            25|11|mult
11            242|55|add
12            257|24|mult
13            55|9|add
14            241|55|add
15            55|12|add
16            55|11|add
17            243|55|add
18            104|75|div
19            55|54|mult
20            55|9|mult
21            241|229|mult
22            256|242|mult
23            242|229|mult
24            54|11|mult
25            55|54|add
26            257|12|mult
27            256|241|mult
28            256|243|mult
29            46|8|mult
30            257|9|mult
31            229|11|mult
32            55|12|mult
33            11|sq
34            11|cb
35            284|55|add
36            210|11|mult
37            11|10|mult
38            11|9|mult
39            27|199|div
40            55|53|add
41            285|55|add
42            256|49|mult
43            27|182|div
44            284|55|mult
45            234|55|add
46            242|55|mult
47            11
48            244|55|add
49            55|53|mult
50            55|8|add
51            240|55|add
52            48|10|mult
53            241|55|mult
54            257|54|mult
55            27|183|div
56            243|229|mult
57            257|229|mult
58            242|25|mult
59            284|256|mult
60            11|10|add
61            53|11|mult
62            241|25|mult
63            46|12|mult
64            284|25|mult
65            11|9|add
66            11|sqrt
67            241|46|mult
68            289|37|div
69            55|52|add
70            52|11|mult
71            234|229|mult
72            259|46|mult
73            11|cbrt
74            11|2|mult
75            11|210|div
76            234|55|mult
77            27|175|div
78            256|234|mult
79            285|55|mult
80            55|2|add
81            289|132|mult
82            55|cb
83            12|11|mult
84            234|25|mult
85            49|24|mult
86            257|52|mult
87            24|cb
88            242|46|mult
89            287|242|mult
90            55|210|div
91            54|11|add
92            46|19|div
93            55|2|mult
94            243|46|mult
95            243|25|mult
96            285|25|mult
97            242|185|mult
98            286|55|add
99            49|10|mult
100           241|185|mult
101           243|55|mult
102           49|11|mult
103           284|11|mult
104           55|sp
105           240|46|mult
106           55|sq
107           259|220|mult
108           259|27|add
109           244|46|mult
110           257|53|mult
111           285|256|mult
112           242|9|mult
113           243|27|mult
114           10|2|mult
115           12|11|add
116           285|11|mult
117           242|9|add
118           256|244|mult
119           287|241|mult
120           242|49|mult
121           259|11|mult
122           259|243|mult
123           286|256|mult
124           287|243|mult
125           242|11|mult
126           234|11|mult
127           242|27|mult
128           241|9|mult
129           241|11|mult
130           24|sq
131           256|240|mult
132           242|11|add
133           25|10|mult
134           242|10|mult
135           281|256|mult
136           241|9|add
137           46|9|mult
138           286|25|mult
139           241|10|mult
140           242|54|add
141           104|73|div
142           242|10|add
143           241|10|add
144           24|2|mult
145           241|11|add
146           285|229|mult
147           243|185|mult
148           241|27|mult
149           229|10|mult
150           229|12|mult
151           55
152           241|1|mult
153           242|54|mult
154           11|1|mult
155           281|46|mult
156           243|9|mult
157           285|10|mult
158           284|10|mult
159           244|27|mult
160           242|1|mult
161           234|10|mult
162           55|52|mult
163           243|9|add
164           259|229|mult
165           240|229|mult
166           244|229|mult
167           241|54|add
168           286|55|mult
169           27|226|div
170           243|49|mult
171           257|8|mult
172           259|10|mult
173           284|229|mult
174           259|55|mult
175           241|49|mult
176           286|11|mult
177           241|54|mult
178           257|1|mult
179           241|233|mult
180           263|11|mult
181           185|11|mult
182           242|12|mult
183           240|27|mult
184           243|10|add
185           11|inv
186           243|10|mult
187           242|233|mult
188           259|242|mult
189           289|190|mult
190           243|11|mult
191           55|sqrt
192           242|12|add
193           259|241|mult
194           241|12|mult
195           281|229|mult
196           242|52|mult
197           243|11|add
198           229|9|mult
199           239|37|div
200           243|54|add
201           25|210|div
202           285|9|mult
203           242|53|mult
204           286|229|mult
205           55|cbrt
206           284|11|add
207           284|9|mult
208           284|10|add
209           234|9|mult
210           241|12|add
211           25|12|mult
212           55|49|mult
213           259|3|add
214           243|185|add
215           55|1|add
216           54|24|mult
217           11|8|mult
218           243|3|mult
219           259|190|mult
220           241|52|mult
221           259|24|mult
222           259|244|mult
223           53|11|add
224           286|10|mult
225           259|176|div
226           24|9|mult
227           243|12|mult
228           46|191|div
229           263|241|mult
230           237|34|div
231           242|185|add
232           49|9|mult
233           241|53|mult
234           244|25|mult
235           281|46|add
236           244|3|mult
237           241|185|add
238           11|sp
239           24|sp
240           243|54|mult
241           10|cb
242           210|11|div
243           54|10|mult
244           240|25|mult
245           243|12|add
246           233|11|mult
247           256|27|mult
248           259|240|mult
249           243|1|mult
250           257|2|mult
251           55|8|mult
252           10|2|add
253           263|242|mult
254           239|136|mult
255           256|30|div
256           10|9|mult
257           244|185|add
258           247|27|mult
259           259|234|mult
260           242|3|mult
261           285|10|add
262           284|9|add
263           284|259|mult
264           49|12|mult
265           241|220|mult
266           241|18|mult
267           253|27|mult
268           243|52|mult
269           234|10|add
270           27|11|mult
271           259|12|mult
272           243|233|mult
273           233|55|add
274           25|24|sub
275           243|53|mult
276           10|sq
277           242|53|add
278           259|49|mult
279           285|259|mult
280           220|49|mult
281           210|55|div
282           242|2|mult
283           242|18|mult
284           243|30|div
285           286|259|mult
286           27|186|div
287           259|246|mult
288           234|185|add
289           281|24|mult
290           246|3|mult
291           220|192|div
292           12|10|mult
293           285|12|mult
294           285|11|add
295           220|191|div
296           241|3|mult
297           269|34|div
298           253|28|mult
299           285|49|mult
300           284|12|mult
301           244|10|add
302           244|55|mult
303           242|48|mult
304           244|11|mult
305           259|253|mult
306           234|12|mult
307           243|18|mult
308           285|9|add
309           259|9|mult
310           27|184|div
311           244|10|mult
312           263|243|mult
313           259|48|div
314           240|55|mult
315           257|210|div
316           69|88|div
317           287|10|mult
318           244|9|mult
319           257|220|mult
320           244|220|mult
321           284|54|mult
322           242|8|mult
323           242|52|add
324           52|11|add
325           10|210|div
326           243|38|mult
327           234|9|add
328           234|11|add
329           241|53|add
330           246|235|mult
331           243|220|mult
332           242|220|mult
333           289|34|div
334           229|25|mult
335           259|54|mult
336           281|55|mult
337           46|192|div
338           259|52|mult
339           287|244|mult
340           259|191|div
341           287|259|mult
342           234|49|mult
343           243|53|add
344           240|10|add
345           287|11|mult
346           242|228|mult
347           46|11|mult
348           11|2|add
349           244|49|mult
350           259|1|mult
351           229|191|div
352           242|30|div
353           269|267|mult
354           286|9|mult
355           27|3|abd
356           234|185|mult
357           240|10|mult
358           240|3|mult
359           240|185|add
360           244|9|add
361           27|191|div
362           240|11|mult
363           240|220|mult
364           46|20|div
365           242|241|mult
366           242|sq
367           243|48|mult
368           10|30|div
369           241|2|mult
370           82|88|div
371           259|185|mult
372           9|52|div
373           240|9|mult
374           284|12|add
375           244|11|add
376           241|52|add
377           285|54|mult
378           246|27|mult
379           259|252|div
380           259|228|mult
381           257|185|mult
382           229|192|div
383           246|0|mult
384           241|sq
385           53|10|mult
386           259|53|mult
387           244|185|mult
388           237|23|div
389           11|8|add
390           9|30|div
391           234|54|mult
392           243|52|add
393           55|inv
394           242|38|mult
395           257|256|sub
396           259|sqrt
397           259|192|div
398           241|228|mult
399           241|8|mult
400           53|25|mult
401           243|2|mult
402           240|9|add
403           287|12|mult
404           239|132|mult
405           220|189|div
406           243|8|mult
407           267|243|mult
408           287|240|mult
409           54|sp
410           243|242|mult
411           284|242|mult
412           256|191|div
413           10|9|add
414           257|sqrt
415           241|1|add
416           284|49|mult
417           284|54|add
418           243|228|mult
419           54|10|add
420           240|11|add
421           12|9|mult
422           257|cbrt
423           259|8|mult
424           1|30|div
425           270|246|mult
426           243|241|mult
427           252|27|mult
428           259|256|div
429           229|8|mult
430           242|227|mult
431           242|234|mult
432           285|12|add
433           242|210|mult
434           244|12|mult
435           25|sqrt
436           75|104|div
437           9|cb
438           285|242|mult
439           243|227|mult
440           240|30|div
441           240|49|mult
442           256|192|div
443           241|210|mult
444           12|10|add
445           11|192|div
446           241|30|div
447           49|46|add
448           240|185|mult
449           286|10|add
450           12|2|mult
451           54|49|mult
452           242
453           185|10|mult
454           234|12|add
455           10
456           10|191|div
457           242|241|add
458           10|192|div
459           285|54|add
460           281|27|mult
461           9|2|mult
462           242|1|add
463           11|191|div
464           281|11|mult
465           281|259|mult
466           70|88|div
467           9|sq
468           234|27|mult
469           24|192|div
470           54|12|mult
471           259|233|mult
472           259|184|mult
473           220|20|div
474           284|241|mult
475           286|12|mult
476           243|sq
477           25|191|div
478           244|12|add
479           229|18|div
480           210|257|div
481           242|210|div
482           233|30|div
483           241|cb
484           259|27|mult
485           259|2|mult
486           241
487           240|12|mult
488           281|49|add
489           25|cbrt
490           246|38|mult
491           241|234|mult
492           246|4|mult
493           234|54|add
494           239|21|div
495           286|242|mult
496           241|38|mult
497           256|246|mult
498           220|11|mult
499           246|49|mult
#-----------------------------------------------------------------------
500           267|37|div
501           263|46|mult
502           104|95|div
503           37|267|div
504           210|46|mult
505           209|37|div
506           93|95|div
507           229|37|div
508           55|37|div
509           37|287|div
510           25|15|mult
511           220|37|div
512           223|37|div
513           185|37|div
514           162|34|mult
515           46|sq
516           107|95|div
517           37|46|div
518           46
519           37|cbrt
520           46|cb
521           46|sqrt
522           37|229|div
523           110|95|div
524           94|95|div
525           48|37|div
526           287|37|div
527           37|sqrt
528           95|113|div
529           46|cbrt
530           2|46|div
531           46|exp
532           37|35|div
533           46|log
534           46|sin
535           25|19|mult
536           229|46|mult
537           37|inv
538           210|37|div
539           95|59|div
540           1|37|div
541           73|95|div
542           18|37|div
543           112|95|div
544           250|37|div
545           2|37|div
546           53|37|div
547           176|37|mult
548           163|46|add
549           37|36|div
550           37|210|div
551           95|110|div
552           46|2|div
553           37|223|div
554           77|95|div
555           284|46|div
556           37
557           228|37|div
558           37|209|div
559           190|37|div
560           25|37|div
561           176|37|div
562           95|112|div
563           210|37|mult
564           227|37|div
565           164|46|add
566           37|263|div
567           263|37|mult
568           46|inv
569           284|37|div
570           263|37|div
571           37|228|div
572           267|17|mult
573           37|220|div
574           37|233|div
575           256|37|mult
576           95|60|div
577           5|267|div
578           185|37|mult
579           37|49|div
580           233|37|div
581           25|17|mult
582           163|46|sub
583           267|15|mult
584           286|37|div
585           95|111|div
586           286|46|div
587           46|sp
588           267|19|mult
589           226|37|div
590           37|284|div
591           17|37|div
592           95|73|div
593           267|21|div
594           186|37|div
595           48|37|mult
596           46|18|mult
597           189|37|div
598           3|37|div
599           104|37|div
600           164|46|sub
601           46|284|div
602           184|37|div
603           285|37|div
604           37|286|div
605           95|106|div
606           37|227|div
607           37|2|mult
608           74|37|div
609           37|19|div
610           46|nexp
611           53|37|mult
612           252|37|mult
613           55|2|div
614           58|95|div
615           9|37|div
616           37|20|mult
617           2|55|div
618           37|31|div
619           78|95|div
620           76|37|div
621           73|37|div
622           37|185|div
623           75|37|div
624           175|37|div
625           37|184|div
626           198|37|div
627           285|46|div
628           192|37|div
629           234|37|div
630           95|76|div
631           78|37|div
632           77|37|div
633           62|37|div
634           37|25|div
635           52|15|mult
636           54|37|mult
637           16|37|div
638           4|37|div
639           58|21|div
640           183|37|div
641           47|46|add
642           170|104|mult
643           62|21|div
644           10|37|div
645           185|46|mult
646           58|37|div
647           37|176|div
648           194|37|mult
649           37|226|div
650           256|211|mult
651           37|234|div
652           104|21|div
653           47|46|abd
654           220|46|mult
655           48|46|sub
656           37|sq
657           37|285|div
658           228|46|mult
659           189|37|mult
660           37|9|div
661           194|37|div
662           37|193|div
663           37|18|mult
664           37|175|div
665           37|10|div
666           46|286|div
667           48|46|add
668           63|104|div
669           8|37|div
670           240|55|abd
671           182|37|div
672           37|30|mult
673           38|37|div
674           61|37|div
675           37|224|div
676           228|37|mult
677           267|18|mult
678           174|37|div
679           286|37|mult
680           285|37|mult
681           17|9|mult
682           284|37|mult
683           107|37|div
684           95|66|div
685           191|37|div
686           37|19|mult
687           266|162|mult
688           11|37|div
689           37|205|div
690           46|210|div
691           98|37|div
692           86|37|div
693           46|176|div
694           37|36|mult
695           70|95|div
696           94|37|div
697           85|259|div
698           267|257|sub
699           192|37|mult
700           267|256|div
701           95|96|div
702           52|37|mult
703           86|95|div
704           46|285|div
705           267|20|mult
706           37|186|div
707           37|50|div
708           111|104|div
709           104|63|div
710           95|70|div
711           37|15|mult
712           113|37|div
713           110|37|div
714           234|46|div
715           106|37|div
716           46|1|mult
717           107|21|div
718           95|75|div
719           114|37|div
720           176|46|div
721           48|46|abd
722           244|55|abd
723           278|46|add
724           46|15|mult
725           5|287|div
726           229|2|sub
727           235|37|div
728           59|37|div
729           234|37|mult
730           52|19|mult
731           111|37|div
732           37|3|div
733           210|46|div
734           37|198|div
735           112|104|div
736           37|20|div
737           178|37|div
738           46|256|div
739           61|21|div
740           227|37|mult
741           37|183|div
742           17|10|mult
743           229|37|mult
744           55|37|mult
745           170|74|mult
746           37|192|div
747           86|21|div
748           37|5|add
749           37|11|div
750           267|5|div
751           112|37|div
752           211|267|div
753           5|36|div
754           220|46|add
755           113|21|div
756           256|46|div
757           37|5|mult
758           267|193|mult
759           37|1|mult
760           267|256|sub
761           211|224|div
762           16|162|div
763           106|104|sub
764           96|21|div
765           5|229|div
766           267|46|mult
767           85|21|div
768           170|37|div
769           269|37|add
770           83|37|div
771           140|74|mult
772           140|104|mult
773           211|50|div
774           126|62|mult
775           211|15|div
776           153|255|div
777           55|15|mult
778           211|17|div
779           17|211|div
780           182|37|mult
781           267|192|mult
782           186|37|mult
783           98|21|div
784           60|37|div
785           46|19|mult
786           233|37|mult
787           37|182|div
788           211|19|div
789           126|58|mult
790           237|211|add
791           67|37|div
792           125|74|mult
793           211|193|div
794           68|37|div
795           94|21|div
796           128|104|mult
797           183|37|mult
798           191|211|div
799           93|21|div
800           83|21|div
801           110|21|div
802           170|98|mult
803           59|21|div
804           126|98|mult
805           220|37|mult
806           211|46|div
807           93|37|div
808           248|51|div
809           37|cb
810           73|21|div
811           34|267|div
812           211|191|div
813           211|192|div
814           223|37|mult
815           140|61|mult
816           285|229|sub
817           40|37|div
818           285|211|mult
819           76|21|div
820           286|229|sub
821           165|211|div
822           37|194|div
823           77|21|div
824           256|267|div
825           54|15|mult
826           248|225|div
827           269|211|add
828           229|11|sub
829           170|94|mult
830           211|37|add
831           104|99|sub
832           63|113|div
833           267|194|mult
834           259|153|mult
835           18|211|div
836           96|37|div
837           191|37|mult
838           211|11|mult
839           189|46|mult
840           112|21|div
841           267|191|mult
842           128|37|div
843           46|234|div
844           234|55|sub
845           229|220|mult
846           234|211|mult
847           170|73|mult
848           76|266|div
849           37|24|mult
850           74|21|div
851           111|21|div
852           37|17|mult
853           229|5|div
854           211|233|div
855           211|5|add
856           170|211|div
857           67|21|div
858           229|210|mult
859           267|256|abd
860           192|211|div
861           27|37|div
862           37|0|div
863           37|104|div
864           211|176|mult
865           15|211|div
866           170|77|mult
867           106|104|abd
868           128|74|mult
869           211|18|div
870           106|21|div
871           211|2|mult
872           75|21|div
873           20|211|div
874           284|229|abd
875           68|21|div
876           211|209|div
877           267|36|mult
878           162|190|div
879           69|21|div
880           73|266|div
881           104|34|div
882           209|151|sub
883           113|104|div
884           286|211|mult
885           37|245|div
886           85|37|div
887           37|34|mult
888           126|104|mult
889           61|259|div
890           194|211|div
891           175|37|mult
892           140|62|mult
893           153|6|div
894           104|111|div
895           5|223|div
896           37|93|div
897           223|46|mult
898           104|266|div
899           71|37|div
900           70|37|div
901           19|211|div
902           257|37|div
903           89|21|div
904           69|37|div
905           250|5|div
906           211|1|div
907           70|21|div
908           60|21|div
909           95|98|div
910           55|19|mult
911           140|58|mult
912           140|37|div
913           211|35|div
914           170|75|mult
915           140|85|mult
916           211|53|mult
917           203|37|div
918           126|74|mult
919           128|211|div
920           140|98|mult
921           140|86|mult
922           169|37|div
923           284|211|mult
924           46|35|mult
925           66|37|div
926           17|12|mult
927           189|211|div
928           33|267|div
929           229|53|sub
930           126|37|div
931           66|21|div
932           77|266|div
933           75|266|div
934           37|191|div
935           211|220|div
936           259|211|mult
937           37|8|mult
938           223|5|div
939           190|162|div
940           104|197|div
941           104|79|div
942           211|cbrt
943           78|21|div
944           211|37|mult
945           170|61|mult
946           75|211|div
947           211|sqrt
948           263|220|mult
949           170|113|mult
950           211|185|mult
951           5|220|div
952           37|9|mult
953           64|238|div
954           241|229|abd
955           170|76|mult
956           185|46|div
957           211|8|mult
958           245|37|div
959           287|5|div
960           126|211|div
961           48|46|mult
962           241|211|mult
963           37|250|div
964           240|229|sub
965           211|36|div
966           37|257|div
967           176|46|mult
968           211|20|div
969           267|141|add
970           211|9|mult
971           124|74|mult
972           211|12|mult
973           267|211|div
974           211|54|mult
975           126|61|mult
976           211|210|div
977           252|211|mult
978           267|234|div
979           211|24|mult
980           267|286|div
981           54|19|mult
982           140|73|mult
983           140|107|mult
984           211|287|div
985           143|75|mult
986           37|59|div
987           211|194|div
988           168|75|mult
989           170|78|mult
990           125|37|div
991           211|229|div
992           211|184|div
993           234|229|sub
994           37|73|div
995           37|247|div
996           140|96|mult
997           0|21|div
998           140|77|mult
999           140|78|mult
#-----------------------------------------------------------------------
1000          267|169|div
1001          52|227|div
1002          235|169|div
1003          282|128|div
1004          267|128|div
1005          262|128|div
1006          264|169|div
1007          227|52|div
1008          54|227|div
1009          35|169|div
1010          270|169|div
1011          52|186|div
1012          192|128|div
1013          1|169|div
1014          189|128|div
1015          263|128|div
1016          233|169|div
1017          209|169|div
1018          263|169|div
1019          191|128|div
1020          210|128|div
1021          287|169|div
1022          209|128|div
1023          48|128|div
1024          48|169|div
1025          194|128|div
1026          53|227|div
1027          15|128|div
1028          19|128|div
1029          35|128|div
1030          128|inv
1031          256|169|div
1032          20|128|div
1033          1|128|div
1034          262|124|div
1035          233|128|div
1036          176|169|div
1037          186|52|div
1038          17|128|div
1039          176|128|div
1040          52|169|div
1041          282|124|div
1042          54|169|div
1043          210|169|div
1044          2|169|div
1045          228|169|div
1046          169|inv
1047          18|128|div
1048          2|128|div
1049          53|169|div
1050          287|128|div
1051          235|128|div
1052          54|128|div
1053          264|128|div
1054          220|128|div
1055          36|128|div
1056          52|128|div
1057          186|52|sub
1058          53|128|div
1059          55|169|div
1060          252|128|div
1061          55|128|div
1062          256|128|div
1063          247|288|div
1064          285|128|div
1065          184|169|div
1066          247|128|div
1067          284|128|div
1068          282|125|div
1069          184|128|div
1070          24|169|div
1071          286|128|div
1072          228|128|div
1073          46|128|div
1074          286|169|div
1075          284|169|div
1076          234|128|div
1077          8|169|div
1078          285|169|div
1079          9|169|div
1080          267|124|div
1081          227|54|div
1082          175|169|div
1083          262|125|div
1084          234|169|div
1085          24|128|div
1086          251|128|div
1087          38|169|div
1088          10|169|div
1089          1|227|div
1090          193|169|div
1091          185|128|div
1092          235|124|div
1093          280|128|div
1094          10|128|div
1095          24|186|div
1096          226|169|div
1097          192|169|div
1098          270|128|div
1099          15|169|div
1100          251|288|div
1101          2|227|div
1102          264|124|div
1103          249|128|div
1104          229|128|div
1105          249|288|div
1106          8|128|div
1107          1|186|div
1108          9|128|div
1109          227|169|div
1110          186|1|div
1111          280|169|div
1112          175|128|div
1113          12|169|div
1114          12|128|div
1115          19|169|div
1116          220|169|div
1117          262|126|div
1118          36|169|div
1119          46|169|div
1120          183|169|div
1121          54|186|div
1122          18|169|div
1123          11|128|div
1124          227|52|sub
1125          186|10|sub
1126          227|53|div
1127          16|128|div
1128          282|126|div
1129          253|128|div
1130          270|124|div
1131          128|135|div
1132          259|169|div
1133          182|169|div
1134          235|125|div
1135          285|227|div
1136          185|169|div
1137          20|169|div
1138          190|128|div
1139          11|169|div
1140          227|54|sub
1141          198|169|div
1142          280|124|div
1143          229|169|div
1144          285|186|div
1145          45|128|div
1146          194|169|div
1147          264|125|div
1148          227|128|div
1149          183|128|div
1150          186|128|div
1151          186|9|sub
1152          191|169|div
1153          252|169|div
1154          49|169|div
1155          186|12|sub
1156          247|283|div
1157          198|128|div
1158          227|8|sub
1159          241|128|div
1160          186|54|sub
1161          226|128|div
1162          267|125|div
1163          262|169|div
1164          39|128|div
1165          240|128|div
1166          227|9|sub
1167          244|128|div
1168          242|128|div
1169          227|12|sub
1170          23|124|div
1171          39|169|div
1172          253|156|div
1173          223|128|div
1174          49|128|div
1175          262|168|div
1176          280|283|div
1177          284|227|div
1178          259|128|div
1179          230|288|div
1180          247|169|div
1181          246|128|div
1182          259|124|div
1183          17|169|div
1184          172|283|div
1185          5|128|div
1186          21|148|div
1187          255|124|div
1188          240|169|div
1189          3|169|div
1190          270|125|div
1191          284|186|div
1192          243|128|div
1193          241|169|div
1194          182|128|div
1195          244|169|div
1196          39|283|div
1197          182|52|sub
1198          172|148|div
1199          128|131|div
1200          234|186|div
1201          282|168|div
1202          38|128|div
1203          186|54|div
1204          278|288|div
1205          289|278|mult
1206          277|133|div
1207          277|246|mult
1208          242|169|div
1209          24|227|div
1210          277|134|div
1211          186|1|sub
1212          277|166|div
1213          277|239|mult
1214          278|203|div
1215          278|269|mult
1216          277|265|mult
1217          34|128|div
1218          278|283|div
1219          186|169|div
1220          286|227|div
1221          278|253|mult
1222          278|127|div
1223          278|128|div
1224          39|124|div
1225          278|237|mult
1226          277|135|div
1227          278|136|div
1228          35|124|div
1229          172|288|div
1230          277|171|div
1231          227|53|sub
1232          278|238|div
1233          256|124|div
1234          162|128|div
1235          186|8|sub
1236          227|10|sub
1237          186|1|abd
1238          277|118|div
1239          135|128|div
1240          268|exp
1241          277|259|mult
1242          278|126|div
1243          251|283|div
1244          45|169|div
1245          278|145|div
1246          79|148|div
1247          286|186|div
1248          246|201|div
1249          209|124|div
1250          278|125|div
1251          52|182|div
1252          24|182|div
1253          282|169|div
1254          277|124|div
1255          53|186|div
1256          278|131|div
1257          48|124|div
1258          277|244|mult
1259          234|227|div
1260          243|169|div
1261          27|201|div
1262          285|227|sub
1263          278|169|div
1264          10|186|div
1265          169|cbrt
1266          281|128|div
1267          132|128|div
1268          278|29|div
1269          278|170|div
1270          267|126|div
1271          277|232|mult
1272          281|169|div
1273          277|236|mult
1274          249|283|div
1275          5|169|div
1276          233|124|div
1277          223|169|div
1278          186|24|div
1279          34|124|div
1280          277|240|mult
1281          278|167|mult
1282          278|14|mult
1283          287|124|div
1284          195|148|div
1285          33|128|div
1286          277|72|mult
1287          182|52|div
1288          250|128|div
1289          277|243|mult
1290          23|128|div
1291          277|151|div
1292          56|288|div
1293          253|169|div
1294          278|204|div
1295          45|124|div
1296          182|54|abd
1297          278|115|mult
1298          182|54|sub
1299          278|138|mult
1300          2|186|div
1301          277|224|div
1302          277|122|mult
1303          253|sp
1304          278|146|div
1305          278|90|mult
1306          278|85|mult
1307          263|124|div
1308          1|124|div
1309          278|58|mult
1310          277|242|mult
1311          227|1|div
1312          277|66|mult
1313          277|96|mult
1314          278|117|div
1315          285|186|sub
1316          278|69|mult
1317          277|62|mult
1318          282|278|mult
1319          278|27|mult
1320          234|227|abd
1321          277|68|mult
1322          278|107|mult
1323          169|40|mult
1324          8|182|div
1325          277|67|mult
1326          278|70|mult
1327          176|124|div
1328          251|169|div
1329          278|241|mult
1330          252|288|div
1331          244|227|abd
1332          282|170|div
1333          278|266|mult
1334          255|128|div
1335          278|7|mult
1336          277|50|div
1337          278|65|mult
1338          57|148|div
1339          278|6|div
1340          3|128|div
1341          2|124|div
1342          186|36|mult
1343          277|57|mult
1344          55|227|div
1345          281|278|mult
1346          278|82|mult
1347          246|119|div
1348          239|119|div
1349          278|130|div
1350          182|8|sub
1351          277|30|div
1352          210|124|div
1353          246|212|div
1354          277|80|mult
1355          54|124|div
1356          277|111|mult
1357          14|148|div
1358          278|60|mult
1359          227|2|sub
1360          253|119|div
1361          278|112|mult
1362          278|71|mult
1363          227|2|div
1364          278|191|div
1365          124|inv
1366          34|169|div
1367          172|133|div
1368          278|59|mult
1369          277|61|mult
1370          9|186|div
1371          246|169|div
1372          55|124|div
1373          278|113|mult
1374          52|124|div
1375          278|110|mult
1376          277|264|mult
1377          231|148|div
1378          277|93|mult
1379          246|177|div
1380          24|183|div
1381          277|89|mult
1382          46|124|div
1383          24|124|div
1384          188|148|div
1385          278|245|mult
1386          246|172|mult
1387          277|152|div
1388          230|148|div
1389          186|53|sub
1390          192|124|div
1391          15|124|div
1392          72|148|div
1393          53|124|div
1394          172|154|div
1395          253|29|div
1396          285|124|div
1397          115|148|div
1398          277|187|div
1399          228|124|div
1400          278|32|mult
1401          278|262|mult
1402          183|52|sub
1403          278|17|div
1404          193|124|div
1405          253|201|div
1406          278|225|mult
1407          277|97|mult
1408          7|181|div
1409          277|165|div
1410          253|212|div
1411          235|170|div
1412          253|177|div
1413          284|124|div
1414          277|178|div
1415          9|182|div
1416          286|124|div
1417          16|169|div
1418          278|94|mult
1419          278|256|mult
1420          247|124|div
1421          278|194|div
1422          278|231|mult
1423          182|36|mult
1424          124|40|mult
1425          234|124|div
1426          278|174|div
1427          278|28|div
1428          277|214|div
1429          277|81|mult
1430          277|74|mult
1431          9|124|div
1432          277|109|mult
1433          278|188|mult
1434          190|169|div
1435          227|18|mult
1436          36|124|div
1437          277|267|mult
1438          277|92|mult
1439          252|283|div
1440          277|98|mult
1441          278|8|mult
1442          267|199|abd
1443          277|63|mult
1444          179|128|div
1445          183|54|abd
1446          277|181|mult
1447          19|124|div
1448          182|9|sub
1449          8|124|div
1450          277|192|div
1451          256|186|div
1452          5|124|div
1453          52|183|div
1454          277|51|mult
1455          10|124|div
1456          186|18|mult
1457          278|11|mult
1458          267|170|div
1459          246|156|div
1460          18|124|div
1461          172|169|div
1462          277|270|mult
1463          103|128|div
1464          277|38|mult
1465          285|182|div
1466          55|186|div
1467          184|124|div
1468          277|202|div
1469          259|125|div
1470          169|sqrt
1471          286|227|sub
1472          191|124|div
1473          277|12|mult
1474          278|20|div
1475          278|196|mult
1476          278|234|mult
1477          230|128|div
1478          38|124|div
1479          220|124|div
1480          54|182|div
1481          20|124|div
1482          131|128|div
1483          278|193|div
1484          277|10|mult
1485          253|152|div
1486          277|129|div
1487          277|248|div
1488          240|227|abd
1489          194|124|div
1490          277|73|mult
1491          277|91|mult
1492          285|278|mult
1493          277|9|mult
1494          268|128|div
1495          278|147|mult
1496          253|124|div
1497          186|53|div
1498          253|172|mult
1499          252|124|div
#-----------------------------------------------------------------------
