# c0 + a0 * (ave:gs_volume_per * ave:atomic_number) + a1 * (min:gs_volume_per * min:fusion_enthalpy)
# Property Label: $Volume$; Unit of the Property: AA^3
# RMSE: 10.507614232705; Max AE: 23.728617353566
# Coefficients
# Task   a0                      a1                      c0
# all ,  4.184763055075322e-02,  1.205577385170399e+00,  5.244236851146712e+01, 
# Feature Rung, Units, and Expressions
# 0;  1; cm^3 * mol^-1;                                    21|19|mult; (ave:gs_volume_per * ave:atomic_number); $\left(ave:gs_{volume, per} ave:atomic_{number}\right)$; (ave:gs_volume_per .* ave:atomic_number); ave:gs_volume_per,ave:atomic_number
# 1;  1; KJ * cm^3 * mol^-2;                               7|4|mult; (min:gs_volume_per * min:fusion_enthalpy); $\left(min:gs_{volume, per} min:fusion_{enthalpy}\right)$; (min:gs_volume_per .* min:fusion_enthalpy); min:gs_volume_per,min:fusion_enthalpy
# Number of Samples Per Task
# Task, n_samples               
# all , 103                   

# Sample ID , Property Value        ,  Property Value (EST) ,  Feature 0 Value      ,  Feature 1 Value      
64          ,  9.806170819706536e+01,  9.039771765072321e+01,  8.356756965696001e+02,  2.475412500000000e+00
27          ,  9.195581102005920e+01,  7.790680156717470e+01,  5.507968000128001e+02,  2.003100000000000e+00
69          ,  7.310044637476960e+01,  7.040171889013062e+01,  3.578470000000000e+02,  2.475412500000000e+00
125         ,  2.012029980198630e+02,  2.004134609462729e+02,  1.838166700000000e+03,  5.893290000000000e+01
73          ,  1.013508525385564e+02,  9.251760158461293e+01,  8.863329000000001e+02,  2.475412500000000e+00
11          ,  1.617034912836585e+02,  1.597160039200709e+02,  1.032843000000000e+03,  5.312940000000000e+01
119         ,  1.887146035400442e+02,  1.843778571504291e+02,  9.162790000000001e+02,  7.763200000000001e+01
110         ,  1.562326241405194e+02,  1.493267217635508e+02,  1.216676400022800e+03,  3.813054999999999e+01
113         ,  7.050822380170608e+01,  7.547198617718600e+01,  4.790072000000000e+02,  2.475412500000000e+00
55          ,  1.465164071687489e+02,  1.514039985701243e+02,  1.455665200000000e+03,  3.155790000000000e+01
45          ,  6.922252251530169e+01,  7.358495934228699e+01,  4.339144000000000e+02,  2.475412500000000e+00
9           ,  7.063457799019668e+01,  7.040387404310398e+01,  3.578985000000000e+02,  2.475412500000000e+00
4           ,  7.851117738952721e+01,  7.484330114296260e+01,  4.639840069076000e+02,  2.475412500000000e+00
26          ,  5.966202570927710e+01,  7.136995616899202e+01,  3.945909333448000e+02,  2.003100000000000e+00
124         ,  1.885207260436857e+02,  1.891020512125745e+02,  1.405722600000000e+03,  6.456120000000000e+01
98          ,  1.892571838929967e+02,  1.834300487557966e+02,  1.744972800000000e+03,  4.808044999999999e+01
36          ,  1.804786609572536e+02,  1.720637091864787e+02,  1.407085800000000e+03,  5.038095000000000e+01
16          ,  1.473017585346737e+02,  1.457351351269265e+02,  9.993823999999998e+02,  4.269405000000000e+01
93          ,  1.586721939022781e+02,  1.507871267550854e+02,  8.986560000000001e+02,  5.038095000000000e+01
111         ,  9.534692245017716e+01,  7.394884959850411e+01,  4.426100000000000e+02,  2.475412500000000e+00
42          ,  1.922420330482679e+02,  1.996296279575812e+02,  1.742220000000000e+03,  6.161320000000000e+01
127         ,  1.258768321724361e+02,  1.465682674418008e+02,  1.148580400000000e+03,  3.820620000000000e+01
96          ,  9.458888504929534e+01,  8.057500649055508e+01,  6.145568000000001e+02,  2.003100000000000e+00
60          ,  6.700355961656858e+01,  7.153360830285467e+01,  3.985016000112000e+02,  2.003100000000000e+00
0           ,  1.324521624992106e+02,  1.303208712760381e+02,  7.625085000155999e+02,  3.813054999999999e+01
84          ,  1.874396857101914e+02,  1.825719469270111e+02,  1.634603600000000e+03,  5.119977500000000e+01
28          ,  9.362157646373184e+01,  8.253417138459692e+01,  6.477666999876001e+02,  2.475412500000000e+00
40          ,  1.876581343779474e+02,  1.815313787795683e+02,  1.554147900000000e+03,  5.312940000000000e+01
86          ,  6.540869502383295e+01,  7.787485229628182e+01,  5.500333333488001e+02,  2.003100000000000e+00
24          ,  9.809953691058024e+01,  8.559013533959678e+01,  7.343994000000001e+02,  2.003100000000000e+00
23          ,  1.776115625775598e+02,  1.722800076255677e+02,  1.388665200000000e+03,  5.119977500000000e+01
115         ,  1.348472579215662e+02,  1.363561253361435e+02,  9.749430000000001e+02,  3.576270000000000e+01
67          ,  1.178407975639319e+02,  1.159985685240641e+02,  8.203338000000000e+02,  2.424330000000000e+01
44          ,  1.408716465187509e+02,  1.361212736839924e+02,  1.301190300000000e+03,  2.424330000000000e+01
15          ,  1.304908476901080e+02,  1.131770649790081e+02,  7.896556896692000e+02,  2.296781379990000e+01
95          ,  7.035268214247002e+01,  7.695161266026589e+01,  5.279714000000001e+02,  2.003100000000000e+00
39          ,  6.690965549992833e+01,  7.205107099319827e+01,  4.108670000000000e+02,  2.003100000000000e+00
68          ,  1.728438327749059e+02,  1.678741857982792e+02,  6.375995999999999e+02,  7.361600000000000e+01
80          ,  1.635560662373134e+02,  1.700033834391830e+02,  1.826029800000000e+03,  3.412969999999999e+01
140         ,  9.231264108905832e+01,  7.758860585233865e+01,  5.295864000000000e+02,  2.475412500000000e+00
47          ,  5.673059181818781e+01,  6.820700623748884e+01,  3.190084000000001e+02,  2.003100000000000e+00
30          ,  1.575095787725395e+02,  1.491788851939398e+02,  6.637290000119999e+02,  5.720166250000000e+01
112         ,  7.423809586689029e+01,  8.363497219263503e+01,  6.876783999999999e+02,  2.003100000000000e+00
76          ,  6.221586353440775e+01,  6.526497245718232e+01,  2.350982000000000e+02,  2.475412500000000e+00
137         ,  2.091771198782973e+02,  1.985457280301268e+02,  1.191237600000000e+03,  7.983966000000001e+01
33          ,  9.639831336185570e+01,  8.231094501384828e+01,  6.424324345152000e+02,  2.475412500000000e+00
142         ,  6.217869364696995e+01,  7.766787670542540e+01,  5.450874000156000e+02,  2.003100000000000e+00
62          ,  1.284855607921225e+02,  1.441964814672073e+02,  7.484200000000000e+02,  5.012910000000000e+01
135         ,  8.871171279800387e+01,  7.457961335463604e+01,  4.576828666792000e+02,  2.475412500000000e+00
53          ,  1.912036606685361e+02,  1.934968510218986e+02,  1.909967400000000e+03,  5.070340000000000e+01
5           ,  5.646241061036604e+01,  6.844970575563099e+01,  3.248080000000000e+02,  2.003100000000000e+00
85          ,  6.604743166171670e+01,  6.757405217540355e+01,  2.902764666744000e+02,  2.475412500000000e+00
77          ,  1.735436897724758e+02,  1.924821142914447e+02,  1.785770000000000e+03,  5.417280000000000e+01
34          ,  6.288448403712296e+01,  8.515740154636060e+01,  7.240587000000000e+02,  2.003100000000000e+00
7           ,  6.154031610112789e+01,  6.866989124853683e+01,  3.300696000000000e+02,  2.003100000000000e+00
43          ,  9.003176998171779e+01,  9.023897299254610e+01,  8.318823000000001e+02,  2.475412500000000e+00
70          ,  5.876522370994315e+01,  6.796974133102046e+01,  3.133386666520000e+02,  2.003100000000000e+00
89          ,  1.845971359160373e+02,  1.789354054067815e+02,  7.862250000000000e+02,  7.763200000000001e+01
83          ,  8.685815788108755e+01,  8.865067016945223e+01,  8.075346000000002e+02,  2.003100000000000e+00
123         ,  2.218543389191891e+02,  2.058347219323583e+02,  2.214085200000000e+03,  5.038095000000000e+01
129         ,  7.058438955216727e+01,  7.580662493964815e+01,  4.870038000000000e+02,  2.475412500000000e+00
8           ,  1.379771288780131e+02,  1.339331632775525e+02,  5.132226666528001e+02,  4.977999999000000e+01
114         ,  1.245825633863354e+02,  1.148708391628532e+02,  7.858144000000000e+02,  2.450610000000000e+01
17          ,  1.154201413293227e+02,  1.251904401816466e+02,  7.178829000000001e+02,  3.542400000000000e+01
72          ,  1.505744324222536e+02,  1.641344248264135e+02,  1.801387600000000e+03,  3.011690000000000e+01
6           ,  1.752395240612576e+02,  1.627433094030322e+02,  1.090200000000000e+03,  5.364952500000000e+01
101         ,  6.465769186928596e+01,  6.517184055539163e+01,  2.328727000000000e+02,  2.475412500000000e+00
2           ,  5.771548700058894e+01,  6.831072977457194e+01,  3.214870000000000e+02,  2.003100000000000e+00
122         ,  2.014000729838492e+02,  1.985543512851214e+02,  1.631596800000000e+03,  6.456120000000000e+01
54          ,  8.998190321387162e+01,  7.089346202757467e+01,  3.695978000088000e+02,  2.475412500000000e+00
50          ,  1.144884087492389e+02,  1.097330761759380e+02,  6.243699000132000e+02,  2.584845000000000e+01
104         ,  1.531720861969143e+02,  1.461599097252473e+02,  6.919850000135998e+02,  5.371667500000000e+01
46          ,  6.638274984747244e+01,  7.116188388844724e+01,  3.760120666552000e+02,  2.475412500000000e+00
105         ,  6.260542136940490e+01,  8.326455971419969e+01,  5.866555500000001e+02,  5.202525000000000e+00
61          ,  1.513414191693852e+02,  1.750700365229512e+02,  8.095531999999999e+02,  7.361600000000000e+01
141         ,  5.908637035915022e+01,  6.416939897989459e+01,  2.225248666564000e+02,  2.003100000000000e+00
79          ,  6.172344219415545e+01,  7.137785421179238e+01,  3.947796666780000e+02,  2.003100000000000e+00
136         ,  1.878481455563482e+02,  1.728584590531447e+02,  1.402488000000000e+03,  5.119977500000000e+01
41          ,  8.588925575648324e+01,  8.072845868114000e+01,  6.046170000000000e+02,  2.475412500000000e+00
90          ,  1.323141358213091e+02,  1.504174666491146e+02,  8.358046999999999e+02,  5.225600000000000e+01
88          ,  1.252802886728060e+02,  1.401423711263111e+02,  5.559244666775999e+02,  5.344815000000000e+01
126         ,  7.603223118739854e+01,  7.777637087173846e+01,  5.476800000000002e+02,  2.003100000000000e+00
57          ,  1.280373015126955e+02,  1.069452588615732e+02,  5.969296609440000e+02,  2.448851380035000e+01
75          ,  9.416246053996996e+01,  9.119756411128303e+01,  8.547890000000000e+02,  2.475412500000000e+00
32          ,  2.470528593513509e+02,  2.592023765343500e+02,  2.936683200000000e+03,  6.956564999999999e+01
59          ,  7.370978119031361e+01,  7.648049733440693e+01,  5.031068000000001e+02,  2.475412500000000e+00
63          ,  9.527186437700378e+01,  8.100189312036569e+01,  6.111510482992001e+02,  2.475412500000000e+00
128         ,  1.127928271848657e+02,  9.158541632075352e+01,  8.640572000000001e+02,  2.475412500000000e+00
37          ,  6.740982957627959e+01,  7.662571168306273e+01,  5.201836000000001e+02,  2.003100000000000e+00
107         ,  5.684900711217347e+01,  6.410689256905637e+01,  2.210311999896000e+02,  2.003100000000000e+00
134         ,  2.189143114936079e+02,  2.123757968784085e+02,  2.046805200000000e+03,  6.161320000000000e+01
1           ,  6.589429488532184e+01,  8.350771883706157e+01,  5.913027999999999e+02,  5.242906250000000e+00
52          ,  1.685536482338435e+02,  1.594394800926647e+02,  1.171689000000000e+03,  4.808044999999999e+01
103         ,  5.981199781507478e+01,  6.810506261901699e+01,  3.165723333188000e+02,  2.003100000000000e+00
99          ,  1.103591846419842e+02,  1.023010252186558e+02,  1.120119700000000e+03,  2.475412500000000e+00
116         ,  6.928383831454539e+01,  7.127972402671597e+01,  3.788280000000000e+02,  2.475412500000000e+00
74          ,  1.634935249887072e+02,  1.620504966193799e+02,  1.144218600000000e+03,  5.119977500000000e+01
121         ,  7.759315330331438e+01,  7.023599635745141e+01,  3.538868586372000e+02,  2.475412500000000e+00
143         ,  7.259770851342745e+01,  7.159486179334148e+01,  3.863586000000000e+02,  2.475412500000000e+00
71          ,  2.033361364024828e+02,  2.102043568072343e+02,  1.994916000000000e+03,  6.161320000000000e+01
106         ,  2.038799354056747e+02,  2.134807011493500e+02,  2.227948600000000e+03,  5.624189999999999e+01
14          ,  1.651217664757107e+02,  1.770730128385754e+02,  1.639425600000000e+03,  4.647114999999999e+01
102         ,  8.368680399312422e+01,  7.388315300382141e+01,  4.410401000124000e+02,  2.475412500000000e+00
