0             55|11|mult
1             55|10|add
2             242|55|add
3             55|25|mult
4             55|9|add
5             257|11|mult
6             241|55|add
7             55|10|mult
8             55|12|add
9             55|11|add
10            243|55|add
11            25|11|mult
12            256|55|mult
13            55|54|mult
14            46|17|div
15            55|54|add
16            241|229|mult
17            257|25|add
18            55|9|mult
19            256|25|add
20            257|49|mult
21            257|24|add
22            257|10|mult
23            55|53|add
24            256|25|mult
25            54|11|mult
26            284|55|add
27            242|229|mult
28            27|199|div
29            11|cb
30            11|sq
31            229|11|mult
32            284|55|mult
33            27|182|div
34            27|183|div
35            285|55|add
36            234|55|add
37            27|175|div
38            241|55|mult
39            242|55|mult
40            55|12|mult
41            55|8|add
42            55|53|mult
43            210|11|mult
44            244|55|add
45            240|55|add
46            11
47            257|242|mult
48            11|2|mult
49            256|241|mult
50            257|243|mult
51            46|8|mult
52            11|9|mult
53            243|229|mult
54            55|52|add
55            11|210|div
56            234|55|mult
57            257|229|mult
58            55|2|mult
59            11|10|mult
60            11|sqrt
61            55|2|add
62            285|55|mult
63            234|229|mult
64            256|237|mult
65            11|cbrt
66            53|11|mult
67            55|210|div
68            241|25|mult
69            242|25|mult
70            257|12|mult
71            257|9|mult
72            49|24|mult
73            49|11|mult
74            11|9|add
75            289|37|div
76            52|11|mult
77            243|55|mult
78            11|10|add
79            284|25|mult
80            46|12|mult
81            286|55|add
82            284|11|mult
83            287|242|mult
84            55|cb
85            54|11|add
86            241|185|mult
87            234|25|mult
88            241|46|mult
89            243|25|mult
90            242|49|mult
91            269|257|mult
92            257|54|mult
93            242|185|mult
94            55|sq
95            237|46|mult
96            55|sp
97            12|11|mult
98            234|11|mult
99            49|10|mult
100           284|257|mult
101           237|48|mult
102           241|11|mult
103           242|46|mult
104           285|11|mult
105           237|229|mult
106           239|37|div
107           46|19|div
108           242|11|mult
109           48|10|mult
110           243|46|mult
111           285|25|mult
112           241|11|add
113           287|243|mult
114           242|11|add
115           287|241|mult
116           241|49|mult
117           289|132|mult
118           242|9|mult
119           229|10|mult
120           257|52|mult
121           243|185|mult
122           281|257|mult
123           243|49|mult
124           241|9|mult
125           286|55|mult
126           24|2|mult
127           257|234|mult
128           267|237|mult
129           55
130           242|9|add
131           12|11|add
132           285|229|mult
133           24|cb
134           286|11|mult
135           284|229|mult
136           55|52|mult
137           241|9|add
138           237|18|mult
139           244|46|mult
140           237|233|mult
141           242|54|mult
142           46|9|mult
143           286|25|mult
144           287|237|mult
145           242|54|add
146           237|185|mult
147           243|11|mult
148           281|229|mult
149           269|267|mult
150           11|inv
151           243|9|mult
152           241|10|mult
153           241|54|mult
154           289|190|mult
155           240|46|mult
156           242|35|mult
157           259|27|add
158           241|10|add
159           267|243|mult
160           284|11|add
161           243|11|add
162           10|2|mult
163           242|10|mult
164           237|55|mult
165           55|1|add
166           55|49|mult
167           229|12|mult
168           243|9|add
169           240|229|mult
170           55|sqrt
171           241|54|add
172           242|10|add
173           27|226|div
174           257|244|mult
175           237|190|mult
176           210|11|div
177           11|1|mult
178           229|9|mult
179           286|229|mult
180           11|sp
181           244|229|mult
182           55|cbrt
183           243|27|mult
184           257|53|mult
185           241|1|mult
186           269|48|mult
187           257|240|mult
188           46|15|div
189           237|220|mult
190           269|259|mult
191           241|233|mult
192           286|257|mult
193           243|54|add
194           242|48|mult
195           27|184|div
196           24|sq
197           281|46|mult
198           243|48|mult
199           237|24|mult
200           243|10|add
201           49|9|mult
202           285|256|mult
203           243|10|mult
204           259|243|mult
205           242|27|mult
206           241|35|mult
207           242|1|mult
208           242|12|mult
209           243|35|mult
210           210|55|div
211           241|12|mult
212           242|52|mult
213           185|11|mult
214           284|10|mult
215           234|10|mult
216           267|244|mult
217           243|54|mult
218           11|2|add
219           242|53|mult
220           243|185|add
221           263|237|mult
222           241|52|mult
223           242|2|mult
224           25|210|div
225           237|194|mult
226           241|53|mult
227           242|233|mult
228           241|27|mult
229           35|11|mult
230           242|12|add
231           241|220|mult
232           234|9|mult
233           285|49|mult
234           241|12|add
235           11|8|mult
236           281|55|mult
237           281|46|add
238           25|10|mult
239           53|11|add
240           243|12|mult
241           259|11|mult
242           256|30|div
243           237|1|mult
244           284|9|mult
245           284|10|add
246           237|11|mult
247           285|10|mult
248           257|8|mult
249           259|46|mult
250           234|49|mult
251           220|192|div
252           267|242|mult
253           241|185|add
254           237|192|mult
255           281|25|mult
256           241|2|mult
257           244|27|mult
258           55|8|mult
259           233|55|add
260           237|189|mult
261           49|12|mult
262           237|191|mult
263           241|18|mult
264           252|27|mult
265           243|30|div
266           10|2|add
267           285|9|mult
268           269|229|mult
269           240|25|mult
270           237|176|mult
271           237|54|mult
272           244|25|mult
273           243|12|add
274           269|46|mult
275           243|53|mult
276           243|52|mult
277           229|24|mult
278           242|185|add
279           270|269|mult
280           243|1|mult
281           284|9|add
282           237|53|mult
283           234|11|add
284           285|11|add
285           242|30|div
286           243|18|mult
287           237|9|mult
288           237|132|mult
289           240|27|mult
290           240|55|mult
291           234|185|add
292           237|34|div
293           263|241|mult
294           237|286|div
295           237|2|mult
296           287|269|mult
297           242|241|mult
298           244|55|mult
299           243|2|mult
300           27|186|div
301           241|sq
302           286|10|mult
303           259|229|mult
304           259|241|mult
305           244|11|mult
306           243|220|mult
307           244|185|add
308           243|233|mult
309           259|242|mult
310           257|2|mult
311           241|48|mult
312           220|191|div
313           242|18|mult
314           242|sq
315           234|10|add
316           259|3|add
317           244|49|mult
318           269|25|mult
319           269|55|mult
320           287|10|mult
321           233|11|mult
322           263|242|mult
323           54|24|mult
324           242|220|mult
325           259|220|mult
326           241|cb
327           263|11|mult
328           284|49|mult
329           237|10|mult
330           259|49|mult
331           46|191|div
332           240|11|mult
333           237|52|mult
334           284|54|mult
335           243|241|mult
336           237|284|div
337           11|192|div
338           259|55|mult
339           253|27|mult
340           243|242|mult
341           220|189|div
342           237|223|mult
343           55|inv
344           229|192|div
345           234|9|add
346           242|53|add
347           239|136|mult
348           52|11|add
349           284|242|mult
350           237|210|mult
351           229|191|div
352           269|185|mult
353           257|1|mult
354           244|220|mult
355           220|49|mult
356           267|240|mult
357           25|12|mult
358           285|10|add
359           281|11|mult
360           237|240|div
361           242|8|mult
362           17|46|div
363           237|35|mult
364           237|234|div
365           243|3|mult
366           269|233|mult
367           240|220|mult
368           287|244|mult
369           259|244|mult
370           237|244|div
371           237
372           242|234|mult
373           242|cb
374           269|34|div
375           237|12|mult
376           24|9|mult
377           240|30|div
378           267|241|mult
379           241|53|add
380           287|11|mult
381           237|20|mult
382           243|53|add
383           240|49|mult
384           237|210|div
385           54|49|mult
386           269|35|mult
387           256|27|mult
388           259|10|mult
389           285|9|add
390           244|9|mult
391           263|243|mult
392           244|11|add
393           284|241|mult
394           241|30|div
395           25|24|sub
396           24|sp
397           242|237|mult
398           259|237|mult
399           237|49|mult
400           234|54|mult
401           237|285|div
402           281|49|add
403           234|185|mult
404           243|sq
405           287|12|mult
406           259|240|mult
407           240|11|add
408           241|234|mult
409           234|12|mult
410           244|10|add
411           240|185|add
412           284|12|mult
413           285|242|mult
414           285|237|mult
415           243|8|mult
416           244|10|mult
417           241|8|mult
418           11|191|div
419           237|234|mult
420           69|88|div
421           241|210|mult
422           242|52|add
423           11|8|add
424           27|11|mult
425           243|cb
426           269|9|mult
427           242|241|add
428           240|10|add
429           244|3|mult
430           240|9|mult
431           289|46|mult
432           286|9|mult
433           54|10|mult
434           241
435           240|10|mult
436           242|210|div
437           244|9|add
438           244|185|mult
439           241|237|mult
440           242
441           242|3|mult
442           269|11|mult
443           237|228|mult
444           237|sqrt
445           229|8|mult
446           285|54|mult
447           284|237|mult
448           243|237|mult
449           285|241|mult
450           269|237|add
451           284|54|add
452           242|210|mult
453           241|210|div
454           269|220|mult
455           82|88|div
456           243|234|mult
457           246|0|mult
458           241|52|add
459           286|242|mult
460           284|243|mult
461           46|10|mult
462           269|176|mult
463           284|12|add
464           243|52|add
465           240|185|mult
466           269|27|mult
467           237|15|mult
468           240|9|add
469           237|8|mult
470           269|53|mult
471           285|12|mult
472           247|27|mult
473           287|240|mult
474           269|235|mult
475           237|17|mult
476           259|24|mult
477           25|192|div
478           269|246|mult
479           237|3|mult
480           239|238|div
481           285|243|mult
482           269|2|mult
483           220|210|sub
484           46|11|mult
485           10|9|mult
486           269|54|mult
487           281|185|mult
488           242|176|mult
489           269|18|mult
490           10|cb
491           242|2|add
492           269|190|mult
493           286|11|add
494           281|9|mult
495           286|237|mult
496           237|23|div
497           243|241|add
498           269|10|mult
499           269|12|mult
#-----------------------------------------------------------------------
500           257|192|mult
501           235|20|mult
502           235|194|mult
503           235|189|mult
504           235|192|mult
505           235|34|div
506           240|264|div
507           235|11|div
508           264|240|div
509           235|15|mult
510           11|235|div
511           235|286|div
512           235|191|mult
513           235|19|mult
514           235|78|mult
515           240|235|div
516           234|257|div
517           106|34|div
518           257|234|div
519           244|259|div
520           235|8|div
521           235|18|mult
522           235|234|div
523           235|2|div
524           235|17|mult
525           235|284|div
526           49|235|div
527           244|264|div
528           235|55|div
529           235|12|div
530           8|235|div
531           114|208|div
532           235|208|div
533           235|266|div
534           259|244|div
535           12|235|div
536           235|285|div
537           235|54|div
538           235|76|mult
539           264|244|div
540           244|235|div
541           235|75|mult
542           235|73|mult
543           257|191|mult
544           235|9|div
545           267|208|div
546           235|77|mult
547           235|74|mult
548           235|287|div
549           235|24|div
550           235|53|div
551           235|49|div
552           270|34|div
553           235|1|div
554           93|34|div
555           234|235|div
556           93|208|div
557           286|235|div
558           281|235|div
559           235|185|div
560           235|220|mult
561           106|208|div
562           76|34|div
563           59|34|div
564           241|235|div
565           235|106|mult
566           264|191|mult
567           104|34|div
568           235|233|div
569           104|208|div
570           257|189|mult
571           31|235|div
572           110|34|div
573           235|52|div
574           112|34|div
575           9|235|div
576           235|114|mult
577           60|34|div
578           78|34|div
579           110|208|div
580           235|37|div
581           235|176|div
582           235|210|mult
583           111|34|div
584           107|208|div
585           281|264|div
586           61|208|div
587           73|34|div
588           263|235|mult
589           235|227|div
590           112|208|div
591           113|208|div
592           285|235|div
593           286|257|div
594           60|208|div
595           235|sq
596           59|208|div
597           270|194|mult
598           235|48|mult
599           235|197|div
600           83|208|div
601           264|136|mult
602           77|34|div
603           235|228|div
604           111|208|div
605           267|34|div
606           113|34|div
607           242|235|div
608           67|208|div
609           284|235|div
610           235|104|mult
611           240|270|div
612           241|264|div
613           243|235|div
614           240|259|div
615           235|229|div
616           76|208|div
617           235|31|div
618           235|46|mult
619           83|34|div
620           11|264|div
621           264|194|mult
622           235|190|mult
623           235|5|div
624           285|257|div
625           114|37|div
626           264|21|div
627           235|10|div
628           235|33|div
629           235|59|mult
630           114|195|div
631           24|235|div
632           10|235|div
633           68|208|div
634           235|108|mult
635           235
636           235|23|div
637           75|34|div
638           114|179|div
639           257|286|div
640           73|208|div
641           78|208|div
642           235|16|mult
643           67|34|div
644           235|56|mult
645           235|250|div
646           61|34|div
647           225|78|div
648           235|110|mult
649           264|37|div
650           235|223|div
651           58|208|div
652           235|35|div
653           243|264|div
654           235|111|mult
655           77|208|div
656           66|208|div
657           235|cb
658           235|112|mult
659           114|207|div
660           257|285|div
661           62|208|div
662           2|235|div
663           96|208|div
664           225|104|div
665           270|208|div
666           68|34|div
667           70|208|div
668           225|76|div
669           225|75|div
670           55|235|div
671           264|135|mult
672           235|93|mult
673           205|235|div
674           107|34|div
675           267|235|mult
676           75|208|div
677           242|264|div
678           257|194|mult
679           235|60|mult
680           225|73|div
681           225|77|div
682           244|270|div
683           264|78|mult
684           69|208|div
685           106|23|div
686           135|107|mult
687           114|34|div
688           235|210|div
689           108|208|div
690           54|235|div
691           108|34|div
692           115|208|div
693           235|186|div
694           259|136|mult
695           86|208|div
696           235|sqrt
697           235|83|mult
698           259|133|mult
699           48|34|div
700           205|114|div
701           85|208|div
702           114|211|div
703           235|240|div
704           235|113|mult
705           114|5|div
706           264|75|mult
707           106|197|div
708           225|108|div
709           264|131|mult
710           66|34|div
711           235|209|div
712           264|192|mult
713           264|17|mult
714           135|58|mult
715           74|208|div
716           235|182|div
717           31|114|div
718           235|61|mult
719           167|109|div
720           94|34|div
721           235|36|div
722           235|68|mult
723           235|229|mult
724           72|208|div
725           74|34|div
726           235|94|mult
727           131|107|mult
728           235|cbrt
729           259|240|div
730           235|183|div
731           76|23|div
732           225|88|div
733           235|67|mult
734           234|264|div
735           264|34|div
736           70|34|div
737           94|208|div
738           114|33|div
739           235|256|div
740           96|34|div
741           264|281|div
742           235|263|div
743           225|106|div
744           260|21|div
745           51|78|div
746           34|97|div
747           287|235|div
748           8|264|div
749           53|235|div
750           244|61|div
751           264|20|mult
752           225|151|mult
753           240|104|div
754           225|59|div
755           244|68|div
756           240|68|div
757           78|23|div
758           65|208|div
759           167|151|mult
760           131|58|mult
761           135|62|mult
762           135|68|mult
763           240|61|div
764           235|50|mult
765           235|176|mult
766           225|93|div
767           240|83|div
768           51|75|div
769           240|67|div
770           114|255|div
771           235|209|mult
772           135|67|mult
773           244|67|div
774           235|185|mult
775           98|208|div
776           235|36|mult
777           270|197|div
778           32|235|div
779           56|208|div
780           259|21|div
781           264|76|mult
782           51|108|div
783           51|76|div
784           264|241|div
785           235|179|div
786           12|264|div
787           235|135|mult
788           283|150|div
789           286|264|div
790           235|175|div
791           244|83|div
792           11|104|div
793           225|21|mult
794           135|83|mult
795           0|235|div
796           225|110|div
797           270|135|mult
798           264|208|div
799           51|73|div
800           52|235|div
801           286|106|div
802           235|199|div
803           270|20|mult
804           135|70|mult
805           270|136|mult
806           63|208|div
807           235|35|mult
808           51|77|div
809           235|107|mult
810           225|112|div
811           75|23|div
812           74|37|div
813           114|197|div
814           69|34|div
815           270|114|mult
816           244|104|div
817           235|48|div
818           243|259|div
819           11|270|div
820           115|34|div
821           131|68|mult
822           131|62|mult
823           225|111|div
824           31|264|div
825           264|73|mult
826           235|233|mult
827           73|23|div
828           235|241|div
829           93|92|div
830           131|67|mult
831           76|197|div
832           36|78|div
833           167|78|div
834           235|162|mult
835           235|1|mult
836           225|34|mult
837           235|70|mult
838           135|69|mult
839           235|66|mult
840           49|264|div
841           51|88|div
842           135|66|mult
843           235|131|mult
844           225|113|div
845           234|106|div
846           264|77|mult
847           78|197|div
848           235|252|div
849           225|94|div
850           235|52|mult
851           167|88|div
852           235|228|mult
853           235|255|div
854           93|255|div
855           167|75|div
856           131|83|mult
857           51|104|div
858           106|255|div
859           270|131|mult
860           225|60|div
861           281|270|div
862           72|34|div
863           135|61|mult
864           38|235|div
865           264|189|mult
866           1|235|div
867           77|23|div
868           225|109|div
869           225|180|mult
870           167|76|div
871           135|110|mult
872           36|75|div
873           225|136|div
874           285|106|div
875           225|83|div
876           264|11|div
877           235|53|mult
878           167|73|div
879           270|191|mult
880           167|77|div
881           131|70|mult
882           240|93|div
883           108|197|div
884           135|104|mult
885           235|281|div
886           241|104|div
887           235|184|mult
888           33|97|div
889           225|37|mult
890           93|23|div
891           176|34|div
892           37|114|div
893           225|33|mult
894           260|208|div
895           225|68|div
896           270|74|mult
897           264|243|div
898           270|189|mult
899           284|106|div
900           135|112|mult
901           135|60|mult
902           235|54|mult
903           245|235|div
904           35|208|div
905           75|197|div
906           131|66|mult
907           69|68|abd
908           243|61|div
909           235|96|mult
910           208|97|div
911           167|136|div
912           225|61|div
913           235|21|div
914           114|95|div
915           89|208|div
916           235|244|div
917           235|69|mult
918           235|115|mult
919           74|21|div
920           61|255|div
921           34|88|div
922           223|235|div
923           244|70|div
924           104|197|div
925           241|270|div
926           132|225|div
927           131|61|mult
928           135|113|mult
929           73|197|div
930           135|111|mult
931           235|72|mult
932           135|85|mult
933           167|122|mult
934           131|69|mult
935           135|106|mult
936           264|197|div
937           235|132|mult
938           243|104|div
939           11|106|div
940           51|106|div
941           104|23|div
942           131|110|mult
943           114|21|div
944           104|255|div
945           77|197|div
946           259|135|mult
947           270|192|mult
948           167|104|div
949           135|93|mult
950           37|106|div
951           235|205|div
952           240|70|div
953           225|67|div
954           242|104|div
955           36|76|div
956           264|33|div
957           285|264|div
958           59|23|div
959           240|59|div
960           244|93|div
961           235|195|div
962           235|226|div
963           264|8|div
964           235|207|div
965           250|106|div
966           240|110|div
967           270|266|div
968           106|266|div
969           257|20|mult
970           234|104|div
971           114|121|div
972           48|208|div
973           59|197|div
974           263|34|div
975           256|235|div
976           225|235|div
977           37|230|div
978           37|76|div
979           85|34|div
980           5|106|div
981           167|108|div
982           131|112|mult
983           240|107|div
984           235|55|mult
985           225|5|mult
986           131|60|mult
987           131|104|mult
988           227|235|div
989           240|112|div
990           244|107|div
991           135|59|mult
992           232|167|mult
993           110|255|div
994           243|270|div
995           131|85|mult
996           240|106|div
997           135|74|mult
998           225|179|mult
999           281|104|div
#-----------------------------------------------------------------------
1000          267|169|div
1001          123|145|div
1002          262|128|div
1003          147|122|div
1004          282|128|div
1005          271|122|div
1006          261|64|div
1007          288|64|div
1008          143|122|div
1009          267|128|div
1010          261|109|div
1011          154|122|div
1012          93|128|div
1013          63|128|div
1014          209|128|div
1015          119|122|div
1016          35|128|div
1017          192|128|div
1018          123|122|div
1019          130|122|div
1020          261|122|div
1021          147|149|div
1022          173|122|div
1023          189|128|div
1024          106|128|div
1025          181|122|div
1026          103|128|div
1027          113|128|div
1028          235|169|div
1029          191|128|div
1030          194|128|div
1031          59|128|div
1032          97|128|div
1033          210|128|div
1034          128|inv
1035          60|128|div
1036          35|169|div
1037          110|128|div
1038          261|180|div
1039          246|128|div
1040          111|128|div
1041          176|128|div
1042          117|122|div
1043          68|128|div
1044          112|128|div
1045          220|128|div
1046          235|128|div
1047          107|128|div
1048          66|128|div
1049          82|128|div
1050          20|128|div
1051          94|128|div
1052          67|128|div
1053          184|128|div
1054          1|128|div
1055          53|128|div
1056          52|128|div
1057          285|128|div
1058          48|128|div
1059          69|128|div
1060          19|128|div
1061          77|128|div
1062          15|128|div
1063          73|128|div
1064          2|128|div
1065          18|128|div
1066          54|128|div
1067          261|6|div
1068          70|128|div
1069          132|128|div
1070          228|128|div
1071          263|128|div
1072          104|128|div
1073          76|128|div
1074          17|128|div
1075          233|128|div
1076          75|128|div
1077          147|64|div
1078          230|128|div
1079          91|128|div
1080          284|128|div
1081          162|128|div
1082          52|227|div
1083          24|128|div
1084          257|128|div
1085          143|145|div
1086          209|169|div
1087          55|128|div
1088          234|128|div
1089          190|128|div
1090          264|128|div
1091          179|128|div
1092          78|128|div
1093          286|128|div
1094          42|64|div
1095          229|128|div
1096          16|128|div
1097          10|128|div
1098          175|128|div
1099          168|122|div
1100          5|128|div
1101          29|64|div
1102          46|128|div
1103          262|126|div
1104          9|128|div
1105          96|128|div
1106          264|169|div
1107          248|64|div
1108          12|128|div
1109          270|128|div
1110          131|128|div
1111          8|128|div
1112          135|128|div
1113          36|128|div
1114          282|126|div
1115          185|128|div
1116          252|128|div
1117          262|125|div
1118          261|149|div
1119          61|128|div
1120          188|122|div
1121          226|128|div
1122          231|122|div
1123          253|128|div
1124          74|128|div
1125          198|128|div
1126          183|128|div
1127          1|169|div
1128          92|128|div
1129          287|128|div
1130          11|128|div
1131          282|125|div
1132          282|168|div
1133          262|168|div
1134          227|128|div
1135          29|109|div
1136          261|63|div
1137          207|128|div
1138          139|122|div
1139          33|128|div
1140          288|109|div
1141          52|169|div
1142          233|169|div
1143          38|128|div
1144          136|128|div
1145          213|128|div
1146          247|128|div
1147          95|128|div
1148          38|169|div
1149          270|169|div
1150          263|169|div
1151          242|128|div
1152          54|169|div
1153          40|64|div
1154          186|128|div
1155          228|169|div
1156          280|128|div
1157          244|128|div
1158          241|128|div
1159          182|128|div
1160          9|169|div
1161          154|145|div
1162          8|169|div
1163          184|169|div
1164          39|128|div
1165          176|169|div
1166          53|169|div
1167          208|128|div
1168          226|169|div
1169          2|169|div
1170          259|128|div
1171          262|169|div
1172          251|128|div
1173          10|169|div
1174          24|169|div
1175          85|128|div
1176          240|128|div
1177          71|128|div
1178          287|169|div
1179          45|128|div
1180          243|128|div
1181          164|122|div
1182          21|128|div
1183          223|128|div
1184          221|122|div
1185          163|122|div
1186          47|122|div
1187          55|169|div
1188          175|169|div
1189          284|169|div
1190          285|169|div
1191          7|122|div
1192          268|exp
1193          52|186|div
1194          34|128|div
1195          169|inv
1196          58|128|div
1197          286|169|div
1198          81|128|div
1199          234|169|div
1200          198|169|div
1201          210|169|div
1202          253|122|div
1203          249|128|div
1204          236|122|div
1205          256|169|div
1206          5|169|div
1207          262|124|div
1208          49|128|div
1209          42|149|div
1210          265|122|div
1211          56|64|div
1212          37|128|div
1213          269|122|div
1214          147|109|div
1215          277|151|div
1216          48|169|div
1217          12|169|div
1218          183|169|div
1219          282|124|div
1220          128|131|div
1221          3|169|div
1222          227|52|div
1223          3|128|div
1224          219|128|div
1225          89|128|div
1226          261|91|div
1227          214|64|div
1228          205|64|div
1229          255|128|div
1230          236|64|div
1231          148|122|div
1232          90|128|div
1233          220|169|div
1234          248|180|div
1235          161|128|div
1236          79|128|div
1237          216|64|div
1238          11|169|div
1239          268|146|div
1240          201|122|div
1241          62|128|div
1242          63|124|div
1243          261|51|div
1244          182|169|div
1245          147|180|div
1246          227|169|div
1247          93|124|div
1248          24|186|div
1249          277|167|mult
1250          261|121|div
1251          267|126|div
1252          229|169|div
1253          91|124|div
1254          98|128|div
1255          57|168|div
1256          155|128|div
1257          212|122|div
1258          170|169|sub
1259          271|64|div
1260          261|sp
1261          241|169|div
1262          86|128|div
1263          239|122|div
1264          193|169|div
1265          282|169|div
1266          123|64|div
1267          232|122|div
1268          177|122|div
1269          242|169|div
1270          140|122|div
1271          216|128|div
1272          277|129|div
1273          156|64|div
1274          27|128|div
1275          244|169|div
1276          192|169|div
1277          240|169|div
1278          96|124|div
1279          54|227|div
1280          49|169|div
1281          53|227|div
1282          97|124|div
1283          277|128|div
1284          93|126|div
1285          128|135|div
1286          46|169|div
1287          232|64|div
1288          92|124|div
1289          154|64|div
1290          169|64|div
1291          272|146|div
1292          170|169|abd
1293          289|122|div
1294          81|124|div
1295          250|128|div
1296          243|169|div
1297          147|121|div
1298          170|124|div
1299          35|227|div
1300          113|124|div
1301          67|124|div
1302          106|124|div
1303          93|169|div
1304          23|128|div
1305          59|124|div
1306          66|124|div
1307          186|184|sub
1308          267|125|div
1309          35|186|div
1310          82|124|div
1311          278|146|div
1312          143|64|div
1313          110|124|div
1314          15|169|div
1315          289|128|div
1316          112|124|div
1317          68|124|div
1318          60|124|div
1319          85|124|div
1320          205|109|div
1321          61|124|div
1322          14|168|div
1323          237|128|div
1324          31|64|div
1325          111|124|div
1326          14|128|div
1327          63|126|div
1328          63|169|div
1329          10|186|div
1330          13|64|div
1331          259|169|div
1332          246|126|div
1333          19|169|div
1334          281|128|div
1335          33|169|div
1336          278|203|div
1337          69|124|div
1338          185|169|div
1339          18|169|div
1340          103|124|div
1341          119|64|div
1342          42|180|div
1343          4|64|div
1344          104|124|div
1345          152|122|div
1346          130|64|div
1347          246|122|div
1348          70|124|div
1349          103|126|div
1350          278|214|div
1351          123|109|div
1352          194|169|div
1353          261|93|div
1354          1|186|div
1355          50|128|div
1356          73|124|div
1357          29|149|div
1358          281|169|div
1359          107|124|div
1360          186|52|div
1361          113|126|div
1362          191|169|div
1363          65|168|div
1364          94|124|div
1365          64|128|div
1366          106|126|div
1367          36|169|div
1368          140|64|div
1369          196|128|div
1370          77|124|div
1371          246|169|div
1372          250|64|div
1373          29|180|div
1374          76|124|div
1375          20|169|div
1376          282|170|div
1377          96|169|div
1378          59|126|div
1379          64|124|div
1380          288|6|div
1381          288|180|div
1382          235|126|div
1383          59|169|div
1384          27|169|div
1385          224|64|div
1386          278|262|mult
1387          60|126|div
1388          68|126|div
1389          22|128|div
1390          261|cb
1391          282|278|mult
1392          35|126|div
1393          261|68|div
1394          66|169|div
1395          7|168|div
1396          67|126|div
1397          82|126|div
1398          78|124|div
1399          186|52|sub
1400          255|124|div
1401          112|126|div
1402          261|153|div
1403          69|126|div
1404          67|169|div
1405          237|122|div
1406          130|109|div
1407          151|64|div
1408          0|64|div
1409          66|126|div
1410          110|169|div
1411          123|180|div
1412          9|186|div
1413          277|178|div
1414          68|169|div
1415          110|126|div
1416          267|124|div
1417          179|169|div
1418          261|69|div
1419          50|64|div
1420          111|126|div
1421          168|64|div
1422          209|126|div
1423          115|168|div
1424          104|126|div
1425          253|169|div
1426          135|124|div
1427          113|169|div
1428          158|64|div
1429          39|169|div
1430          75|124|div
1431          112|169|div
1432          82|169|div
1433          91|126|div
1434          74|124|div
1435          236|149|div
1436          54|186|div
1437          207|124|div
1438          253|126|div
1439          264|126|div
1440          261|60|div
1441          60|169|div
1442          61|169|div
1443          111|169|div
1444          42|109|div
1445          246|124|div
1446          236|180|div
1447          173|109|div
1448          173|64|div
1449          235|125|div
1450          179|124|div
1451          261|111|div
1452          97|126|div
1453          80|128|div
1454          30|128|div
1455          114|128|div
1456          261|207|div
1457          107|126|div
1458          70|126|div
1459          132|126|div
1460          14|124|div
1461          94|126|div
1462          106|169|div
1463          261|112|div
1464          280|169|div
1465          181|64|div
1466          132|169|div
1467          93|125|div
1468          230|124|div
1469          261|70|div
1470          134|128|div
1471          119|180|div
1472          247|169|div
1473          231|168|div
1474          278|145|div
1475          72|124|div
1476          147|6|div
1477          190|169|div
1478          70|169|div
1479          186|36|mult
1480          123|72|div
1481          69|169|div
1482          278|51|mult
1483          278|174|div
1484          270|126|div
1485          188|168|div
1486          186|1|div
1487          208|124|div
1488          107|169|div
1489          261|67|div
1490          261|107|div
1491          265|64|div
1492          1|227|div
1493          73|126|div
1494          277|187|div
1495          17|169|div
1496          23|124|div
1497          115|124|div
1498          252|169|div
1499          237|169|div
#-----------------------------------------------------------------------
