# FEAT_ID     Feature Postfix Expression (RPN)
0             29|inv
1             29|1|mult
2             2|14|div
3             25|1|mult
4             26|sq
5             28|23|mult
6             0|24|div
7             19|1|mult
8             7|2|mult
9             7|3|mult
10            26|10|sub
11            26|25|add
12            20|1|mult
13            25
14            23|25|div
15            25|15|div
16            1|sqrt
17            21|sq
18            26|20|add
19            19|18|mult
20            8|inv
21            26|14|add
22            1|cbrt
23            3|sqrt
24            29|26|add
25            24|27|div
26            26|10|add
27            26|11|div
28            29|7|div
29            23|15|div
30            20|cbrt
31            0
32            28|18|div
33            19|12|mult
34            28|12|mult
35            22|inv
36            29|13|sub
37            25|24|mult
38            12|2|mult
39            22|5|mult
40            19|4|mult
41            2|10|div
42            24|22|div
43            28|14|mult
44            23|29|div
45            20|sqrt
46            18|29|div
47            20|24|div
48            29|8|div
49            23|26|div
50            26|8|div
51            24|0|mult
52            23|cbrt
53            29|15|div
54            27|19|mult
55            27|sp
56            23|20|div
57            21|2|mult
58            2|17|div
59            0|18|div
60            23|8|div
61            17|3|div
62            18|5|mult
63            23|11|div
64            2|28|div
65            12|1|mult
66            25|sq
67            0|27|div
68            25|20|add
69            10|5|mult
70            22|19|mult
71            2|cbrt
72            29|24|div
73            12|20|div
74            26|cb
75            14|1|mult
76            24|10|mult
77            7|20|div
78            27|5|mult
79            10|2|mult
80            25|10|add
81            20|8|div
82            20|11|div
83            13|5|mult
84            5|1|mult
85            24|14|mult
86            14|24|div
87            0|22|div
88            10
89            14
90            21|6|mult
91            11|5|mult
92            14|10|add
93            23|13|div
94            10|24|div
95            23|3|div
96            20
97            20|10|add
98            17|14|mult
99            20|3|div
100           17|10|mult
101           29|8|sub
102           25|14|add
103           13|1|mult
104           20|14|add
105           26|25|mult
106           24|11|div
107           29|11|div
108           29|25|add
109           29|cbrt
110           14|5|mult
111           8|1|mult
112           3|cbrt
113           28|8|mult
114           5|3|mult
115           24|13|div
116           23|22|div
117           29|26|mult
118           26|20|mult
119           17|7|div
120           29|sqrt
121           26|3|div
122           29|10|add
123           0|12|div
124           26|13|div
125           0|8|div
126           29|20|add
127           29|14|add
128           0|11|div
129           25|8|div
130           0|25|div
131           11|inv
132           13|2|mult
133           14|28|div
134           14|2|mult
135           25|cb
136           8|5|mult
137           25|2|mult
138           0|29|div
139           26|2|mult
140           23|27|div
141           10|1|mult
142           0|20|div
143           24|20|mult
144           7|26|div
145           0|26|div
146           29|2|mult
147           12|nexp
148           7|25|div
149           18|1|mult
150           12|sq
151           20|2|mult
152           17|15|div
153           11|1|mult
154           11|2|mult
155           14|17|div
156           13|inv
157           25|3|div
158           28|3|div
159           2|sqrt
160           10|28|div
161           29
162           7|29|div
163           25|20|mult
164           27|1|mult
165           0|14|div
166           10|17|div
167           2|24|div
168           25|23|div
169           0|13|div
170           12|sin
171           8|2|mult
172           16|4|mult
173           26|14|mult
174           2|20|div
175           29|25|mult
176           22|1|mult
177           22|2|mult
178           29|3|div
179           2
180           29|13|div
181           25|sp
182           2|29|div
183           2|25|div
184           4|0|mult
185           26|8|add
186           26|10|mult
187           26|sp
188           20|sq
189           23|12|div
190           0|10|div
191           20|13|div
192           29|23|div
193           27|2|mult
194           24|2|mult
195           0|6|div
196           2|26|div
197           28|0|mult
198           27|21|mult
199           17|0|mult
200           29|20|mult
201           25|10|mult
202           12|23|div
203           12|29|div
204           19|14|mult
205           25|12|div
206           25|11|div
207           26|23|div
208           15|inv
209           25|14|mult
210           28|15|div
211           29|14|mult
212           21|23|div
213           29|sq
214           29|10|mult
215           28|7|div
216           26|13|add
217           20|14|mult
218           8|29|div
219           24|15|div
220           24|12|div
221           14|8|add
222           29|24|mult
223           10|8|add
224           8|cbrt
225           3|log
226           20|10|mult
227           8|20|div
228           25|8|add
229           21|19|mult
230           19|13|mult
231           20|23|div
232           20|8|add
233           4|2|mult
234           26|11|add
235           8|26|div
236           18|2|mult
237           12|28|div
238           0|cbrt
239           8|25|div
240           28|2|mult
241           8|sqrt
242           1|23|div
243           12|26|div
244           27|24|mult
245           20|12|div
246           13|10|add
247           27|cbrt
248           17|2|mult
249           14|sq
250           14|13|add
251           12|inv
252           11|10|add
253           24|3|div
254           25|13|add
255           19|10|mult
256           21|5|mult
257           14|11|add
258           20|cb
259           3|inv
260           22|21|mult
261           29|cb
262           25|11|add
263           11|26|div
264           20|13|add
265           7|23|div
266           29|8|add
267           20|11|add
268           22|cbrt
269           25|13|div
270           11|20|div
271           27|sqrt
272           12|5|mult
273           14|10|mult
274           12|17|div
275           26|12|mult
276           0|2|div
277           10|23|div
278           14|12|mult
279           19|11|mult
280           11|29|div
281           23|7|div
282           10|sq
283           8|17|div
284           12|24|div
285           14|cb
286           13|17|div
287           22|sqrt
288           8|28|div
289           0|sqrt
290           12
291           8|24|div
292           24|12|mult
293           11|cbrt
294           29|12|div
295           24|22|mult
296           22|17|div
297           29|sp
298           13|28|div
299           8
300           19|8|mult
301           29|13|add
302           13|cbrt
303           19|7|mult
304           24|8|mult
305           26|12|div
306           10|cb
307           11|17|div
308           29|11|add
309           29|21|mult
310           11|sqrt
311           12|10|mult
312           13|26|div
313           29|12|mult
314           12|log
315           19|5|mult
316           22|28|div
317           12|sqrt
318           26|22|add
319           7|inv
320           12|cbrt
321           20|sp
322           13|sqrt
323           26|21|mult
324           26|8|mult
325           7|5|mult
326           13|29|div
327           7|1|mult
328           24|7|div
329           22|23|div
330           11|28|div
331           20|12|mult
332           11|25|div
333           13|20|div
334           25|8|mult
335           14|8|mult
336           27
337           13|23|div
338           11|8|add
339           13|8|add
340           22
341           14|23|div
342           25|21|mult
343           21|1|mult
344           14|13|mult
345           20|8|mult
346           12|8|mult
347           29|8|mult
348           7|4|mult
349           13|24|div
350           10|8|mult
351           14|11|mult
352           13|10|mult
353           26|13|mult
354           11|23|div
355           22|24|div
356           13|25|div
357           11|24|div
358           22|10|add
359           27|17|div
360           13|12|mult
361           11|10|mult
362           25|13|mult
363           26|18|add
364           25|12|mult
365           24|7|mult
366           22|14|add
367           11
368           25|22|add
369           25|11|mult
370           21|28|div
371           12|11|mult
372           26|11|mult
373           27|28|div
374           21|4|mult
375           13|11|add
376           13
377           24|11|mult
378           18|23|div
379           27|24|div
380           27|22|add
381           22|20|add
382           21|7|mult
383           20|13|mult
384           7
385           27|23|div
386           29|13|mult
387           18|10|add
388           20|11|mult
389           21|20|mult
390           27|26|add
391           24|13|mult
392           8|sq
393           7|24|div
394           18|17|div
395           18|14|add
396           22|cb
397           29|11|mult
398           8|cb
399           22|10|mult
400           22|sq
401           11|cb
402           22|14|mult
403           8|23|div
404           20|18|add
405           27|sq
406           13|8|mult
407           26|22|mult
408           11|8|mult
409           25|18|add
410           13|cb
411           29|22|add
412           27|cb
413           24|18|div
414           21|17|div
415           7|sqrt
416           7|cbrt
417           18|28|div
418           11|sq
419           27|10|add
420           13|sq
421           25|22|mult
422           12|7|mult
423           13|11|mult
424           27|14|add
425           27|22|mult
426           18|10|mult
427           18|14|mult
428           27|20|add
429           27|10|mult
430           27|25|add
431           22|20|mult
432           7|28|div
433           27|14|mult
434           18|inv
435           22|12|mult
436           7|17|div
437           27|7|mult
438           29|22|mult
439           25|7|mult
440           26|7|mult
441           21|12|mult
442           22|8|add
443           22|7|mult
444           18|12|mult
445           29|7|mult
446           27|26|mult
447           20|7|mult
448           29|18|add
449           27|12|mult
450           18|8|add
451           29|27|add
452           10|7|mult
453           21|18|mult
454           14|7|mult
455           22|8|mult
456           22|13|add
457           22|11|add
458           27|25|mult
459           18|8|mult
460           13|7|mult
461           11|7|mult
462           27|20|mult
463           26|18|mult
464           18|11|add
465           29|27|mult
466           18|13|add
467           22|11|mult
468           22|13|mult
469           21|10|mult
470           21|14|mult
471           25|18|mult
472           27|8|add
473           20|18|mult
474           18|sp
475           8|7|mult
476           27|8|mult
477           21|13|mult
478           18|7|mult
479           18|11|mult
480           18|13|mult
481           21|11|mult
482           27|13|add
483           21|7|add
484           27|11|add
485           29|18|mult
486           18|cbrt
487           22|18|add
488           27|13|mult
489           21|8|mult
490           27|11|mult
491           18|24|div
492           18|sqrt
493           18
494           22|18|mult
495           24|18|mult
496           27|18|add
497           18|sq
498           18|cb
499           27|18|mult
#-----------------------------------------------------------------------
500           26|9|abd
501           16|14|mult
502           9|24|div
503           14|13|sub
504           9
505           24|9|mult
506           4|2|div
507           17|16|div
508           16|10|mult
509           7|6|mult
510           19|9|div
511           26|9|mult
512           9|2|div
513           5|19|div
514           15|2|mult
515           29|9|add
516           14|27|div
517           2|23|div
518           26|9|add
519           17|9|mult
520           25|9|add
521           21|inv
522           15|9|div
523           9|0|div
524           2|9|div
525           28|9|mult
526           20|9|add
527           14|9|add
528           27|9|add
529           22|9|add
530           13|9|add
531           11|9|add
532           10|9|add
533           23|cb
534           9|8|add
535           18|9|add
536           22|14|div
537           29|9|mult
538           21|3|mult
539           14|18|div
540           10|11|div
541           18|8|sub
542           20|9|mult
543           19|3|mult
544           23|2|mult
545           23|sqrt
546           25|9|mult
547           28|16|div
548           27|10|div
549           16|11|mult
550           21|4|div
551           11|10|div
552           23
553           23|sq
554           6|sp
555           14|11|sub
556           21|sqrt
557           21|cbrt
558           22|20|div
559           16|13|mult
560           18|10|sub
561           21|24|div
562           23|5|mult
563           10|sp
564           2|21|div
565           21|15|mult
566           16|17|div
567           9|6|mult
568           19|15|mult
569           3|23|div
570           20|19|mult
571           4|0|div
572           3|8|div
573           3|cb
574           29|18|div
575           26|19|mult
576           15|sp
577           29|22|sub
578           22|8|sub
579           19|3|add
580           16|12|mult
581           14|11|abd
582           19|0|mult
583           16|28|div
584           28|25|mult
585           22|10|sub
586           5|2|div
587           21|0|mult
588           16|sp
589           25|19|mult
590           14|9|mult
591           14|8|div
592           22|13|sub
593           18|16|mult
594           15|23|div
595           4|21|div
596           0|7|div
597           14|8|sub
598           25|7|div
599           15|8|div
600           20|16|mult
601           18|14|div
602           8|14|div
603           3|sp
604           26|16|mult
605           21
606           10|9|mult
607           26|7|div
608           23|4|mult
609           15|cb
610           29|19|mult
611           26|11|sub
612           13|14|div
613           27|22|sub
614           24|19|sub
615           16|3|mult
616           25|16|mult
617           20|11|sub
618           3|0|mult
619           14|13|div
620           22|11|sub
621           24|nexp
622           27|14|div
623           20|13|sub
624           23|24|div
625           29|16|mult
626           0|4|div
627           4|19|div
628           3|14|div
629           18|10|abd
630           18|11|sub
631           10|8|div
632           14|13|abd
633           8|3|div
634           8|10|div
635           24|sin
636           23|16|div
637           16|0|div
638           16|15|mult
639           11|8|abd
640           0|16|div
641           2|5|div
642           3|5|div
643           2|19|div
644           16|2|mult
645           22|9|mult
646           16|log
647           15|14|div
648           5|3|div
649           27|9|mult
650           22|16|mult
651           15|0|mult
652           10|12|div
653           8|12|div
654           23|inv
655           5|21|div
656           24|12|add
657           24|16|div
658           20|7|div
659           21|15|div
660           24|21|mult
661           16|cbrt
662           2|0|mult
663           12|10|div
664           0|9|div
665           2|3|div
666           16|sqrt
667           0|23|div
668           21|7|sub
669           16|24|div
670           26|13|sub
671           23|1|mult
672           12|8|div
673           19|0|div
674           12|sp
675           16|inv
676           28|20|mult
677           27|10|sub
678           16|9|div
679           14|3|div
680           8|15|div
681           16|3|add
682           24|16|abd
683           19|16|sub
684           16|12|add
685           16
686           16|12|sub
687           19|16|add
688           24|16|add
689           9|sq
690           13|9|mult
691           16|3|sub
692           18|13|sub
693           18|14|sub
694           9|2|mult
695           19|1|div
696           29|21|div
697           3|10|div
698           27|16|mult
699           18|13|abd
700           13|10|abd
701           18|9|mult
702           5|15|div
703           12|9|mult
704           3|2|div
705           18|7|div
706           29|26|div
707           15|7|div
708           24|16|mult
709           4|3|div
710           15|5|div
711           24|23|div
712           15|10|div
713           26|29|div
714           27|21|div
715           27|7|div
716           25|21|div
717           23|9|div
718           18|26|div
719           14|15|div
720           22|18|sub
721           16|cb
722           16|0|mult
723           18|25|div
724           27|11|sub
725           18|14|abd
726           11|9|mult
727           22|14|sub
728           16|sq
729           3|21|div
730           11|14|div
731           1|19|div
732           21|0|div
733           29|27|div
734           26|18|div
735           26|21|div
736           14|11|div
737           9|8|mult
738           4|15|div
739           19|12|add
740           19|24|div
741           19|5|div
742           5|sp
743           16|4|div
744           20|21|div
745           27|8|sub
746           20|18|sub
747           25|18|div
748           2|15|div
749           18|21|div
750           29|16|div
751           21|7|div
752           26|16|div
753           16|15|div
754           9|1|mult
755           21|3|div
756           27|29|div
757           15|21|div
758           27|13|sub
759           16|2|div
760           4|sp
761           0|sq
762           25|16|div
763           16|5|div
764           21|16|div
765           23|19|div
766           20|16|div
767           15|2|div
768           7|5|div
769           18|16|div
770           16|27|div
771           15|16|div
772           16|29|div
773           7|9|div
774           19|16|mult
775           27|16|div
776           2|cb
777           25|22|sub
778           27|22|div
779           22|7|div
780           22|20|sub
781           21|16|mult
782           16|25|div
783           9|cb
784           10|3|div
785           23|6|mult
786           19
787           27|14|sub
788           15|3|div
789           23|21|mult
790           19|sq
791           22|27|div
792           3|1|div
793           19|cb
794           19|23|div
795           16|26|div
796           3|15|div
797           21|5|div
798           15|7|mult
799           10|15|div
800           19|6|div
801           7|27|div
802           16|3|div
803           18|27|div
804           24|19|div
805           1|21|div
806           16|20|div
807           16|22|div
808           21|27|div
809           22|21|div
810           27|18|div
811           19|3|sub
812           19|sqrt
813           28|7|mult
814           22|16|div
815           3|7|div
816           14|12|div
817           16|23|div
818           19|cbrt
819           7|0|mult
820           7|18|div
821           21|19|div
822           19|2|div
823           28|22|mult
824           21|29|div
825           16|18|div
826           21|1|div
827           12|14|div
828           6|19|div
829           25|27|div
830           19|log
831           28|16|mult
832           24|19|mult
833           19|inv
834           26|27|div
835           16|sin
836           7|22|div
837           21|25|div
838           9|sp
839           19|12|sub
840           27|20|sub
841           7|2|div
842           3|16|div
843           21|cb
844           21|2|div
845           21|26|div
846           26|22|sub
847           19|21|div
848           16|1|div
849           3|6|div
850           12|16|div
851           27|25|div
852           13|16|div
853           29|23|mult
854           17|16|mult
855           7|sq
856           13|21|div
857           27|26|div
858           11|21|div
859           14|16|div
860           16|7|mult
861           16|6|div
862           11|10|abd
863           15|1|div
864           21|20|div
865           19|sp
866           11|16|div
867           21|9|mult
868           17|7|mult
869           6|21|div
870           1|3|div
871           21|6|div
872           20|18|div
873           18|20|div
874           10|16|div
875           12|cos
876           0|cb
877           27|18|sub
878           20|27|div
879           6|3|div
880           15|6|div
881           22|18|div
882           22|17|mult
883           26|23|mult
884           4|16|div
885           12|21|div
886           9|23|div
887           21|18|div
888           7|12|div
889           25|23|mult
890           21|22|div
891           2|sp
892           16|13|div
893           6|15|div
894           23|18|mult
895           1|15|div
896           8|16|div
897           8|21|div
898           16|12|div
899           18|22|div
900           16|11|div
901           7|1|div
902           24|19|add
903           27|20|div
904           27|19|div
905           19|9|mult
906           16|9|mult
907           28|21|mult
908           0|sp
909           16|10|div
910           16|14|div
911           18|19|div
912           16|21|div
913           2|7|div
914           23|20|mult
915           27|23|mult
916           7|13|div
917           5|16|div
918           16|8|div
919           27|17|mult
920           14|21|div
921           29|27|sub
922           7|cb
923           2|16|div
924           10|21|div
925           7|sp
926           22|19|div
927           19|18|div
928           27|25|abd
929           29|19|div
930           26|18|sub
931           4|7|div
932           13|7|div
933           5|7|div
934           25|19|div
935           12|7|div
936           28|23|div
937           7|11|div
938           28|18|mult
939           25|18|sub
940           21|sp
941           27|26|abd
942           19|29|div
943           7|21|div
944           23|28|div
945           21|17|mult
946           19|25|div
947           26|19|div
948           6|16|div
949           20|19|div
950           9|3|mult
951           28|27|mult
952           18|17|mult
953           19|27|div
954           19|26|div
955           8|19|div
956           11|19|div
957           21|11|div
958           23|22|mult
959           11|7|div
960           19|8|div
961           21|13|div
962           19|20|div
963           19|11|div
964           13|19|div
965           9|7|mult
966           15|9|mult
967           21|8|div
968           21|12|div
969           1|16|div
970           21|10|div
971           19|22|div
972           10|19|div
973           12|19|div
974           19|13|div
975           19|12|div
976           7|14|div
977           21|14|div
978           7|6|div
979           19|10|div
980           1|7|div
981           23|17|div
982           7|8|div
983           23|12|mult
984           14|19|div
985           28|19|mult
986           17|23|div
987           14|7|div
988           23|8|mult
989           29|18|sub
990           8|7|div
991           19|14|div
992           23|10|mult
993           19|17|mult
994           23|11|mult
995           7|10|div
996           6|7|div
997           10|7|div
998           23|13|mult
999           23|14|mult
#-----------------------------------------------------------------------
