0             0|21|div
1             0|abs
2             21|0|mult
3             27|0|mult
4             25|0|mult
5             14|0|mult
6             0|28|div
7             20|0|mult
8             0|24|div
9             28|0|mult
10            0|27|div
11            24|0|mult
12            0|25|div
13            0|15|div
14            15|0|mult
15            0|sqrt
16            18|0|mult
17            0|14|div
18            12|0|mult
19            0|22|div
20            0|23|div
21            13|0|mult
22            0|20|div
23            17|0|mult
24            0|18|div
25            0|12|div
26            22|0|mult
27            0|13|div
28            0|17|div
29            0|cbrt
30            23|0|mult
31            0|sq
32            0|8|div
33            7|0|mult
34            0|6|div
35            10|0|mult
36            5|0|mult
37            0|10|div
38            0|7|div
39            0|5|div
40            3|0|mult
41            0|3|div
42            24|0|add
43            0|cb
44            0|11|div
45            29|0|mult
46            9|0|mult
47            16|0|mult
48            0|1|div
49            0|9|div
50            26|0|mult
51            11|0|mult
52            15|0|add
53            0|19|div
54            19|0|mult
55            0|4|div
56            0|2|div
57            0|16|div
58            0|29|div
59            28|12|div
60            13|9|mult
61            28|20|div
62            12|9|mult
63            8|0|mult
64            9|5|mult
65            28|17|div
66            9|7|mult
67            9|cbrt
68            18|9|mult
69            23|9|mult
70            28|14|div
71            22|9|mult
72            9|3|mult
73            15|12|div
74            12|24|div
75            9|sqrt
76            25|9|mult
77            15|17|div
78            2|cbrt
79            28|13|div
80            15|20|div
81            9|24|div
82            14|12|add
83            24|12|div
84            14|9|mult
85            20|24|div
86            27|9|mult
87            27|12|add
88            12|21|div
89            24|14|div
90            20|28|div
91            20|9|mult
92            20|21|div
93            24|20|div
94            21|27|div
95            15|14|div
96            24|17|div
97            20|12|add
98            15|11|div
99            28|11|div
100           4|cbrt
101           21|sp
102           28|27|div
103           20|12|mult
104           15|13|div
105           27|12|mult
106           14|12|mult
107           28|18|div
108           21|12|div
109           25|12|add
110           13|24|div
111           2|sqrt
112           9|2|add
113           9|4|add
114           12|28|div
115           21|14|div
116           28|25|div
117           9|15|div
118           9|28|div
119           12|5|add
120           25|12|mult
121           17|9|mult
122           12|3|add
123           23|19|mult
124           14|13|add
125           19|3|mult
126           19|5|mult
127           20|15|div
128           21|25|div
129           9|21|div
130           12|7|add
131           24|11|div
132           18|24|div
133           19|7|mult
134           27|13|add
135           20|13|add
136           0|26|div
137           4|sqrt
138           20|14|add
139           12|sqrt
140           12
141           19|13|mult
142           12|cbrt
143           20|14|mult
144           15|18|div
145           22|19|mult
146           24|13|div
147           25|13|add
148           15|27|div
149           6|0|mult
150           5|24|div
151           28|21|mult
152           27|14|add
153           18|14|add
154           13|5|add
155           12|15|div
156           27|24|div
157           13|3|add
158           20|13|mult
159           27|21|div
160           3|4|div
161           17|28|div
162           24|27|div
163           7|24|div
164           15|25|div
165           25|24|div
166           27|inv
167           14|cbrt
168           13|7|add
169           13|28|div
170           21|20|div
171           24|18|div
172           13|21|div
173           14|24|div
174           3|24|div
175           27|20|add
176           14|sqrt
177           12|sq
178           14|13|mult
179           19|12|mult
180           9
181           25|14|add
182           3|2|div
183           27|13|mult
184           27|18|add
185           14|5|add
186           14|inv
187           25|21|div
188           7|4|div
189           20|18|add
190           5|21|div
191           21|15|mult
192           12|5|mult
193           10|9|mult
194           28|7|div
195           27|14|mult
196           19|18|mult
197           24|25|div
198           14|3|add
199           27|cbrt
200           25|13|mult
201           10|4|div
202           5|28|div
203           27|20|mult
204           28|9|div
205           27|sqrt
206           14
207           13|12|add
208           28|5|div
209           15|9|div
210           5|4|div
211           25|20|add
212           3|21|div
213           12|7|mult
214           14|7|add
215           19|2|add
216           23|12|add
217           21|cb
218           25|18|add
219           24|9|div
220           18|5|add
221           27
222           22|12|add
223           18|3|add
224           28|10|div
225           15|7|div
226           21|17|sub
227           18|28|div
228           25|14|mult
229           20|3|add
230           10|2|div
231           18|14|mult
232           19|17|mult
233           12|3|mult
234           20|18|mult
235           17|24|div
236           19|cbrt
237           21|17|div
238           15|5|div
239           27|5|add
240           20|5|add
241           28
242           25|20|mult
243           27|3|add
244           7|21|div
245           7|2|div
246           9|6|mult
247           17|15|div
248           5|2|div
249           15|10|div
250           24|15|add
251           12|inv
252           24|21|mult
253           21|13|div
254           13|15|div
255           28|sqrt
256           7|28|div
257           3|28|div
258           27|25|add
259           18|21|div
260           18|7|add
261           25|inv
262           18|12|add
263           27|18|mult
264           21|10|sub
265           20|7|add
266           3|sqrt
267           28|cbrt
268           20|1|div
269           24|inv
270           19|24|div
271           27|sq
272           3|cbrt
273           28|sq
274           25|28|div
275           27|7|add
276           13|12|mult
277           27|28|div
278           25|3|add
279           14|5|mult
280           25|5|add
281           13|5|mult
282           25|18|mult
283           5|sqrt
284           14|1|div
285           21|8|div
286           19|10|mult
287           15|sqrt
288           15|cbrt
289           24|7|div
290           20|sq
291           5|cbrt
292           0|sp
293           5|15|div
294           5|3|add
295           15
296           20|5|mult
297           14|21|div
298           25|cbrt
299           18|15|div
300           3
301           5
302           12|cb
303           20
304           1|cbrt
305           28|1|div
306           27|25|mult
307           25|sqrt
308           28|15|mult
309           28|3|div
310           24|cbrt
311           13|7|mult
312           8|inv
313           18|12|mult
314           20|3|mult
315           19|9|add
316           7|3|add
317           23|13|add
318           8|cbrt
319           15|1|div
320           23|14|add
321           18|5|mult
322           27|5|mult
323           13|sqrt
324           14|3|mult
325           14|sq
326           7|5|add
327           21|sq
328           13|cbrt
329           22|20|add
330           22|14|add
331           22|13|add
332           14|7|mult
333           13|3|mult
334           25|7|add
335           24|sqrt
336           24|5|div
337           25
338           15|3|div
339           16|8|div
340           21|11|div
341           23|20|add
342           13
343           27|1|div
344           27|15|div
345           25|1|div
346           19|sqrt
347           20|sqrt
348           20|7|mult
349           20|cb
350           25|15|div
351           7|15|div
352           27|3|mult
353           27|cb
354           3|15|div
355           20|cbrt
356           25|19|mult
357           6|cbrt
358           18|3|mult
359           25|5|mult
360           24|10|div
361           7|sqrt
362           3|25|div
363           25|8|div
364           7|cbrt
365           5|1|div
366           19|14|mult
367           3|27|div
368           25|3|mult
369           28|24|mult
370           16|6|div
371           14|28|div
372           28|8|div
373           18|7|mult
374           6|sqrt
375           7
376           8|sqrt
377           6|22|div
378           21|18|div
379           7|1|div
380           27|7|mult
381           25|sq
382           18|13|add
383           28|cb
384           27|8|div
385           15|sq
386           21|6|div
387           21|9|div
388           10|1|div
389           24
390           24|15|mult
391           1|inv
392           19|4|add
393           28|19|div
394           21|9|mult
395           10|28|div
396           21|1|div
397           1|sqrt
398           17|14|mult
399           19|6|mult
400           15|8|div
401           25|7|mult
402           20|19|mult
403           24|1|div
404           5|25|div
405           6|23|div
406           15|19|div
407           19|9|abd
408           6|inv
409           17|21|div
410           5|27|div
411           19|15|div
412           26|8|div
413           3|20|div
414           27|19|mult
415           24|3|div
416           20|6|mult
417           19|9|sub
418           29|8|div
419           13|sq
420           14|15|div
421           25|cb
422           23|3|add
423           23|18|add
424           23|5|add
425           22|3|add
426           22|5|add
427           18|13|mult
428           19|28|div
429           22|18|add
430           26|6|div
431           3|1|div
432           9|8|mult
433           8|22|div
434           27|23|add
435           23|24|div
436           27|22|add
437           29|1|div
438           28|6|div
439           21
440           22|24|div
441           22|12|mult
442           23|12|mult
443           5|sq
444           5|20|div
445           28|22|div
446           10|24|div
447           29|6|div
448           9|inv
449           24|8|div
450           18
451           7|5|mult
452           11|cbrt
453           18|sqrt
454           18|1|div
455           10|15|div
456           5|3|mult
457           15|6|div
458           8|1|div
459           25|6|div
460           24|19|div
461           18|cbrt
462           28|23|div
463           23|7|add
464           16|1|div
465           13|inv
466           11|28|div
467           28|21|div
468           15|inv
469           7|3|mult
470           22|7|add
471           5|3|div
472           29|11|div
473           6|14|div
474           6|25|div
475           21|6|mult
476           22|8|div
477           18|sq
478           5|2|mult
479           27|6|div
480           7|25|div
481           21|19|div
482           25|22|add
483           24|22|div
484           17|12|mult
485           7|2|mult
486           20|inv
487           14|cb
488           25|23|add
489           15|21|div
490           6
491           3|5|div
492           11|inv
493           21|15|div
494           21|24|div
495           28|inv
496           6|27|div
497           7|27|div
498           7|sq
499           17|6|mult
#-----------------------------------------------------------------------
500           11|6|div
501           11|8|div
502           17|22|div
503           17|23|div
504           3|8|div
505           3|6|div
506           25|20|div
507           20|25|div
508           11|19|div
509           20|15|mult
510           25|20|sub
511           21|cos
512           5|8|div
513           5|6|div
514           20|22|div
515           20|23|div
516           17|15|mult
517           11|23|div
518           6|3|div
519           10|8|div
520           7|8|div
521           10|6|div
522           7|6|div
523           24|20|mult
524           20|14|div
525           29|16|div
526           22|17|div
527           8|3|div
528           23|17|div
529           7|23|div
530           11|22|div
531           12|17|div
532           17|12|div
533           22|3|abd
534           23|20|abd
535           23|20|sub
536           22|20|abd
537           28|20|mult
538           22|20|sub
539           17|6|div
540           14|20|div
541           10|23|div
542           6|5|div
543           11|9|div
544           17|8|div
545           6|7|div
546           15|14|mult
547           5|23|div
548           16|29|div
549           22|20|div
550           27|15|mult
551           27|20|sub
552           8|5|div
553           23|11|div
554           8|7|div
555           7|22|div
556           22|11|div
557           23|20|div
558           27|20|div
559           14|22|div
560           23|3|abd
561           18|17|div
562           11|1|div
563           20|14|sub
564           6|10|div
565           14|23|div
566           10|22|div
567           27|24|mult
568           25|11|div
569           20|3|sub
570           24|17|mult
571           12|11|div
572           17|18|div
573           25|15|mult
574           27|22|div
575           20|5|sub
576           20|27|div
577           17|13|div
578           13|17|div
579           27|11|div
580           8|10|div
581           15|11|mult
582           5|22|div
583           28|17|mult
584           14|11|div
585           25|22|div
586           18|11|div
587           13|11|div
588           27|23|div
589           26|11|div
590           20|6|div
591           20|7|sub
592           18|22|div
593           25|23|div
594           22|5|abd
595           20|8|div
596           6|17|div
597           18|23|div
598           19|8|mult
599           13|22|div
600           13|23|div
601           13|6|div
602           20|14|abd
603           1|4|div
604           15|0|sub
605           6|20|div
606           8|17|div
607           19|1|mult
608           6|13|div
609           17|11|div
610           28|27|mult
611           6|18|div
612           18|15|mult
613           13|8|div
614           24|0|sub
615           6|4|div
616           23|10|div
617           16|11|div
618           26|6|mult
619           22|27|div
620           25|7|sub
621           22|10|div
622           12|6|div
623           18|6|div
624           26|8|mult
625           6|2|div
626           15|13|mult
627           14|6|div
628           8|20|div
629           8|13|div
630           22|18|div
631           12|6|mult
632           6|12|div
633           11|7|div
634           25|27|div
635           8|18|div
636           23|18|div
637           11|5|div
638           27|25|div
639           25|17|div
640           23|27|div
641           14|6|mult
642           6|24|div
643           9|6|div
644           24|14|mult
645           6|21|div
646           8|11|div
647           8|27|div
648           27|25|sub
649           18|8|div
650           20|11|div
651           1|2|div
652           12|8|div
653           6|11|div
654           1|17|div
655           14|8|div
656           11|3|div
657           22|25|div
658           12|23|div
659           9|1|mult
660           3|23|div
661           25|6|mult
662           8|25|div
663           1|10|div
664           12|22|div
665           26|1|mult
666           18|6|mult
667           23|7|div
668           8|2|div
669           11|10|div
670           1|7|div
671           8|4|div
672           23|6|mult
673           27|6|mult
674           25|24|mult
675           22|6|mult
676           13|6|mult
677           28|6|mult
678           6|5|mult
679           1|3|div
680           6|3|mult
681           12|8|mult
682           16|6|mult
683           6|2|mult
684           23|25|div
685           8|12|div
686           12|1|mult
687           22|14|div
688           22|18|abd
689           8|14|div
690           1|5|div
691           22|7|div
692           23|13|div
693           24|6|mult
694           6|15|div
695           27|23|sub
696           14|1|mult
697           1|27|div
698           1|20|div
699           14|8|mult
700           8
701           23|5|div
702           23|15|div
703           15|6|mult
704           16|8|mult
705           28|14|mult
706           22|15|div
707           27|25|abd
708           27|22|sub
709           8|24|div
710           1|25|div
711           21|8|mult
712           7|6|mult
713           8|21|div
714           28|8|mult
715           1|21|div
716           1|18|div
717           6|28|div
718           22|7|abd
719           22|13|div
720           1|22|div
721           1
722           1|13|div
723           1|23|div
724           9|11|div
725           22|5|div
726           23|14|div
727           1|24|div
728           25|8|mult
729           5|1|mult
730           23|18|abd
731           23|8|mult
732           28|11|mult
733           3|1|mult
734           24|23|div
735           13|1|mult
736           22|8|mult
737           18|8|mult
738           18|1|mult
739           24|8|mult
740           2|15|div
741           20|12|abd
742           8|2|mult
743           23|21|div
744           8|23|div
745           13|8|mult
746           22|21|div
747           24|11|mult
748           8|5|mult
749           8|3|mult
750           15|22|div
751           25|1|mult
752           3|2|mult
753           14|2|mult
754           27|8|mult
755           1|15|div
756           19|21|div
757           15|23|div
758           21|1|mult
759           24|1|mult
760           28|1|mult
761           18|12|abd
762           12|2|mult
763           23|28|div
764           20|1|mult
765           27|1|mult
766           24|21|div
767           15|8|mult
768           20|8|mult
769           6|sq
770           22|1|mult
771           7|1|mult
772           12|sp
773           22|28|div
774           16|1|mult
775           2|28|div
776           8|15|div
777           2|24|div
778           23|1|mult
779           17|25|div
780           15|12|mult
781           14|sp
782           5|sp
783           1|28|div
784           22|inv
785           14|17|div
786           1|12|div
787           23|inv
788           8|7|mult
789           1|14|div
790           6|1|mult
791           22|2|mult
792           2|21|div
793           21|22|div
794           6|4|mult
795           22|cbrt
796           20|12|sub
797           21|23|div
798           19|11|div
799           22|sqrt
800           15|1|mult
801           23|cbrt
802           23|2|mult
803           23|sqrt
804           8|28|div
805           22
806           23|22|add
807           18|2|mult
808           11|12|div
809           2|1|mult
810           10|11|div
811           13|2|mult
812           9|8|div
813           4|3|mult
814           25|2|mult
815           23
816           8|6|mult
817           3|sp
818           21|exp
819           12|4|mult
820           8|1|mult
821           22|18|sub
822           23|3|div
823           10|6|mult
824           23|14|mult
825           3|cb
826           5|4|mult
827           23|12|div
828           12|20|div
829           1|sq
830           23|18|sub
831           27|2|mult
832           17|14|div
833           22|14|mult
834           22|sq
835           24|sq
836           23|22|mult
837           4|1|mult
838           2
839           20|12|div
840           8|4|mult
841           20|2|mult
842           23|sq
843           5|11|div
844           2|20|div
845           22|3|div
846           7|11|div
847           14|4|mult
848           22|12|div
849           9|19|div
850           15|cb
851           26|2|mult
852           2|11|div
853           4|15|div
854           4|2|add
855           2|17|div
856           23|4|mult
857           8|sq
858           4|24|div
859           2|27|div
860           21|17|add
861           18|12|sub
862           22|4|mult
863           13|4|mult
864           17|1|mult
865           19
866           7|4|mult
867           29|6|mult
868           18|4|mult
869           21|28|div
870           27|17|div
871           25|23|mult
872           22|cb
873           17|cos
874           25|22|mult
875           17|8|mult
876           2|25|div
877           23|7|sub
878           23|cb
879           4|28|div
880           21|2|mult
881           5|cb
882           26|4|mult
883           1|11|div
884           9|2|mult
885           23|13|abd
886           10|8|mult
887           29|1|mult
888           28|25|mult
889           3|19|div
890           4|21|div
891           10|1|mult
892           25|4|mult
893           3|22|div
894           4|2|sub
895           11|13|div
896           27|23|mult
897           29|8|mult
898           22|21|mult
899           23|21|mult
900           27|22|mult
901           5|3|sub
902           24|cb
903           27|4|mult
904           22|7|sub
905           17|19|div
906           22|13|abd
907           20|4|mult
908           5|19|div
909           3|11|div
910           2|18|div
911           1|cb
912           21|10|add
913           26|2|div
914           4
915           15|28|div
916           19|20|div
917           19|2|mult
918           24|2|mult
919           28|2|mult
920           23|18|mult
921           10|2|mult
922           11|18|div
923           2|10|div
924           2|14|div
925           2|13|div
926           22|18|mult
927           15|2|div
928           10|4|mult
929           17|2|mult
930           4|20|div
931           11|14|div
932           28|15|div
933           24|15|sub
934           28|2|div
935           21|inv
936           4|2|abd
937           2|7|div
938           21|log
939           25|sp
940           4|27|div
941           21|cbrt
942           21|sqrt
943           7|sp
944           10|sin
945           23|13|mult
946           17|4|mult
947           23|3|mult
948           23|13|sub
949           2|12|div
950           17|10|abd
951           26|4|div
952           23|5|abd
953           22|13|mult
954           21|4|mult
955           19|9|mult
956           21|19|mult
957           26|29|div
958           15|2|mult
959           10|19|div
960           22|13|sub
961           22|3|mult
962           16|2|mult
963           21|2|div
964           24|18|mult
965           3|sq
966           4|25|div
967           23|5|mult
968           7|cb
969           2|inv
970           2|5|div
971           26|23|mult
972           19|29|div
973           11|25|div
974           18|sp
975           7|19|div
976           24|6|div
977           2|22|div
978           22|5|mult
979           26|19|div
980           28|18|mult
981           6|cb
982           23|7|mult
983           9|4|mult
984           19|27|div
985           2|3|div
986           18|20|div
987           15|sp
988           2|23|div
989           26|22|mult
990           11|17|div
991           11|1|mult
992           28|sp
993           24|2|div
994           28|4|mult
995           20|18|div
996           11|6|mult
997           22|7|mult
998           16|4|mult
999           9|sq
#-----------------------------------------------------------------------
