0             21|3|mult
1             6|2|mult
2             2|0|mult
3             17|3|mult
4             2|15|div
5             3|20|div
6             12|2|mult
7             2|8|div
8             2|sq
9             2|cb
10            4|3|add
11            18|2|mult
12            3
13            5|2|mult
14            2|21|div
15            4|16|div
16            13|2|mult
17            2|17|div
18            3|sqrt
19            4|sqrt
20            5|cb
21            4|20|div
22            12|cb
23            21|4|mult
24            16|3|mult
25            2|22|div
26            4|cbrt
27            2|14|div
28            2|1|mult
29            20|3|mult
30            4
31            4|3|mult
32            5|1|mult
33            6|0|mult
34            3|cbrt
35            2|sp
36            17|4|mult
37            4|nexp
38            23|2|mult
39            6|5|mult
40            5|0|mult
41            21|20|mult
42            13|1|mult
43            12|5|mult
44            12|0|mult
45            20|4|mult
46            2
47            12|1|mult
48            5|sq
49            15|3|mult
50            3|cb
51            5|sp
52            3|sin
53            24|1|mult
54            15|4|mult
55            12|sp
56            9|4|add
57            2|20|div
58            10|3|mult
59            11|4|mult
60            1|15|div
61            1|17|div
62            16|4|mult
63            2|16|div
64            12|6|mult
65            22|3|mult
66            11|3|mult
67            1|21|div
68            0|sp
69            21|10|mult
70            4|21|div
71            1|sqrt
72            1|14|div
73            17|10|mult
74            1|22|div
75            1
76            3|nexp
77            12|sq
78            10|4|mult
79            0|cb
80            5|15|div
81            22|4|mult
82            14|1|mult
83            4|sq
84            20|2|mult
85            21|11|mult
86            5|8|div
87            17|11|mult
88            20|1|mult
89            22|1|mult
90            3|16|div
91            13|0|mult
92            21|1|mult
93            3|exp
94            3|21|div
95            16|1|mult
96            18|1|mult
97            9|3|add
98            21|2|mult
99            18|5|mult
100           17|1|mult
101           14|4|mult
102           16|15|mult
103           6|1|mult
104           24|5|mult
105           1|cbrt
106           2|11|div
107           16|2|mult
108           0|16|div
109           20|10|mult
110           16|10|mult
111           0|20|div
112           13|5|mult
113           4|17|div
114           15|10|mult
115           14|3|mult
116           19|10|add
117           13|2|add
118           3|sp
119           20|17|mult
120           12|15|div
121           8|1|mult
122           17|2|mult
123           11|10|add
124           10
125           12|8|div
126           16|11|mult
127           15|11|mult
128           6|1|add
129           23|5|mult
130           18|0|mult
131           0|15|div
132           13|6|mult
133           4|cb
134           22|2|mult
135           6|15|div
136           0|sq
137           11|1|mult
138           11|10|mult
139           8|4|mult
140           0|22|div
141           22|10|mult
142           10|abs
143           0|17|div
144           8|3|mult
145           20|11|mult
146           1|20|div
147           10|8|mult
148           21|16|mult
149           22|11|mult
150           0|14|div
151           14|10|mult
152           0|21|div
153           1|11|div
154           24|12|mult
155           1|8|div
156           13|12|mult
157           1|13|div
158           11|abs
159           1|12|div
160           5|21|div
161           18|12|mult
162           20|15|mult
163           6|14|div
164           10|sq
165           11
166           5|17|div
167           14|2|mult
168           10|20|div
169           15|1|mult
170           23|12|mult
171           24|6|mult
172           6|22|div
173           24|0|mult
174           24|15|div
175           22|16|mult
176           23|0|mult
177           4|22|div
178           2|sqrt
179           0|cbrt
180           22|17|mult
181           11|sq
182           11|8|mult
183           1|16|div
184           10|cb
185           3|17|div
186           23|1|mult
187           6|17|div
188           0|sqrt
189           19|11|add
190           14|11|mult
191           22|21|mult
192           4|exp
193           0
194           21|inv
195           9|4|mult
196           11|cbrt
197           6|21|div
198           24|16|div
199           1|sq
200           1|5|div
201           5|22|div
202           17|16|mult
203           19|4|mult
204           6|16|div
205           24|20|div
206           4|13|div
207           22|20|mult
208           24|0|add
209           24|13|mult
210           0|8|div
211           19|10|mult
212           20|3|add
213           5|11|div
214           13|15|div
215           5|20|div
216           2|12|div
217           20|4|add
218           2|13|div
219           11|cb
220           5|14|div
221           21|cbrt
222           15|inv
223           21|sqrt
224           10|16|div
225           21
226           5|16|div
227           24|14|div
228           3|22|div
229           17|14|mult
230           16|14|mult
231           10|9|mult
232           11|2|mult
233           24|17|div
234           20|9|add
235           6|sqrt
236           15|9|mult
237           13|16|div
238           21|15|mult
239           12|0|div
240           10|21|div
241           19|3|mult
242           22|0|div
243           21|14|mult
244           13|17|div
245           21|sq
246           17|9|mult
247           6|cbrt
248           16|9|add
249           20|16|add
250           17|15|mult
251           24|21|div
252           11|9|mult
253           21|0|mult
254           24|22|div
255           12|11|div
256           12|5|abd
257           11|20|div
258           20|16|mult
259           4|0|div
260           21|cb
261           16|3|add
262           21|17|add
263           14|0|div
264           15|cbrt
265           20|14|mult
266           21|9|mult
267           3|13|div
268           13|0|div
269           12|5|sub
270           24|18|mult
271           14|0|mult
272           22|9|mult
273           19|1|mult
274           6|8|div
275           12|21|div
276           21|0|div
277           18|13|mult
278           18|16|div
279           17|0|div
280           6
281           11|sp
282           18|14|div
283           15|sqrt
284           15|2|mult
285           3|0|div
286           22|0|mult
287           16|0|div
288           12|22|div
289           5
290           10|0|div
291           14|9|mult
292           22|cbrt
293           10|cbrt
294           9|8|mult
295           9|3|mult
296           16|4|add
297           22|sqrt
298           18|15|div
299           12|17|div
300           20|sq
301           20|0|div
302           13|21|div
303           17|0|mult
304           20
305           12|14|div
306           10|17|div
307           19|15|mult
308           0|inv
309           2|cbrt
310           22|inv
311           8|0|div
312           22
313           21|17|mult
314           22|19|mult
315           14|inv
316           13|20|div
317           4|sin
318           20|0|mult
319           5|0|div
320           17|inv
321           11|0|div
322           22|14|add
323           24|8|div
324           19|17|mult
325           21|19|mult
326           18|20|div
327           18|1|add
328           7|cbrt
329           9|cbrt
330           12|5|add
331           19|sqrt
332           14|cbrt
333           18|22|div
334           15
335           12|20|div
336           19|14|mult
337           23|cbrt
338           14|sqrt
339           10|13|div
340           21|sp
341           22|15|mult
342           7|sqrt
343           19|cbrt
344           15|14|mult
345           4|sp
346           20|cb
347           10|sp
348           16|0|mult
349           16|sq
350           20|sqrt
351           14
352           22|14|mult
353           16|9|mult
354           10|22|div
355           22|sq
356           14|8|mult
357           17|cbrt
358           22|8|mult
359           19|16|mult
360           12|16|div
361           16
362           23|sqrt
363           24|11|div
364           8|13|div
365           24|sqrt
366           17|sqrt
367           1|cb
368           23|20|div
369           9|0|div
370           24|cbrt
371           16|8|mult
372           20|cbrt
373           24
374           9|20|div
375           1|24|div
376           15|8|mult
377           20|19|mult
378           15|13|div
379           22|13|div
380           17
381           23|15|div
382           19|9|mult
383           14|13|div
384           18|21|div
385           18|cbrt
386           16|sqrt
387           15|0|mult
388           18|17|div
389           9
390           24|23|mult
391           18|6|add
392           18|sqrt
393           21|6|mult
394           20|8|mult
395           11|21|div
396           14|sq
397           16|cbrt
398           9|sq
399           21|15|div
#-----------------------------------------------------------------------
400           12|4|mult
401           12|3|mult
402           5|4|mult
403           5|3|mult
404           4|2|mult
405           17|8|mult
406           20|15|div
407           21|8|mult
408           3|sq
409           12|10|mult
410           24|2|mult
411           22|10|mult
412           12|9|mult
413           17|sq
414           20|sin
415           3|2|mult
416           17|cb
417           16|8|add
418           20|8|add
419           8|4|add
420           8|3|add
421           9|8|add
422           8
423           9|8|sub
424           8|3|sub
425           8|4|sub
426           20|8|sub
427           16|8|sub
428           2|0|div
429           8|sqrt
430           8|cbrt
431           12|11|mult
432           14|12|mult
433           10|5|mult
434           8|log
435           17|sp
436           15|12|mult
437           8|sq
438           9|5|mult
439           22|12|mult
440           20|21|div
441           12|8|mult
442           20|17|div
443           15|0|div
444           12|cbrt
445           15|sq
446           15|22|div
447           16|15|div
448           22|15|div
449           9|2|mult
450           1|0|mult
451           0|1|div
452           24|12|div
453           2|5|div
454           4|cos
455           8|21|div
456           12|sqrt
457           8|cb
458           18|12|div
459           7|14|div
460           15|14|div
461           19|8|mult
462           4|12|div
463           12|inv
464           13|10|mult
465           11|5|mult
466           18|8|div
467           3|12|div
468           21|12|div
469           20|12|div
470           5|cbrt
471           6|20|div
472           16|12|mult
473           24|5|div
474           7|2|mult
475           17|12|mult
476           21|12|mult
477           8|inv
478           19|11|mult
479           7|5|mult
480           17|12|div
481           18|5|div
482           12|7|mult
483           15|21|div
484           20|12|mult
485           13|8|mult
486           14|5|mult
487           14|15|div
488           22|7|add
489           21|7|mult
490           12|13|div
491           14|7|add
492           7|4|mult
493           4|5|div
494           13|12|div
495           8|17|div
496           16|5|mult
497           8|22|div
498           5|inv
499           13|7|mult
500           16|7|mult
501           17|7|mult
502           7|20|div
503           7|abs
504           7|3|mult
505           7|22|div
506           7|15|div
507           20|7|mult
508           3|5|div
509           15|13|mult
510           7|11|div
511           13|11|mult
512           20|5|div
513           10|7|mult
514           21|5|div
515           20|8|div
516           14|7|sub
517           15|5|mult
518           7|13|div
519           11|7|mult
520           19
521           22|7|sub
522           5|sqrt
523           22|12|div
524           6|12|div
525           7|21|div
526           18
527           7|17|div
528           22|7|mult
529           17|5|div
530           9|7|mult
531           14|cb
532           19|0|div
533           7|16|div
534           20|cos
535           15|7|mult
536           16|5|div
537           8|7|mult
538           13|5|div
539           22|5|mult
540           7|8|div
541           19|20|div
542           23|16|div
543           23|5|div
544           12|24|div
545           10|2|mult
546           9|12|div
547           15|17|div
548           6|5|div
549           20|exp
550           22|7|abd
551           15|cb
552           20|18|mult
553           17|5|mult
554           0|12|div
555           20|14|div
556           14|7|abd
557           18|6|abd
558           24|20|mult
559           22|5|div
560           23|21|div
561           8|14|div
562           8|2|mult
563           20|5|mult
564           20|22|div
565           23|17|div
566           21|5|mult
567           5|24|div
568           0|5|div
569           18|1|abd
570           13|4|mult
571           19|13|div
572           17|15|div
573           24|7|mult
574           9|5|div
575           11|12|div
576           14|12|div
577           19|13|mult
578           16|8|div
579           10|12|div
580           8|20|div
581           7|0|div
582           19|12|mult
583           7|0|mult
584           19|21|div
585           9|sin
586           19|17|div
587           19|16|div
588           21|8|div
589           23|18|add
590           12
591           14|sp
592           22|8|div
593           23|14|div
594           11|16|div
595           16|log
596           7|sq
597           9|sp
598           9|exp
599           19|7|mult
600           9|cb
601           18|16|mult
602           21|18|mult
603           16|20|div
604           16|cb
605           5|13|div
606           18|17|mult
607           15|12|div
608           11|5|div
609           9|4|abd
610           10|5|div
611           20|16|sub
612           18|6|div
613           14|5|div
614           23|6|add
615           24|0|div
616           22|sp
617           4|24|div
618           13|9|mult
619           24|16|mult
620           20|6|mult
621           23|22|div
622           23|1|add
623           16|4|sub
624           6|13|div
625           18|sq
626           3|24|div
627           12|1|div
628           1|0|div
629           24|sq
630           23|11|div
631           16|17|div
632           16|3|sub
633           23
634           10|24|div
635           16|24|div
636           5|1|div
637           7|cb
638           8|16|div
639           22|14|sub
640           19|22|div
641           11|15|div
642           13|8|div
643           17|20|div
644           15|5|div
645           8|sp
646           18|11|div
647           19|8|div
648           17|8|div
649           2|24|div
650           3|15|div
651           13|2|sub
652           23|1|abd
653           11|24|div
654           17|6|mult
655           18|13|div
656           6|0|div
657           19|1|div
658           7|1|mult
659           8|15|div
660           14|21|div
661           21|24|div
662           23|20|mult
663           9|17|div
664           23|6|sub
665           11|13|div
666           19|24|div
667           16|inv
668           10|14|div
669           7|1|div
670           14|20|div
671           24|1|div
672           15|20|div
673           16|6|mult
674           19|14|div
675           17|13|div
676           20|24|div
677           17|24|div
678           16|sp
679           4|2|div
680           18|6|mult
681           14|24|div
682           19|2|mult
683           24|2|div
684           7|6|mult
685           14|8|div
686           9|3|sub
687           18|2|div
688           3|2|div
689           8|6|mult
690           13|3|mult
691           15|16|div
692           17|21|div
693           22|24|div
694           1|sp
695           20|9|mult
696           0|13|div
697           18|cb
698           22|14|div
699           13|24|div
700           6|sq
701           8|5|div
702           6|sp
703           14|13|mult
704           9|13|div
705           9|sqrt
706           9|2|div
707           2|inv
708           8|24|div
709           24|13|div
710           21|17|div
711           18|3|mult
712           24|inv
713           3|cos
714           24|21|mult
715           9|3|abd
716           22|18|mult
717           20|2|div
718           19|sq
719           17|16|div
720           9|22|div
721           17|2|div
722           21|2|div
723           6|cb
724           23|16|mult
725           16|21|div
726           21|17|abd
727           11|17|div
728           9|21|div
729           16|2|div
730           21|13|div
731           12|2|div
732           20|16|div
733           9|16|div
734           23|18|mult
735           23|6|div
736           9|14|div
737           9|15|div
738           24|19|mult
739           22|2|div
740           14|17|div
741           23|2|div
742           11|0|mult
743           6|23|div
744           7|5|div
745           18|0|div
746           13|2|div
747           4|3|sub
748           11|2|div
749           10|1|mult
750           9|24|div
751           23|22|mult
752           24|cb
753           20|sp
754           21|20|div
755           10|1|div
756           10|2|div
757           20|log
758           1|10|div
759           15|24|div
760           10|6|mult
761           19|10|abd
762           23|21|mult
763           7|24|div
764           23|17|mult
765           0|2|div
766           0|11|div
767           24|8|mult
768           23|13|mult
769           22|21|div
770           16|14|div
771           23|6|mult
772           18|9|mult
773           6|2|div
774           24|22|mult
775           15|6|mult
776           19|15|div
777           5|2|div
778           18|sp
779           22|20|div
780           3|0|mult
781           7|12|div
782           9|4|sub
783           18|4|mult
784           0|24|div
785           23|7|mult
786           7|sp
787           14|22|div
788           14|2|div
789           23|1|div
790           16|11|div
791           9|cos
792           13|sp
793           24|17|mult
794           18|15|mult
795           18|11|mult
796           8|2|div
797           2|1|div
798           14|16|div
799           23|0|div
#-----------------------------------------------------------------------
