0             4|0|sub
1             2|4|div
2             4|0|abd
3             3|4|div
4             0|4|div
5             4|inv
6             4|2|div
7             4|cbrt
8             4|sqrt
9             4|3|div
#-----------------------------------------------------------------------
10            10|sqrt
11            10|cbrt
12            10|3|mult
13            10|0|mult
14            10|4|mult
15            8|0|mult
16            10|abs
17            10|2|div
18            10|2|mult
19            8|3|mult
#-----------------------------------------------------------------------
20            8|sqrt
21            10|4|div
22            8|cbrt
23            10|3|div
24            8|4|div
25            8|6|abd
26            8|6|sub
27            10|0|div
28            8
29            8|6|add
#-----------------------------------------------------------------------
30            2|3|div
31            3|2|sub
32            3|2|div
33            3|inv
34            3|cbrt
35            3|sqrt
36            3
37            3|sq
38            3|cb
39            4|0|div
#-----------------------------------------------------------------------
