# c0 + a0 * (min:gs_volume_per * min:fusion_enthalpy) + a1 * (ave:gs_volume_per * ave:atomic_number)
# Property Label: $Volume$; Unit of the Property: AA^3
# RMSE: 10.4839130633587; Max AE: 24.7662633314139
# Coefficients
# Task   a0                      a1                      c0
# all ,  1.106562900294744e+00,  4.236997369788459e-02,  5.475584314823193e+01, 
# Feature Rung, Units, and Expressions
# 0;  1; KJ * cm^3 * mol^-2;                               7|4|mult; (min:gs_volume_per * min:fusion_enthalpy); $\left(min:gs_{volume, per} min:fusion_{enthalpy}\right)$; (min:gs_volume_per .* min:fusion_enthalpy); min:gs_volume_per,min:fusion_enthalpy
# 1;  1; cm^3 * mol^-1;                                    21|19|mult; (ave:gs_volume_per * ave:atomic_number); $\left(ave:gs_{volume, per} ave:atomic_{number}\right)$; (ave:gs_volume_per .* ave:atomic_number); ave:gs_volume_per,ave:atomic_number
# Number of Samples Per Task
# Task, n_samples               
# all , 103                   

# Sample ID , Property Value        ,  Property Value (EST) ,  Feature 0 Value      ,  Feature 1 Value      
64          ,  9.806170819706536e+01,  9.290260006727313e+01,  2.475412500000000e+00,  8.356756965696001e+02
27          ,  9.195581102005920e+01,  8.030964522323367e+01,  2.003100000000000e+00,  5.507968000128001e+02
125         ,  2.012029980198630e+02,  1.978518786263393e+02,  5.893290000000000e+01,  1.838166700000000e+03
73          ,  1.013508525385564e+02,  9.504894444422757e+01,  2.475412500000000e+00,  8.863329000000001e+02
11          ,  1.617034912836585e+02,  1.573083968471957e+02,  5.312940000000000e+01,  1.032843000000000e+03
119         ,  1.887146035400442e+02,  1.794832513538375e+02,  7.763200000000001e+01,  9.162790000000001e+02
110         ,  1.562326241405194e+02,  1.485002422138686e+02,  3.813054999999999e+01,  1.216676400022800e+03
113         ,  7.050822380170608e+01,  7.779056524875514e+01,  2.475412500000000e+00,  4.790072000000000e+02
9           ,  7.063457799019668e+01,  7.265919281517014e+01,  2.475412500000000e+00,  3.578985000000000e+02
4           ,  7.851117738952721e+01,  7.715403295257191e+01,  2.475412500000000e+00,  4.639840069076000e+02
124         ,  1.885207260436857e+02,  1.857573014552629e+02,  6.456120000000000e+01,  1.405722600000000e+03
31          ,  8.459240483249847e+01,  7.650422555827947e+01,  2.475412500000000e+00,  4.486475000000000e+02
36          ,  1.804786609572536e+02,  1.701237216365033e+02,  5.038095000000000e+01,  1.407085800000000e+03
16          ,  1.473017585346737e+02,  1.443433009436895e+02,  4.269405000000000e+01,  9.993823999999998e+02
10          ,  1.071503545301096e+02,  9.355947462584950e+01,  2.475412500000000e+00,  8.511790000000001e+02
111         ,  9.534692245017716e+01,  7.624841684207848e+01,  2.475412500000000e+00,  4.426100000000000e+02
42          ,  1.922420330482679e+02,  1.967525400126005e+02,  6.161320000000000e+01,  1.742220000000000e+03
118         ,  5.345461156622450e+01,  6.596678205034667e+01,  2.003100000000000e+00,  2.122820000000000e+02
127         ,  1.258768321724361e+02,  1.456987279673787e+02,  3.820620000000000e+01,  1.148580400000000e+03
96          ,  9.458888504929534e+01,  8.301115474566845e+01,  2.003100000000000e+00,  6.145568000000001e+02
60          ,  6.700355961656858e+01,  7.385690160485180e+01,  2.003100000000000e+00,  3.985016000112000e+02
40          ,  1.876581343779474e+02,  1.793960717487741e+02,  5.312940000000000e+01,  1.554147900000000e+03
86          ,  6.540869502383295e+01,  8.027729716076078e+01,  2.003100000000000e+00,  5.500333333488001e+02
24          ,  9.809953691058024e+01,  8.808888255555456e+01,  2.003100000000000e+00,  7.343994000000001e+02
25          ,  1.397570909097410e+02,  1.458322132082182e+02,  3.412969999999999e+01,  1.258195500000000e+03
23          ,  1.776115625775598e+02,  1.702493226658379e+02,  5.119977500000000e+01,  1.388665200000000e+03
115         ,  1.348472579215662e+02,  1.356378294495395e+02,  3.576270000000000e+01,  9.749430000000001e+02
44          ,  1.408716465187509e+02,  1.367139782958901e+02,  2.424330000000000e+01,  1.301190300000000e+03
15          ,  1.304908476901080e+02,  1.136288646017478e+02,  2.296781379990000e+01,  7.896556896692000e+02
95          ,  7.035268214247002e+01,  7.934253362504764e+01,  2.003100000000000e+00,  5.279714000000001e+02
22          ,  8.942508557141944e+01,  7.746365547969174e+01,  2.475412500000000e+00,  4.712916000000000e+02
140         ,  9.231264108905832e+01,  7.993360462241519e+01,  2.475412500000000e+00,  5.295864000000000e+02
47          ,  5.673059181818781e+01,  7.048877681121658e+01,  2.003100000000000e+00,  3.190084000000001e+02
30          ,  1.575095787725395e+02,  1.461752609789447e+02,  5.720166250000000e+01,  6.637290000119999e+02
112         ,  7.423809586689029e+01,  8.610931501441569e+01,  2.003100000000000e+00,  6.876783999999999e+02
76          ,  6.221586353440775e+01,  6.745614733407780e+01,  2.475412500000000e+00,  2.350982000000000e+02
137         ,  2.091771198782973e+02,  1.935761546563093e+02,  7.983966000000001e+01,  1.191237600000000e+03
33          ,  9.639831336185570e+01,  8.471488813673479e+01,  2.475412500000000e+00,  6.424324345152000e+02
81          ,  6.779890223639997e+01,  7.161041026897691e+01,  2.475412500000000e+00,  3.331455333432000e+02
142         ,  6.217869364696995e+01,  8.006773809552159e+01,  2.003100000000000e+00,  5.450874000156000e+02
62          ,  1.284855607921225e+02,  1.419373811483680e+02,  5.012910000000000e+01,  7.484200000000000e+02
139         ,  7.773399964038569e+01,  6.842798522976705e+01,  2.475412500000000e+00,  2.580351482884000e+02
135         ,  8.871171279800387e+01,  7.688705380682792e+01,  2.475412500000000e+00,  4.576828666792000e+02
53          ,  1.912036606685361e+02,  1.917876130088534e+02,  5.070340000000000e+01,  1.909967400000000e+03
5           ,  5.646241061036604e+01,  7.073450571067482e+01,  2.003100000000000e+00,  3.248080000000000e+02
85          ,  6.604743166171670e+01,  6.979404904176700e+01,  2.475412500000000e+00,  2.902764666744000e+02
109         ,  1.156360400954843e+02,  1.055791836663444e+02,  2.475412500000000e+00,  1.134863600000000e+03
49          ,  7.517971112473752e+01,  7.642618291343803e+01,  2.003100000000000e+00,  4.591408000000001e+02
35          ,  1.142981641844795e+02,  9.735462943592168e+01,  2.475412500000000e+00,  9.407508000000000e+02
77          ,  1.735436897724758e+02,  1.903644817637904e+02,  5.417280000000000e+01,  1.785770000000000e+03
34          ,  6.288448403712296e+01,  8.765074736853684e+01,  2.003100000000000e+00,  7.240587000000000e+02
131         ,  7.332445965687805e+01,  8.433441986822183e+01,  2.003100000000000e+00,  6.457880000000001e+02
43          ,  9.003176998171779e+01,  9.274187395439354e+01,  2.475412500000000e+00,  8.318823000000001e+02
70          ,  5.876522370994315e+01,  7.024855035838780e+01,  2.003100000000000e+00,  3.133386666520000e+02
129         ,  7.058438955216727e+01,  7.812938098042764e+01,  2.475412500000000e+00,  4.870038000000000e+02
13          ,  6.359044555550145e+01,  6.659904939475646e+01,  2.003100000000000e+00,  2.272045333232001e+02
108         ,  2.276117669121920e+02,  2.196174600857541e+02,  4.808044999999999e+01,  2.635299600000000e+03
114         ,  1.245825633863354e+02,  1.151683196985639e+02,  2.450610000000000e+01,  7.858144000000000e+02
3           ,  1.766257549836612e+02,  1.799210191109145e+02,  5.119977500000000e+01,  1.616932900000000e+03
17          ,  1.154201413293227e+02,  1.243714069194341e+02,  3.542400000000000e+01,  7.178829000000001e+02
38          ,  2.142336089710760e+02,  2.150482895398190e+02,  5.874990000000000e+01,  2.248809200000000e+03
72          ,  1.505744324222536e+02,  1.644068325918142e+02,  3.011690000000000e+01,  1.801387600000000e+03
120         ,  2.717063705144595e+02,  2.819541364455681e+02,  8.990134999999999e+01,  3.014323200000000e+03
6           ,  1.752395240612576e+02,  1.603141624571011e+02,  5.364952500000000e+01,  1.090200000000000e+03
101         ,  6.465769186928596e+01,  6.736185295761317e+01,  2.475412500000000e+00,  2.328727000000000e+02
2           ,  5.771548700058894e+01,  7.059379502802416e+01,  2.003100000000000e+00,  3.214870000000000e+02
122         ,  2.014000729838492e+02,  1.953275853682936e+02,  6.456120000000000e+01,  1.631596800000000e+03
54          ,  8.998190321387162e+01,  7.315489184882667e+01,  2.475412500000000e+00,  3.695978000088000e+02
50          ,  1.144884087492389e+02,  1.098133151896657e+02,  2.584845000000000e+01,  6.243699000132000e+02
104         ,  1.531720861969143e+02,  1.435161090803290e+02,  5.371667500000000e+01,  6.919850000135998e+02
61          ,  1.513414191693852e+02,  1.705173254073681e+02,  7.361600000000000e+01,  8.095531999999999e+02
136         ,  1.878481455563482e+02,  1.708349943382690e+02,  5.119977500000000e+01,  1.402488000000000e+03
91          ,  7.059248384925451e+01,  7.307540154079921e+01,  2.475412500000000e+00,  3.677217000000000e+02
41          ,  8.588925575648324e+01,  8.311264917095168e+01,  2.475412500000000e+00,  6.046170000000000e+02
58          ,  2.413589823761019e+02,  2.541735549917202e+02,  7.893930000000000e+01,  2.644948800000000e+03
90          ,  1.323141358213091e+02,  1.479934172216024e+02,  5.225600000000000e+01,  8.358046999999999e+02
48          ,  1.506649136932021e+02,  1.543264522431409e+02,  4.074455000000000e+01,  1.285915400000000e+03
88          ,  1.252802886728060e+02,  1.374540880587609e+02,  5.344815000000000e+01,  5.559244666775999e+02
126         ,  7.603223118739854e+01,  8.017758648866977e+01,  2.003100000000000e+00,  5.476800000000002e+02
21          ,  7.298106977000764e+01,  8.038986005689617e+01,  2.003100000000000e+00,  5.526900000000001e+02
57          ,  1.280373015126955e+02,  1.071458180367395e+02,  2.448851380035000e+01,  5.969296609440000e+02
75          ,  9.416246053996996e+01,  9.371243023089886e+01,  2.475412500000000e+00,  8.547890000000000e+02
32          ,  2.470528593513509e+02,  2.561618005161405e+02,  6.956564999999999e+01,  2.936683200000000e+03
138         ,  6.719447744045841e+01,  7.189649091905822e+01,  2.475412500000000e+00,  3.398975000100000e+02
59          ,  7.370978119031361e+01,  7.881166466688468e+01,  2.475412500000000e+00,  5.031068000000001e+02
128         ,  1.127928271848657e+02,  9.410512362112560e+01,  2.475412500000000e+00,  8.640572000000001e+02
37          ,  6.740982957627959e+01,  7.901256474388325e+01,  2.003100000000000e+00,  5.201836000000001e+02
29          ,  7.604393505755419e+01,  7.105833141139361e+01,  2.475412500000000e+00,  3.201155781792000e+02
107         ,  5.684900711217347e+01,  6.633748542378355e+01,  2.003100000000000e+00,  2.210311999896000e+02
134         ,  2.189143114936079e+02,  2.096578069253654e+02,  6.161320000000000e+01,  2.046805200000000e+03
52          ,  1.685536482338435e+02,  1.576043174598090e+02,  4.808044999999999e+01,  1.171689000000000e+03
130         ,  7.583037174302696e+01,  7.708418152125874e+01,  2.475412500000000e+00,  4.623354000000000e+02
103         ,  5.981199781507478e+01,  7.038556073000784e+01,  2.003100000000000e+00,  3.165723333188000e+02
116         ,  6.928383831454539e+01,  7.354597517968001e+01,  2.475412500000000e+00,  3.788280000000000e+02
87          ,  1.073098314779565e+02,  9.860435584183769e+01,  2.003100000000000e+00,  9.825816000000000e+02
74          ,  1.634935249887072e+02,  1.598921266533006e+02,  5.119977500000000e+01,  1.144218600000000e+03
143         ,  7.259770851342745e+01,  7.386504650360931e+01,  2.475412500000000e+00,  3.863586000000000e+02
20          ,  1.126975075036733e+02,  9.799073832504277e+01,  2.475412500000000e+00,  9.557640000000001e+02
71          ,  2.033361364024828e+02,  2.074592628861612e+02,  6.161320000000000e+01,  1.994916000000000e+03
106         ,  2.038799354056747e+02,  2.113891667125577e+02,  5.624189999999999e+01,  2.227948600000000e+03
14          ,  1.651217664757107e+02,  1.756415132239027e+02,  4.647114999999999e+01,  1.639425600000000e+03
92          ,  7.315017953780705e+01,  8.087159253516622e+01,  2.003100000000000e+00,  5.640596666820001e+02
102         ,  8.368680399312422e+01,  7.618190022089557e+01,  2.475412500000000e+00,  4.410401000124000e+02
