0             6|cbrt
1             6|sqrt
2             6|2|mult
3             6|3|mult
4             6
5             6|4|mult
6             3|cbrt
7             3|sqrt
8             3
9             3|inv
#-----------------------------------------------------------------------
10            14|6|div
11            14|1|div
12            14|sqrt
13            14|5|div
14            9|1|div
15            9|5|div
16            14|3|div
17            14|cbrt
18            14|2|div
19            14|abs
#-----------------------------------------------------------------------
20            15|6|div
21            15|0|div
22            15|3|div
23            15|1|div
24            15|5|div
25            15|4|div
26            15|abs
27            15|2|div
28            15|2|mult
29            15|7|mult
#-----------------------------------------------------------------------
30            11|5|div
31            11|1|div
32            8|1|div
33            8|5|div
34            9|6|div
35            13|9|abd
36            13|9|sub
37            9|cbrt
38            12|11|sub
39            0|8|div
#-----------------------------------------------------------------------
