# c0 + a0 * ((min:vdw_radius * mp_bandgap) / cbrt(min:period))
# Property Label: $bandgap$; Unit of the Property: eV
# RMSE: 0.462541190591405; Max AE: 4.34505213259168
# Coefficients
# Task   a0                      c0
# all ,  8.055973987069935e-03,  1.396517234460616e-01, 
# Feature Rung, Units, and Expressions
# 0;  2; eV * pm;                                          19|0|mult|11|cbrt|div; ((min:vdw_radius * mp_bandgap) / cbrt(min:period)); $\left(\frac{ \left(min:vdw_{radius} mp_{bandgap}\right) }{ \left(\sqrt[3]{ min:period }\right) } \right)$; ((min:vdw_radius .* mp_bandgap) ./ nthroot(min:period, 3)); min:vdw_radius,mp_bandgap,min:period
# Number of Samples Per Task
# Task, n_samples               
# all , 1016                  

# Sample ID , Property Value        ,  Property Value (EST) ,  Feature 0 Value      
3577        ,  5.216900000000000e+00,  4.768112219484494e+00,  5.745376665152148e+02
3404        ,  2.820000000000000e-02,  1.396517234460616e-01,  0.000000000000000e+00
5293        ,  2.833800000000000e+00,  2.804769317718474e+00,  3.308250000000000e+02
3707        ,  1.609999999999999e+00,  1.808324318042380e+00,  2.071348042179114e+02
4870        ,  2.521100000000000e+00,  2.506154681993820e+00,  2.937575223487640e+02
5075        ,  0.000000000000000e+00,  1.396517234460616e-01,  0.000000000000000e+00
5016        ,  3.666500000000000e+00,  2.973123924436145e+00,  3.517231070430324e+02
5647        ,  3.195000000000000e+00,  2.982621055431016e+00,  3.529020000000000e+02
3574        ,  2.645500000000000e+00,  2.443717700418601e+00,  2.860071272164768e+02
3908        ,  1.994499999999999e+00,  1.723933981455483e+00,  1.966593065658155e+02
4983        ,  0.000000000000000e+00,  3.503352468155510e+00,  4.175411626338768e+02
3447        ,  1.737800000000000e+00,  1.666209675730262e+00,  1.894939028768426e+02
3615        ,  3.120000000000012e-02,  1.543196300802754e-01,  1.820749006607543e+00
4735        ,  0.000000000000000e+00,  1.396517234460616e-01,  0.000000000000000e+00
4141        ,  3.190800000000000e+00,  3.517464733513999e+00,  4.192929390647763e+02
4136        ,  0.000000000000000e+00,  1.396517234460616e-01,  0.000000000000000e+00
3925        ,  4.481500000000000e+00,  4.429627047014530e+00,  5.325210000000000e+02
4443        ,  2.707600000000000e+00,  2.848025055385731e+00,  3.361943988755034e+02
4617        ,  2.861800000000000e+00,  2.838014560779574e+00,  3.349517813320227e+02
3836        ,  2.259999999999995e-02,  2.150595273291759e-01,  9.360482544276568e+00
5832        ,  3.573500000000000e+00,  3.417255564750535e+00,  4.068538263113957e+02
4712        ,  1.100500000000000e+00,  1.061754114466758e+00,  1.144619375013744e+02
4913        ,  1.940700000000000e+00,  1.765523428661091e+00,  2.018218663347969e+02
4558        ,  0.000000000000000e+00,  1.396517234460616e-01,  0.000000000000000e+00
4191        ,  1.821500000000000e+00,  2.338053783987461e+00,  2.728909085443791e+02
4636        ,  3.054200000000000e+00,  2.389870545436397e+00,  2.793230000000000e+02
5195        ,  2.369000000000003e-01,  2.874493557604444e-01,  1.834633931931782e+01
3086        ,  1.589400000000000e+00,  1.467743070952273e+00,  1.648579488511054e+02
5102        ,  3.760100000000000e+00,  3.739554999003440e+00,  4.468613331343080e+02
3170        ,  1.528999999999998e-01,  1.396517234460616e-01,  0.000000000000000e+00
4533        ,  1.544200000000000e+00,  1.445486728575476e+00,  1.620952360602599e+02
5493        ,  0.000000000000000e+00,  9.107129766562649e-01,  9.571297703391028e+01
5095        ,  9.836999999999998e-01,  6.780573840198838e-01,  6.683309323465771e+01
5258        ,  3.733000000000000e-01,  8.805501945512889e-01,  9.196882615241684e+01
3559        ,  4.266400000000000e+00,  5.188266173350894e+00,  6.266920000000000e+02
4705        ,  2.014900000000000e+00,  1.970267831143922e+00,  2.272370927011495e+02
5717        ,  8.259000000000003e-01,  4.103117032158947e+00,  4.919908275615535e+02
5108        ,  2.033300000000000e+00,  1.870989016808122e+00,  2.149134662228186e+02
5105        ,  1.147400000000000e+00,  1.425754587759986e+00,  1.596458561532293e+02
4721        ,  2.367300000000000e+00,  3.350926734551944e+00,  3.986203302369234e+02
3907        ,  1.832000000000000e+00,  1.148070304548250e+00,  1.251764942042673e+02
3583        ,  1.527200000000000e+00,  1.596521432316888e+00,  1.808433978571856e+02
3746        ,  0.000000000000000e+00,  1.396517234460616e-01,  0.000000000000000e+00
3201        ,  0.000000000000000e+00,  5.639415250560574e-01,  5.266772239967418e+01
3126        ,  0.000000000000000e+00,  1.396517234460616e-01,  0.000000000000000e+00
5676        ,  4.641999999999999e-01,  1.396517234460616e-01,  0.000000000000000e+00
3598        ,  9.411999999999998e-01,  1.040207480928136e+00,  1.117873219212837e+02
4244        ,  6.532000000000000e-01,  1.396517234460616e-01,  0.000000000000000e+00
4710        ,  0.000000000000000e+00,  1.396517234460616e-01,  0.000000000000000e+00
3178        ,  0.000000000000000e+00,  1.396517234460616e-01,  0.000000000000000e+00
5371        ,  4.331500000000000e+00,  3.679187675500851e+00,  4.393678477283869e+02
4218        ,  2.750400000000000e+00,  2.861534363640642e+00,  3.378713293468026e+02
5277        ,  4.523999999999999e-01,  8.913135223200491e-01,  9.330489399300765e+01
3755        ,  1.748400000000000e+00,  1.423105152606624e+00,  1.593169778378805e+02
3400        ,  6.249000000000002e-01,  3.282941744654783e-01,  2.341646724805629e+01
5825        ,  2.044100000000000e+00,  2.185593233626585e+00,  2.539657542916992e+02
3495        ,  1.237600000000000e+00,  4.453156970459370e-01,  3.794252241758409e+01
4278        ,  7.349000000000001e-01,  1.396517234460616e-01,  0.000000000000000e+00
3966        ,  1.750200000000000e+00,  9.984796927027998e-01,  1.066075896763298e+02
4647        ,  3.913400000000000e+00,  3.507491928610583e+00,  4.180550000000000e+02
4958        ,  3.220400000000000e+00,  3.216275191917091e+00,  3.819058345284005e+02
4890        ,  2.595300000000000e+00,  2.713583748158829e+00,  3.195060000000000e+02
3933        ,  3.733600000000000e+00,  3.599614641239476e+00,  4.294903289591987e+02
3444        ,  2.131800000000000e+00,  2.222884413356701e+00,  2.585947637435630e+02
4837        ,  2.507100000000000e+00,  2.517034094822296e+00,  2.951080000000000e+02
4994        ,  3.688700000000000e+00,  4.264947393863086e+00,  5.120790703940007e+02
4339        ,  0.000000000000000e+00,  1.396517234460616e-01,  0.000000000000000e+00
4325        ,  2.300000000000000e-01,  4.575052132591678e+00,  5.505728315737560e+02
5161        ,  4.347900000000000e+00,  4.253598628612404e+00,  5.106703313304316e+02
3743        ,  0.000000000000000e+00,  1.396517234460616e-01,  0.000000000000000e+00
4950        ,  1.466200000000001e+00,  1.016493299531026e+00,  1.088436454105139e+02
4189        ,  1.018400000000000e+00,  1.092592496391426e+00,  1.182899515905663e+02
4749        ,  2.372800000000001e+00,  2.286058804402413e+00,  2.664366946071816e+02
4840        ,  3.246200000000000e+00,  3.339316805231606e+00,  3.971791724900176e+02
5490        ,  2.288300000000000e+00,  2.451400767816888e+00,  2.869608377684993e+02
5388        ,  1.719900000000000e+00,  1.656437492898289e+00,  1.882808673273662e+02
3448        ,  1.538000000000000e+00,  9.722726736148075e-01,  1.033544735255012e+02
4846        ,  0.000000000000000e+00,  1.396517234460616e-01,  0.000000000000000e+00
5732        ,  5.205000000000001e-01,  4.481421359947434e-01,  3.829337247660153e+01
3082        ,  3.936999999999999e-01,  1.396517234460616e-01,  0.000000000000000e+00
4256        ,  2.726200000000000e+00,  2.808021441145847e+00,  3.312286909047365e+02
4685        ,  7.060000000000000e-01,  6.033545780333798e-01,  5.756012312497213e+01
4747        ,  3.408700000000000e+00,  2.830336608605919e+00,  3.339987057404209e+02
5625        ,  8.441999999999998e-01,  1.053133653574922e+00,  1.133918669046132e+02
5067        ,  2.608600000000000e+00,  3.569877391166453e+00,  4.257990000000000e+02
3965        ,  4.246200000000000e+00,  3.561005525587382e+00,  4.246977221665176e+02
4444        ,  9.563000000000001e-01,  3.237250753710340e-01,  2.284929820036848e+01
3422        ,  9.169000000000000e-01,  8.960337560318437e-01,  9.389082360491685e+01
3134        ,  0.000000000000000e+00,  1.396517234460616e-01,  0.000000000000000e+00
5724        ,  0.000000000000000e+00,  1.396517234460616e-01,  0.000000000000000e+00
4937        ,  0.000000000000000e+00,  1.396517234460616e-01,  0.000000000000000e+00
4070        ,  7.039999999999997e-01,  1.396517234460616e-01,  0.000000000000000e+00
4121        ,  1.252800000000000e+00,  1.067226097437959e+00,  1.151411828638822e+02
3358        ,  0.000000000000000e+00,  1.396517234460616e-01,  0.000000000000000e+00
3180        ,  1.234700000000000e+00,  1.488330253966556e+00,  1.674134664145095e+02
3830        ,  6.069000000000000e-01,  6.190228385311791e-01,  5.950504754043664e+01
3277        ,  1.579500000000000e+00,  1.686600275003265e+00,  1.920250182088596e+02
4178        ,  2.596900000000000e+00,  2.074753066958170e+00,  2.402070000000000e+02
4700        ,  7.430000000000003e-02,  1.396517234460616e-01,  0.000000000000000e+00
5159        ,  2.832700000000000e+00,  2.606562336354839e+00,  3.062212734137719e+02
5042        ,  3.263400000000000e+00,  3.162723905237550e+00,  3.752584338831784e+02
5909        ,  1.706400000000000e+00,  1.486822114861307e+00,  1.672262588704348e+02
3034        ,  1.700700000000000e+00,  2.050061799368226e+00,  2.371420363308554e+02
3339        ,  0.000000000000000e+00,  1.832872148912604e-01,  5.416538275227172e+00
4575        ,  2.957400000000000e+00,  2.207144943461677e+00,  2.566410000000000e+02
5517        ,  1.991000000000000e+00,  1.760865903303442e+00,  2.012437208038997e+02
4993        ,  7.869999999999999e-01,  7.289462206002275e-01,  7.315000000000001e+01
4049        ,  4.949900000000000e+00,  5.861302520100652e+00,  7.102370000000001e+02
3296        ,  6.007300000000000e+00,  6.008134105086752e+00,  7.284634224315730e+02
3504        ,  0.000000000000000e+00,  1.396517234460616e-01,  0.000000000000000e+00
4069        ,  2.483500000000000e+00,  2.460239875982161e+00,  2.880580493756197e+02
3708        ,  3.914400000000000e+00,  3.148907683504678e+00,  3.735434057866320e+02
3778        ,  4.467100000000000e+00,  4.013753501880020e+00,  4.808980000000000e+02
3245        ,  0.000000000000000e+00,  1.396517234460616e-01,  0.000000000000000e+00
3972        ,  9.501000000000001e-01,  5.928443656919339e-01,  5.625547487780611e+01
5077        ,  1.153900000000000e+00,  1.224510157391128e+00,  1.346650865167011e+02
3503        ,  7.069999999999999e-01,  4.007020973503194e-01,  3.240457011445803e+01
4802        ,  0.000000000000000e+00,  1.396517234460616e-01,  0.000000000000000e+00
4651        ,  3.520400000000000e+00,  3.439700907509391e+00,  4.096400000000000e+02
3793        ,  0.000000000000000e+00,  1.396517234460616e-01,  0.000000000000000e+00
3873        ,  3.645000000000000e+00,  3.422154996165552e+00,  4.074620000000000e+02
4895        ,  2.159000000000000e-01,  7.920984023957423e-01,  8.098917399644982e+01
4859        ,  0.000000000000000e+00,  1.396517234460616e-01,  0.000000000000000e+00
5591        ,  4.297800000000001e+00,  4.213242703275943e+00,  5.056608904606829e+02
5202        ,  3.249999999999975e-02,  1.906770965069795e-01,  6.333855241193064e+00
4237        ,  0.000000000000000e+00,  1.396517234460616e-01,  0.000000000000000e+00
3838        ,  1.593100000000000e+00,  1.034581468500700e+00,  1.110889566539100e+02
5749        ,  1.189500000000000e+00,  1.031138344747573e+00,  1.106615565954375e+02
3399        ,  0.000000000000000e+00,  1.396517234460616e-01,  0.000000000000000e+00
5658        ,  1.245900000000000e+00,  1.440994236013108e+00,  1.615375762950250e+02
5068        ,  2.732000000000000e+00,  2.508444474114391e+00,  2.940417576410138e+02
5719        ,  2.343600000000000e+00,  1.956021953489499e+00,  2.254687307777759e+02
3665        ,  1.944300000000001e+00,  2.000437448975071e+00,  2.309820921114719e+02
5189        ,  6.053000000000002e-01,  5.158821589021291e-01,  4.670204199516134e+01
3079        ,  3.068500000000000e+00,  2.375782402071960e+00,  2.775742178680009e+02
4684        ,  0.000000000000000e+00,  1.396517234460616e-01,  0.000000000000000e+00
4673        ,  1.365500000000000e+00,  1.241874083767884e+00,  1.368204964528088e+02
3173        ,  0.000000000000000e+00,  1.396517234460616e-01,  0.000000000000000e+00
3772        ,  6.627000000000001e-01,  3.328639882716998e-01,  2.398372501397711e+01
3941        ,  1.333200000000000e+00,  1.098526566563249e+00,  1.190265565226761e+02
3998        ,  5.336600000000000e+00,  4.880544533509682e+00,  5.884940564198553e+02
4086        ,  1.453300000000000e+00,  7.314455083456908e-01,  7.346024029490100e+01
4023        ,  0.000000000000000e+00,  2.329080165729967e+00,  2.717770000000000e+02
3689        ,  1.522999999999999e-01,  7.251380476411540e-01,  7.267728584213583e+01
4565        ,  1.903700000000000e+00,  2.071835762441256e+00,  2.398448706632375e+02
3463        ,  1.951400000000000e+00,  1.968220117256725e+00,  2.269829069390699e+02
5755        ,  1.744400000000000e+00,  1.618969571992862e+00,  1.836299187312605e+02
4114        ,  2.924900000000000e+00,  3.553619141217790e+00,  4.237808393189007e+02
3199        ,  2.250400000000000e+00,  1.706206083371499e+00,  1.944587162818302e+02
4416        ,  8.491000000000000e-01,  1.053522410647006e+00,  1.134401238965931e+02
4562        ,  2.138600000000000e+00,  2.161989030936728e+00,  2.510357296009862e+02
3600        ,  1.261000000000001e-01,  2.822686186488947e-01,  1.770324673735754e+01
3272        ,  0.000000000000000e+00,  1.396517234460616e-01,  0.000000000000000e+00
5130        ,  3.741200000000000e+00,  3.087305033253298e+00,  3.658965774390908e+02
3567        ,  3.290600000000000e+00,  3.327116994482662e+00,  3.956647918864400e+02
4052        ,  2.301500000000000e+00,  2.098623878557238e+00,  2.431701192500598e+02
3337        ,  0.000000000000000e+00,  1.396517234460616e-01,  0.000000000000000e+00
3662        ,  2.304500000000000e+00,  2.428944931679416e+00,  2.841733615212431e+02
3222        ,  0.000000000000000e+00,  1.396517234460616e-01,  0.000000000000000e+00
4931        ,  7.595999999999998e-01,  9.735515599064754e-01,  1.035132235777879e+02
4792        ,  3.406700000000000e+00,  2.745879134695718e+00,  3.235148742328022e+02
4038        ,  0.000000000000000e+00,  3.692910378719459e-01,  2.850546871110332e+01
3618        ,  3.023200000000000e+00,  7.516525441739509e-01,  7.596856962425248e+01
4741        ,  0.000000000000000e+00,  1.396517234460616e-01,  0.000000000000000e+00
3319        ,  9.309000000000001e-01,  3.495758332777756e-01,  2.605819112234573e+01
4531        ,  8.411000000000000e-01,  9.087903266806835e-01,  9.547431564067993e+01
4586        ,  1.556100000000000e+00,  1.875491905085483e+00,  2.154724164235750e+02
3637        ,  3.929200000000000e+00,  3.450866487455468e+00,  4.110260000000000e+02
3000        ,  0.000000000000000e+00,  1.397522660530784e-01,  1.248050293833776e-02
3231        ,  1.677200000000000e+00,  1.667396637063097e+00,  1.896412421476421e+02
4392        ,  4.559800000000000e+00,  5.066153719654888e+00,  6.115340000000000e+02
3459        ,  2.935700000000000e+00,  2.767455152196368e+00,  3.261931372876830e+02
3487        ,  0.000000000000000e+00,  1.396517234460616e-01,  0.000000000000000e+00
3897        ,  3.892500000000000e+00,  3.409571564797748e+00,  4.059000000000000e+02
3474        ,  3.947700000000000e+00,  3.653266732401405e+00,  4.361502426143374e+02
3858        ,  3.167000000000000e-01,  3.186743551406420e-01,  2.222234480671321e+01
4762        ,  2.902400000000000e+00,  3.545554989584368e+00,  4.227798242155296e+02
5355        ,  1.801200000000000e+00,  1.230892824785230e+00,  1.354573764873920e+02
3779        ,  3.920900000000000e+00,  3.613973676658797e+00,  4.312727373237699e+02
4547        ,  3.463000000000000e+00,  2.356289559802969e+00,  2.751545424444857e+02
3521        ,  0.000000000000000e+00,  1.396517234460616e-01,  0.000000000000000e+00
5437        ,  3.014500000000000e+00,  3.041727901205524e+00,  3.602390204359369e+02
4845        ,  0.000000000000000e+00,  1.396517234460616e-01,  0.000000000000000e+00
3211        ,  1.219999999999999e-02,  1.396517234460616e-01,  0.000000000000000e+00
3763        ,  0.000000000000000e+00,  1.396517234460616e-01,  0.000000000000000e+00
5299        ,  3.388300000000000e+00,  2.669099612959171e+00,  3.139841183167851e+02
5510        ,  3.329200000000000e+00,  3.513369356792458e+00,  4.187845738778834e+02
3975        ,  1.985400000000000e+00,  1.835507261143528e+00,  2.105090632640277e+02
4984        ,  0.000000000000000e+00,  1.396517234460616e-01,  0.000000000000000e+00
4289        ,  4.016000000000002e-01,  3.104132673588617e-01,  2.119688372714176e+01
3251        ,  0.000000000000000e+00,  1.396517234460616e-01,  0.000000000000000e+00
5409        ,  5.116999999999998e-01,  1.396517234460616e-01,  0.000000000000000e+00
3822        ,  1.651400000000000e+00,  1.147088645752260e+00,  1.250546394418805e+02
3675        ,  1.858500000000000e+00,  1.867962293653701e+00,  2.145377545882876e+02
4096        ,  3.949999999999998e-02,  1.399904961873653e+00,  1.564371037506245e+02
5417        ,  2.387700000000000e+00,  2.462572418414664e+00,  2.883475913274987e+02
4039        ,  6.776000000000000e-01,  8.448570522060372e-01,  8.753818345141754e+01
3789        ,  4.554000000000000e+00,  4.044769001730239e+00,  4.847480000000000e+02
3842        ,  2.475500000000000e+00,  2.547807406469032e+00,  2.989279368190772e+02
5072        ,  9.227000000000000e-01,  9.656387923143294e-01,  1.025310000000000e+02
4751        ,  0.000000000000000e+00,  1.396517234460616e-01,  0.000000000000000e+00
5535        ,  1.533700000000000e+00,  1.428406860184671e+00,  1.599750866632759e+02
3148        ,  4.490000000000016e-02,  1.396517234460616e-01,  0.000000000000000e+00
4233        ,  3.497600000000000e+00,  3.406085832361995e+00,  4.054673108625540e+02
3690        ,  2.423100000000000e+00,  2.310471213961885e+00,  2.694670432153890e+02
3950        ,  0.000000000000000e+00,  1.396517234460616e-01,  0.000000000000000e+00
3875        ,  2.401300000000000e+00,  2.483565300307188e+00,  2.909534688944097e+02
3249        ,  0.000000000000000e+00,  1.396517234460616e-01,  0.000000000000000e+00
3912        ,  4.126200000000000e+00,  3.972699264924104e+00,  4.758018766731610e+02
4814        ,  2.224100000000000e+00,  2.127568032417400e+00,  2.467629999999999e+02
5735        ,  0.000000000000000e+00,  1.396517234460616e-01,  0.000000000000000e+00
3678        ,  5.503999999999998e-01,  3.494841442896781e-01,  2.604680963225593e+01
3628        ,  1.788400000000000e+00,  1.543818122241598e+00,  1.743012578056064e+02
3928        ,  1.122600000000000e+00,  1.221693562582097e+00,  1.343154584253553e+02
4408        ,  7.400000000000002e-01,  1.396517234460616e-01,  0.000000000000000e+00
4743        ,  0.000000000000000e+00,  1.396517234460616e-01,  0.000000000000000e+00
3683        ,  2.536900000000000e+00,  2.313775649074598e+00,  2.698772276472176e+02
3502        ,  0.000000000000000e+00,  1.396517234460616e-01,  0.000000000000000e+00
3819        ,  0.000000000000000e+00,  1.396517234460616e-01,  0.000000000000000e+00
5413        ,  7.898000000000001e-01,  1.956167602283721e+00,  2.254868103786355e+02
5279        ,  2.576100000000000e+00,  2.648592677406752e+00,  3.114385619898489e+02
4229        ,  6.249999999999996e-01,  3.858321393431149e-01,  3.055874017122942e+01
3575        ,  2.196800000000000e+00,  1.538982804411624e+00,  1.737010426314098e+02
3196        ,  0.000000000000000e+00,  1.396517234460616e-01,  0.000000000000000e+00
3465        ,  1.376900000000000e+00,  1.373858238044040e+00,  1.532038852879757e+02
5768        ,  1.701800000000000e+00,  1.972845077179487e+00,  2.275570100742322e+02
3481        ,  8.867999999999998e-01,  1.396517234460616e-01,  0.000000000000000e+00
4452        ,  1.246100000000000e+00,  8.862596803829597e-01,  9.267755309726978e+01
4214        ,  7.783000000000002e-01,  9.742391471895788e-01,  1.035985748071001e+02
4940        ,  4.171100000000000e+00,  4.628657940339081e+00,  5.572270000000001e+02
5359        ,  1.056300000000000e+00,  1.226319908876215e+00,  1.348897336528502e+02
3390        ,  0.000000000000000e+00,  1.396517234460616e-01,  0.000000000000000e+00
3138        ,  0.000000000000000e+00,  1.396517234460616e-01,  0.000000000000000e+00
4686        ,  5.896000000000001e-01,  2.020502272905350e+00,  2.334727684669919e+02
4305        ,  7.780300000000000e+00,  6.509976645140612e+00,  7.907578812840137e+02
3982        ,  9.999999999976694e-05,  1.396517234460616e-01,  0.000000000000000e+00
5631        ,  1.302400000000000e+00,  3.831191690685609e+00,  4.582363315925017e+02
4511        ,  3.130800000000000e+00,  2.814300379382463e+00,  3.320081048212529e+02
4050        ,  5.382100000000000e+00,  4.775582793915262e+00,  5.754649999999999e+02
4808        ,  8.830000000000001e-01,  6.643909487869200e-01,  6.513665835851499e+01
5136        ,  1.867100000000000e+00,  1.539405898330982e+00,  1.737535619071716e+02
3472        ,  7.224000000000004e-01,  8.135761747710325e-01,  8.365524173819809e+01
3462        ,  9.331000000000000e-01,  7.706571250821601e-01,  7.832763644084253e+01
5715        ,  3.863600000000000e+00,  4.238217105081749e+00,  5.087610000000000e+02
4487        ,  2.786700000000000e+00,  2.597373859213601e+00,  3.050806941174652e+02
3434        ,  0.000000000000000e+00,  1.396517234460616e-01,  0.000000000000000e+00
3531        ,  4.588000000000001e-01,  4.703859283191129e-01,  4.105452741082443e+01
3569        ,  2.146999999999997e-01,  1.396517234460616e-01,  0.000000000000000e+00
3088        ,  1.459500000000000e+00,  9.918670385835788e-01,  1.057867511123232e+02
3655        ,  2.189700000000000e+00,  1.833563475783108e+00,  2.102677783041284e+02
3809        ,  4.851000000000000e+00,  4.449756328066181e+00,  5.350196775136016e+02
5892        ,  1.967200000000000e+00,  2.259290964569743e+00,  2.631139629454815e+02
5141        ,  1.826300000000000e+00,  1.414386162808774e+00,  1.582346767018733e+02
4791        ,  3.607100000000000e+00,  4.041401604603644e+00,  4.843300000000000e+02
4765        ,  2.740200000000000e+00,  2.811934575437192e+00,  3.317144340684590e+02
3860        ,  1.860999999999999e-01,  1.396517234460616e-01,  0.000000000000000e+00
3765        ,  2.134000000000000e+00,  2.036192505300327e+00,  2.354204202866428e+02
4331        ,  3.055899999999999e+00,  1.396517234460616e-01,  0.000000000000000e+00
3539        ,  2.172700000000000e+00,  2.202467998789959e+00,  2.560604439208437e+02
3696        ,  2.420000000000000e-02,  1.396517234460616e-01,  0.000000000000000e+00
5206        ,  2.109000000000000e+00,  2.207411892368381e+00,  2.566741367637399e+02
5491        ,  9.824000000000006e-01,  1.118729213995467e+00,  1.215343411139177e+02
5467        ,  0.000000000000000e+00,  1.233856915607575e+00,  1.358253134776432e+02
4372        ,  0.000000000000000e+00,  1.396517234460616e-01,  0.000000000000000e+00
5497        ,  0.000000000000000e+00,  1.210288699964789e+00,  1.328997559124608e+02
4944        ,  2.979200000000000e+00,  3.124627137611866e+00,  3.705294256109533e+02
5633        ,  4.619200000000000e+00,  4.405483075421371e+00,  5.295239729947103e+02
4156        ,  3.097000000000000e+00,  3.104073379002306e+00,  3.679780570684841e+02
3643        ,  1.559600000000000e+00,  1.256780630007357e+00,  1.386708681475783e+02
3735        ,  4.644100000000000e+00,  4.063821380209659e+00,  4.871130000000000e+02
4961        ,  2.021900000000000e+00,  1.593390190880541e+00,  1.804547122132930e+02
3952        ,  2.400100000000000e+00,  2.601164314612531e+00,  3.055512089683093e+02
3532        ,  2.109100000000000e+00,  2.088731603166883e+00,  2.419421764331848e+02
3155        ,  0.000000000000000e+00,  1.396517234460616e-01,  0.000000000000000e+00
5107        ,  2.169700000000000e+00,  4.099090434325052e+00,  4.914910000000000e+02
3202        ,  0.000000000000000e+00,  1.396517234460616e-01,  0.000000000000000e+00
4535        ,  1.017200000000000e+00,  8.400315239236040e-01,  8.693918346827729e+01
3006        ,  1.215300000000000e+00,  7.968987455134893e-01,  8.158504770774181e+01
5286        ,  3.213700000000000e+00,  3.127195473148183e+00,  3.708482369105478e+02
3273        ,  3.100000000000014e-02,  1.396517234460616e-01,  0.000000000000000e+00
5787        ,  2.082800000000000e+00,  1.494215603929043e+00,  1.681440236347702e+02
3424        ,  0.000000000000000e+00,  1.396517234460616e-01,  0.000000000000000e+00
4272        ,  2.407300000000000e+00,  2.494742066129596e+00,  2.923408574138299e+02
5826        ,  4.010000000000025e-02,  1.674421255618330e-01,  3.449663834612145e+00
5367        ,  0.000000000000000e+00,  1.396517234460616e-01,  0.000000000000000e+00
5269        ,  0.000000000000000e+00,  1.396517234460616e-01,  0.000000000000000e+00
4354        ,  2.761100000000000e+00,  2.698936718241602e+00,  3.176878424512374e+02
3784        ,  2.679300000000000e+00,  2.635666504759966e+00,  3.098340170065194e+02
3538        ,  1.800000000000246e-03,  1.396517234460616e-01,  0.000000000000000e+00
3579        ,  1.574400000000000e+00,  1.379822763542703e+00,  1.539442706849786e+02
3218        ,  0.000000000000000e+00,  1.396517234460616e-01,  0.000000000000000e+00
3617        ,  2.533399999999999e+00,  2.526432949692977e+00,  2.962746937959043e+02
3475        ,  0.000000000000000e+00,  1.396517234460616e-01,  0.000000000000000e+00
4841        ,  4.640900000000000e+00,  3.814545377127754e+00,  4.561700000000000e+02
3224        ,  0.000000000000000e+00,  1.396517234460616e-01,  0.000000000000000e+00
5396        ,  3.100000000000103e-03,  1.396517234460616e-01,  0.000000000000000e+00
4889        ,  0.000000000000000e+00,  1.396517234460616e-01,  0.000000000000000e+00
3219        ,  0.000000000000000e+00,  1.396517234460616e-01,  0.000000000000000e+00
3362        ,  0.000000000000000e+00,  1.396517234460616e-01,  0.000000000000000e+00
3527        ,  1.341400000000000e+00,  1.345987936632876e+00,  1.497443034353162e+02
3488        ,  3.973200000000000e+00,  3.178662945192985e+00,  3.772369705543516e+02
4400        ,  2.935200000000000e+00,  2.054371452770883e+00,  2.376770000000000e+02
4388        ,  0.000000000000000e+00,  1.396517234460616e-01,  0.000000000000000e+00
4001        ,  2.571800000000000e+00,  2.324472148609364e+00,  2.712050000000000e+02
5635        ,  2.510199999999999e+00,  2.374324563051646e+00,  2.773932541480766e+02
5763        ,  3.147600000000001e+00,  4.261837337286416e+00,  5.116930144581621e+02
3800        ,  1.905300000000000e+00,  2.130194257160446e+00,  2.470889971726896e+02
2989        ,  0.000000000000000e+00,  1.396517234460616e-01,  0.000000000000000e+00
4152        ,  0.000000000000000e+00,  1.396517234460616e-01,  0.000000000000000e+00
3751        ,  2.705800000000000e+00,  2.281726706628668e+00,  2.658989448849633e+02
3519        ,  1.893400000000000e+00,  1.323737523776886e+00,  1.469823266846834e+02
2992        ,  0.000000000000000e+00,  1.396517234460616e-01,  0.000000000000000e+00
5521        ,  0.000000000000000e+00,  1.396517234460616e-01,  0.000000000000000e+00
5838        ,  1.495700000000000e+00,  1.817908919766928e+00,  2.083245550462943e+02
3046        ,  0.000000000000000e+00,  1.396517234460616e-01,  0.000000000000000e+00
3398        ,  1.423800000000000e+00,  1.506557871632760e+00,  1.696760876314424e+02
4861        ,  0.000000000000000e+00,  1.396517234460616e-01,  0.000000000000000e+00
4013        ,  1.083500000000000e+00,  1.081610109105059e+00,  1.169266915671360e+02
4879        ,  4.412000000000000e+00,  4.571766652042393e+00,  5.501650000000000e+02
5571        ,  2.085500000000000e+00,  1.719479751831491e+00,  1.961063964358745e+02
5730        ,  0.000000000000000e+00,  1.396517234460616e-01,  0.000000000000000e+00
5734        ,  1.483100000000000e+00,  1.650505479084310e+00,  1.875445176540058e+02
3608        ,  1.196200000000000e+00,  8.161977965752830e-01,  8.398066754126774e+01
3510        ,  2.562800000000000e+00,  1.332977362779651e+00,  1.481292816050437e+02
3712        ,  0.000000000000000e+00,  1.396517234460616e-01,  0.000000000000000e+00
3516        ,  1.097000000000001e-01,  2.239120138263512e-01,  1.045935482357933e+01
4247        ,  1.700000000000035e-03,  8.739202278508096e-01,  9.114583855201984e+01
4235        ,  2.754999999999999e-01,  3.733127421526093e-01,  2.900468882863577e+01
4652        ,  3.696700000000000e+00,  3.500359422342312e+00,  4.171696314176635e+02
5806        ,  3.925800000000000e+00,  3.035308774862091e+00,  3.594422047617880e+02
5512        ,  0.000000000000000e+00,  1.396517234460616e-01,  0.000000000000000e+00
3366        ,  0.000000000000000e+00,  1.396517234460616e-01,  0.000000000000000e+00
4253        ,  0.000000000000000e+00,  1.396517234460616e-01,  0.000000000000000e+00
4596        ,  1.153000000000000e-01,  7.444685154386299e-01,  7.507680548166071e+01
3096        ,  1.272100000000000e+00,  1.504340120404748e+00,  1.694007948820403e+02
4616        ,  3.628800000000000e+00,  3.207088887879874e+00,  3.807655249827191e+02
4701        ,  2.185200000000000e+00,  2.036293847143898e+00,  2.354330000000000e+02
4948        ,  0.000000000000000e+00,  1.396517234460616e-01,  0.000000000000000e+00
3861        ,  4.192900000000000e+00,  4.633294719662467e+00,  5.578025702948928e+02
3985        ,  2.974100000000000e+00,  2.537681556151156e+00,  2.976710000000000e+02
5530        ,  0.000000000000000e+00,  1.684069090528054e-01,  3.569423840357063e+00
5282        ,  3.805300000000000e+00,  3.743784650371587e+00,  4.473863660322464e+02
3983        ,  0.000000000000000e+00,  1.396517234460616e-01,  0.000000000000000e+00
5532        ,  0.000000000000000e+00,  1.179418679608483e+00,  1.290678144978220e+02
4723        ,  8.354000000000004e-01,  1.044095051648974e+00,  1.122698918410821e+02
5654        ,  5.839999999999979e-02,  1.396517234460616e-01,  0.000000000000000e+00
4639        ,  4.481400000000000e+00,  4.524357245128487e+00,  5.442800000000001e+02
3446        ,  1.277400000000000e+00,  1.191444349322226e+00,  1.305605787164062e+02
5584        ,  3.728300000000000e+00,  3.903604169554813e+00,  4.672250000000001e+02
3588        ,  0.000000000000000e+00,  1.396517234460616e-01,  0.000000000000000e+00
2988        ,  1.057200000000000e+00,  1.135325160731320e+00,  1.235944205980980e+02
2993        ,  0.000000000000000e+00,  1.396517234460616e-01,  0.000000000000000e+00
3506        ,  1.599000000000000e+00,  1.074948973031588e+00,  1.160998348662377e+02
3987        ,  6.479999999999997e-02,  1.396517234460616e-01,  0.000000000000000e+00
4902        ,  1.785500000000000e+00,  1.286381356696174e+00,  1.423452502565978e+02
5846        ,  0.000000000000000e+00,  1.396517234460616e-01,  0.000000000000000e+00
3346        ,  2.480700000000000e+00,  1.132245717743971e+00,  1.232121647725093e+02
4032        ,  5.322200000000000e+00,  4.862574433373140e+00,  5.862634012358409e+02
4930        ,  7.380000000000009e-02,  7.276450707684716e-01,  7.298848634145988e+01
4370        ,  8.121000000000000e-01,  1.005519069372517e+00,  1.074813979434636e+02
4048        ,  5.700300000000000e+00,  4.813687550874103e+00,  5.801949999999999e+02
4161        ,  5.473999999999997e-01,  6.487794810126256e-01,  6.319878370805669e+01
5577        ,  2.700600000000000e+00,  2.961375875633632e+00,  3.502648043199391e+02
3418        ,  0.000000000000000e+00,  1.396517234460616e-01,  0.000000000000000e+00
3545        ,  5.858400000000000e+00,  5.579626622382405e+00,  6.752721530218017e+02
3064        ,  0.000000000000000e+00,  1.988713189788312e-01,  7.351016230665423e+00
3168        ,  1.440000000000019e-02,  1.396517234460616e-01,  0.000000000000000e+00
3572        ,  1.227300000000000e+00,  1.455854991900198e+00,  1.633822639654348e+02
3081        ,  9.398000000000002e-01,  1.379442610567593e+00,  1.538970817323182e+02
4251        ,  0.000000000000000e+00,  1.396517234460616e-01,  0.000000000000000e+00
3343        ,  0.000000000000000e+00,  1.396517234460616e-01,  0.000000000000000e+00
3191        ,  0.000000000000000e+00,  1.396517234460616e-01,  0.000000000000000e+00
4377        ,  4.062600000000000e+00,  4.505659329504496e+00,  5.419589999999999e+02
4348        ,  2.519400000000000e+00,  2.019590768209067e+00,  2.333596220370573e+02
4724        ,  7.427999999999999e-01,  6.766629494241438e-01,  6.666000000000004e+01
5357        ,  3.189999999999982e-02,  1.396517234460616e-01,  0.000000000000000e+00
3062        ,  1.324800000000000e+00,  1.030705597274595e+00,  1.106078390097460e+02
5336        ,  4.309000000000003e-01,  5.989682041130467e-01,  5.701563602417299e+01
5048        ,  3.346100000000000e+00,  3.039487913386992e+00,  3.599609674255712e+02
5052        ,  0.000000000000000e+00,  1.396517234460616e-01,  0.000000000000000e+00
4236        ,  1.189800000000000e+00,  1.422812781244275e+00,  1.592806853470137e+02
3857        ,  2.970300000000000e+00,  2.910429923583388e+00,  3.439408077266018e+02
4016        ,  1.261500000000000e+00,  2.058099063659125e+00,  2.381397138685186e+02
3748        ,  5.403900000000000e+00,  4.842648075816530e+00,  5.837899129166641e+02
4264        ,  0.000000000000000e+00,  1.396517234460616e-01,  0.000000000000000e+00
5423        ,  0.000000000000000e+00,  1.396517234460616e-01,  0.000000000000000e+00
4210        ,  3.155900000000000e+00,  3.003031707429872e+00,  3.554356045066203e+02
5291        ,  4.676600000000000e+00,  4.729059544139933e+00,  5.696900000000001e+02
3310        ,  0.000000000000000e+00,  6.825624838664825e-01,  6.739231796078387e+01
3584        ,  3.670800000000000e+00,  3.792834527232601e+00,  4.534750000000001e+02
3827        ,  1.014500000000000e+00,  1.043684770651345e+00,  1.122189630522991e+02
4259        ,  0.000000000000000e+00,  1.396517234460616e-01,  0.000000000000000e+00
5399        ,  1.045000000000000e+00,  6.297539237159804e-01,  6.083711306125696e+01
3288        ,  0.000000000000000e+00,  1.396517234460616e-01,  0.000000000000000e+00
3177        ,  1.162500000000000e+00,  1.566390177993532e+00,  1.771031605659881e+02
5495        ,  3.851200000000000e+00,  3.819918374998259e+00,  4.568369581951392e+02
4457        ,  5.621100000000000e+00,  4.946965584516189e+00,  5.967390000000001e+02
3326        ,  1.114300000000000e+00,  7.891569647732118e-01,  8.062404898149180e+01
4850        ,  2.079800000000000e+00,  2.197524105211537e+00,  2.554467510779477e+02
3073        ,  0.000000000000000e+00,  1.396517234460616e-01,  0.000000000000000e+00
3886        ,  1.935600000000000e+00,  1.968170611992117e+00,  2.269767617771457e+02
4630        ,  2.287500000000000e+00,  1.677574700609492e+00,  1.909046602722204e+02
4413        ,  6.556000000000002e-01,  6.747083131954965e-01,  6.641736810573317e+01
4892        ,  0.000000000000000e+00,  1.396517234460616e-01,  0.000000000000000e+00
4401        ,  0.000000000000000e+00,  1.396517234460616e-01,  0.000000000000000e+00
3217        ,  3.489100000000000e+00,  3.059273647917987e+00,  3.624170000000000e+02
4695        ,  2.482000000000000e+00,  2.406537050772877e+00,  2.813918380279318e+02
3120        ,  0.000000000000000e+00,  1.396517234460616e-01,  0.000000000000000e+00
5237        ,  1.472900000000000e+00,  1.329875105308415e+00,  1.477441937837306e+02
3167        ,  0.000000000000000e+00,  1.396517234460616e-01,  0.000000000000000e+00
3871        ,  2.856000000000001e-01,  3.029808459675756e-01,  2.027428623573782e+01
4441        ,  4.190000000000000e+00,  4.209646700359166e+00,  5.052145132848693e+02
3768        ,  4.322000000000000e+00,  4.092922389466013e+00,  4.907253514429245e+02
3266        ,  1.678000000000000e+00,  5.785584578286486e-01,  5.448214394523177e+01
3405        ,  2.360100000000000e+00,  2.175711899820054e+00,  2.527391696698533e+02
3501        ,  1.934100000000000e+00,  1.942026698894483e+00,  2.237314790665020e+02
3720        ,  2.619999999999978e-02,  1.396517234460616e-01,  0.000000000000000e+00
4149        ,  0.000000000000000e+00,  1.486014653340210e+00,  1.671260274741575e+02
3543        ,  2.136700000000000e+00,  2.143873462900088e+00,  2.487870172707680e+02
3150        ,  0.000000000000000e+00,  1.396517234460616e-01,  0.000000000000000e+00
5174        ,  1.404900000000000e+00,  1.361223633201317e+00,  1.516355330486311e+02
5780        ,  9.264000000000001e-01,  1.013668606241250e+00,  1.084930120427412e+02
3159        ,  9.429000000000001e-01,  8.349038509657594e-01,  8.630267781842356e+01
3698        ,  4.599200000000000e+00,  4.407933907423505e+00,  5.298281984063201e+02
4744        ,  1.614900000000000e+00,  1.586818136326136e+00,  1.796389133334860e+02
5516        ,  0.000000000000000e+00,  1.396517234460616e-01,  0.000000000000000e+00
4391        ,  2.476800000000000e+00,  2.404887792472524e+00,  2.811871131488545e+02
5554        ,  1.662000000000000e+00,  1.170816701008175e+00,  1.280000381353220e+02
5335        ,  4.263500000000000e+00,  4.617846823248432e+00,  5.558850000000000e+02
5262        ,  2.010999999999994e-01,  2.196717130596273e-01,  9.933000000000000e+00
3389        ,  6.611000000000002e-01,  7.582147379746023e-01,  7.678314447407000e+01
5294        ,  0.000000000000000e+00,  1.396517234460616e-01,  0.000000000000000e+00
3498        ,  3.940200000000000e+00,  3.711357323215784e+00,  4.433611138147181e+02
3186        ,  0.000000000000000e+00,  1.396517234460616e-01,  0.000000000000000e+00
5236        ,  1.808000000000001e-01,  1.396517234460616e-01,  0.000000000000000e+00
4171        ,  4.364300000000000e+00,  4.104001966020400e+00,  4.921006757143496e+02
4952        ,  4.310000000000036e-02,  2.519399698327601e-01,  1.393850657498699e+01
4923        ,  2.503000000000000e+00,  3.690040299157589e+00,  4.407150000000001e+02
3108        ,  0.000000000000000e+00,  1.396517234460616e-01,  0.000000000000000e+00
3036        ,  0.000000000000000e+00,  1.561141957520401e+00,  1.764516911742603e+02
4963        ,  4.657000000000000e+00,  4.826448213669622e+00,  5.817790000000000e+02
3719        ,  0.000000000000000e+00,  1.396517234460616e-01,  0.000000000000000e+00
4956        ,  3.796700000000000e+00,  4.038565901760195e+00,  4.839780000000000e+02
5085        ,  0.000000000000000e+00,  1.396517234460616e-01,  0.000000000000000e+00
4434        ,  1.092800000000000e+00,  6.313251969301515e-01,  6.103215753591554e+01
4730        ,  1.903900000000000e+00,  2.066952957347013e+00,  2.392387608244917e+02
3116        ,  0.000000000000000e+00,  1.396517234460616e-01,  0.000000000000000e+00
3131        ,  6.086400000000000e+00,  5.541386481834639e+00,  6.705253476561013e+02
5503        ,  8.586999999999998e-01,  7.476663822777005e-01,  7.547376143561530e+01
4176        ,  4.014700000000000e+00,  3.805595190028119e+00,  4.550590000000000e+02
5628        ,  0.000000000000000e+00,  1.396517234460616e-01,  0.000000000000000e+00
3700        ,  6.755000000000000e-01,  7.915448516898560e-01,  8.092046092627672e+01
4098        ,  2.567200000000000e+00,  3.481261677308684e+00,  4.147990000000000e+02
5849        ,  0.000000000000000e+00,  1.396517234460616e-01,  0.000000000000000e+00
5193        ,  3.476700000000000e+00,  3.245229159883527e+00,  3.854999335179091e+02
3654        ,  0.000000000000000e+00,  1.396517234460616e-01,  0.000000000000000e+00
5797        ,  0.000000000000000e+00,  1.396517234460616e-01,  0.000000000000000e+00
5034        ,  2.416000000000000e-01,  1.396517234460616e-01,  0.000000000000000e+00
3165        ,  1.235000000000000e+00,  1.496425911649600e+00,  1.684183924105514e+02
4031        ,  3.750400000000000e+00,  3.612856012387471e+00,  4.311340000000000e+02
4290        ,  4.068000000000001e-01,  5.174908406143954e-01,  4.690173004217444e+01
4717        ,  0.000000000000000e+00,  1.396517234460616e-01,  0.000000000000000e+00
4492        ,  1.135700000000000e+00,  1.063393321896158e+00,  1.146654147509324e+02
3091        ,  0.000000000000000e+00,  1.396517234460616e-01,  0.000000000000000e+00
3457        ,  2.942700000000000e+00,  2.872322372390967e+00,  3.392104608742430e+02
4753        ,  7.596999999999996e-01,  1.401796583527614e+00,  1.566719135522694e+02
3393        ,  8.523999999999998e-01,  2.553762641221530e-01,  1.436505888199645e+01
3361        ,  0.000000000000000e+00,  1.396517234460616e-01,  0.000000000000000e+00
5651        ,  5.059999999999998e-01,  4.969194726910547e-01,  4.434817562946677e+01
3602        ,  1.873300000000000e+00,  1.196973770245920e+00,  1.312469539371515e+02
3187        ,  0.000000000000000e+00,  1.396517234460616e-01,  0.000000000000000e+00
5049        ,  3.301000000000000e+00,  3.247472946951814e+00,  3.857784581347821e+02
3407        ,  2.927999999999997e-01,  1.396517234460616e-01,  0.000000000000000e+00
2999        ,  1.144500000000000e+00,  1.111933160727594e+00,  1.206907369415630e+02
3723        ,  6.068800000000000e+00,  5.622103234400986e+00,  6.805448378749004e+02
4238        ,  5.243000000000000e+00,  4.895568470478681e+00,  5.903589999999999e+02
3415        ,  1.425400000000000e+00,  1.478477605930616e-01,  1.017386247790131e+00
3990        ,  0.000000000000000e+00,  1.396517234460616e-01,  0.000000000000000e+00
5456        ,  0.000000000000000e+00,  1.396517234460616e-01,  0.000000000000000e+00
5207        ,  0.000000000000000e+00,  1.396517234460616e-01,  0.000000000000000e+00
3922        ,  1.836800000000000e+00,  1.843865538193329e+00,  2.115465885915941e+02
4304        ,  3.197500000000000e+00,  3.711065755411721e+00,  4.433249210707333e+02
4262        ,  2.272100000000000e+00,  1.594721744990633e+00,  1.806200000000000e+02
5623        ,  3.708000000000000e+00,  4.221503791057723e+00,  5.066863515402542e+02
3227        ,  0.000000000000000e+00,  2.841314497288967e-01,  1.793448272235351e+01
4960        ,  0.000000000000000e+00,  1.396517234460616e-01,  0.000000000000000e+00
4293        ,  1.136700000000000e+00,  1.720382590960838e+00,  1.962184671961322e+02
5627        ,  1.765000000000000e+00,  1.513063735292637e+00,  1.704836701373341e+02
3867        ,  1.943600000000000e+00,  1.834427250975899e+00,  2.103750000000000e+02
3283        ,  0.000000000000000e+00,  1.396517234460616e-01,  0.000000000000000e+00
5770        ,  1.462100000000000e+00,  1.043529760525176e+00,  1.121997214154197e+02
4390        ,  2.926900000000000e+00,  3.594341444518566e+00,  4.288357592287882e+02
5266        ,  2.960300000000000e+00,  3.091289793242156e+00,  3.663912116068840e+02
5901        ,  2.864800000000001e+00,  4.139767616652108e+00,  4.965403189764943e+02
2996        ,  0.000000000000000e+00,  1.396517234460616e-01,  0.000000000000000e+00
4358        ,  3.600000000000003e-02,  1.396517234460616e-01,  0.000000000000000e+00
4157        ,  1.256900000000000e+00,  1.772854660422717e+00,  2.027319030073821e+02
5125        ,  9.231000000000000e-01,  1.153627356708579e+00,  1.258662993314001e+02
3533        ,  0.000000000000000e+00,  1.396517234460616e-01,  0.000000000000000e+00
4798        ,  1.230200000000000e+00,  1.188712682464140e+00,  1.302214928575801e+02
5097        ,  1.196899999999999e+00,  1.289595142669881e+00,  1.427441822763468e+02
5017        ,  3.460900000000000e+00,  3.577333322614900e+00,  4.267245158296706e+02
5157        ,  4.291200000000000e+00,  4.430509951339843e+00,  5.326305962234646e+02
3601        ,  2.851500000000000e+00,  2.804237623435327e+00,  3.307590000000000e+02
4977        ,  0.000000000000000e+00,  1.396517234460616e-01,  0.000000000000000e+00
4476        ,  3.099999999999881e-03,  1.396517234460616e-01,  0.000000000000000e+00
3225        ,  2.281000000000004e-01,  1.396517234460616e-01,  0.000000000000000e+00
5439        ,  3.011300000000000e+00,  2.951920382900121e+00,  3.490910799821139e+02
4661        ,  5.475600000000000e+00,  5.117391077148540e+00,  6.178941691832532e+02
5134        ,  2.371200000000000e+00,  2.220765519578553e+00,  2.583317423160424e+02
5729        ,  3.487600000000000e+00,  3.245334783055353e+00,  3.855130446788930e+02
3709        ,  2.167100000000000e+00,  1.769145706964069e+00,  2.022715051132726e+02
3853        ,  0.000000000000000e+00,  1.396517234460616e-01,  0.000000000000000e+00
3365        ,  8.793000000000000e-01,  1.198286464767282e+00,  1.314099006551361e+02
4734        ,  1.172500000000000e+00,  1.392469343466972e+00,  1.555141094089576e+02
3367        ,  2.085999999999997e-01,  3.937127822928397e-01,  3.153697606950484e+01
5375        ,  2.877700000000000e+00,  2.621512021460606e+00,  3.080770000000000e+02
5429        ,  3.010400000000000e+00,  2.820131735463720e+00,  3.327319597009504e+02
3119        ,  7.066900000000000e+00,  6.649777652561029e+00,  8.081115876942878e+02
3232        ,  9.213999999999998e-01,  9.154915433397479e-01,  9.630614760411727e+01
4451        ,  1.030000000000000e-01,  1.396517234460616e-01,  0.000000000000000e+00
4167        ,  1.737100000000000e+00,  1.638698993401115e+00,  1.860789610742371e+02
5109        ,  0.000000000000000e+00,  1.396517234460616e-01,  0.000000000000000e+00
4442        ,  8.890999999999998e-01,  6.636195570554382e-01,  6.504090435872305e+01
3209        ,  2.847000000000008e-01,  1.396517234460616e-01,  0.000000000000000e+00
4987        ,  2.826900000000000e+00,  2.705640220122731e+00,  3.185199580826791e+02
3658        ,  2.646900000000000e+00,  2.306194886168964e+00,  2.689362163036108e+02
5128        ,  4.194100000000000e+00,  4.061871834504788e+00,  4.868710000000000e+02
3810        ,  2.148500000000000e+00,  2.245617170015487e+00,  2.614166145458711e+02
5165        ,  7.931000000000000e-01,  5.812289533922256e-01,  5.481363652053840e+01
3801        ,  0.000000000000000e+00,  1.396517234460616e-01,  0.000000000000000e+00
4708        ,  4.946400000000000e+00,  4.476334051808641e+00,  5.383188097830351e+02
3568        ,  3.916600000000000e+00,  4.609774916801397e+00,  5.548830222801128e+02
3623        ,  2.059900000000000e+00,  2.053912646688200e+00,  2.376200477204347e+02
2981        ,  2.159200000000000e+00,  1.498514344133246e+00,  1.686776326324039e+02
3586        ,  2.156900000000000e+00,  2.179680035328857e+00,  2.532317402162790e+02
5702        ,  3.637999999999995e-01,  4.806556159714446e-01,  4.232931897157361e+01
3761        ,  3.577100000000000e+00,  2.965998759895419e+00,  3.508386498002257e+02
5376        ,  2.012700000000000e+00,  2.097723906264037e+00,  2.430584043544252e+02
4082        ,  2.931300000000000e+00,  2.302890451056252e+00,  2.685260318717822e+02
5459        ,  6.888000000000001e-01,  6.976572172070961e-01,  6.926604959954550e+01
4641        ,  4.323000000000001e-01,  4.172560119250089e-01,  3.445943208412911e+01
3275        ,  0.000000000000000e+00,  1.397522660530784e-01,  1.248050293833776e-02
3725        ,  0.000000000000000e+00,  1.396517234460616e-01,  0.000000000000000e+00
3197        ,  1.631300000000000e+00,  1.709322904189014e+00,  1.948456118729180e+02
3846        ,  4.541999999999993e-01,  6.588649269494286e-01,  6.445070507138165e+01
4243        ,  2.519600000000000e+00,  2.284230111596230e+00,  2.662096962567502e+02
3287        ,  5.146999999999995e-01,  5.004182863398088e-01,  4.478248855728527e+01
4663        ,  1.831000000000000e+00,  1.372193611877982e+00,  1.529972527729340e+02
4399        ,  4.730000000000034e-02,  1.396517234460616e-01,  0.000000000000000e+00
3666        ,  4.611900000000000e+00,  5.525892043148994e+00,  6.686020000000000e+02
3410        ,  2.838900000000000e+00,  2.610980430682646e+00,  3.067696980158000e+02
3101        ,  0.000000000000000e+00,  1.396517234460616e-01,  0.000000000000000e+00
3204        ,  3.863100000000000e+00,  3.546035249168021e+00,  4.228394395499911e+02
3489        ,  2.194900000000000e+00,  2.327780029899403e+00,  2.716156122109318e+02
4697        ,  9.560000000000013e-02,  1.396517234460616e-01,  0.000000000000000e+00
3529        ,  3.656900000000000e+00,  3.692446510645652e+00,  4.410136866010151e+02
5819        ,  0.000000000000000e+00,  1.396517234460616e-01,  0.000000000000000e+00
4996        ,  0.000000000000000e+00,  1.396517234460616e-01,  0.000000000000000e+00
3796        ,  3.416900000000000e+00,  2.863344304578459e+00,  3.380960000000000e+02
4679        ,  0.000000000000000e+00,  9.833047389222411e-01,  1.047239001553712e+02
3591        ,  1.393800000000000e+00,  1.373108426325548e+00,  1.531108100472046e+02
3790        ,  0.000000000000000e+00,  1.396517234460616e-01,  0.000000000000000e+00
3550        ,  2.619400000000000e+00,  1.864080905941686e+00,  2.140559521745454e+02
3677        ,  0.000000000000000e+00,  1.396517234460616e-01,  0.000000000000000e+00
3824        ,  2.338300000000000e+00,  2.300900368723197e+00,  2.682790000000001e+02
3305        ,  0.000000000000000e+00,  1.396517234460616e-01,  0.000000000000000e+00
5556        ,  1.465900000000000e+00,  1.503512187626060e+00,  1.692980223581944e+02
5555        ,  0.000000000000000e+00,  1.396517234460616e-01,  0.000000000000000e+00
3271        ,  0.000000000000000e+00,  1.396517234460616e-01,  0.000000000000000e+00
4810        ,  2.130700000000000e+00,  2.348673342207488e+00,  2.742091300576403e+02
4118        ,  3.832100000000000e+00,  3.803845699799294e+00,  4.548418331829729e+02
3276        ,  1.351600000000000e+00,  7.898385291192352e-01,  8.070865257469075e+01
3826        ,  3.180200000000001e+00,  3.399368721182574e+00,  4.046335058887293e+02
3785        ,  1.859500000000000e+00,  1.920478815129314e+00,  2.210567082939356e+02
3110        ,  0.000000000000000e+00,  1.396517234460616e-01,  0.000000000000000e+00
5313        ,  3.138300000000000e+00,  3.165056447670053e+00,  3.755479758350574e+02
4323        ,  0.000000000000000e+00,  1.396517234460616e-01,  0.000000000000000e+00
4127        ,  2.794999999999999e-01,  3.188399327346862e-01,  2.224289819905410e+01
4516        ,  0.000000000000000e+00,  1.396517234460616e-01,  0.000000000000000e+00
3384        ,  0.000000000000000e+00,  1.396517234460616e-01,  0.000000000000000e+00
4281        ,  2.025100000000000e+00,  1.666500473215426e+00,  1.895300000000000e+02
3345        ,  1.220300000000000e+00,  1.396517234460616e-01,  0.000000000000000e+00
3207        ,  0.000000000000000e+00,  1.396517234460616e-01,  0.000000000000000e+00
4979        ,  1.930300000000000e+00,  1.925887431855678e+00,  2.217280879104842e+02
4894        ,  4.453700000000000e+00,  4.776291719626125e+00,  5.755530000000000e+02
3292        ,  0.000000000000000e+00,  1.396517234460616e-01,  0.000000000000000e+00
3052        ,  4.224600000000000e+00,  4.216255570584592e+00,  5.060348821485265e+02
4213        ,  0.000000000000000e+00,  1.396517234460616e-01,  0.000000000000000e+00
3172        ,  0.000000000000000e+00,  1.396517234460616e-01,  0.000000000000000e+00
3043        ,  8.247000000000004e-01,  1.045650079937309e+00,  1.124629198090014e+02
3947        ,  5.163000000000002e-01,  5.159967029586396e-01,  4.671626051879292e+01
4634        ,  1.984300000000000e+00,  1.761546228179588e+00,  2.013281705398643e+02
5350        ,  5.800999999999998e-01,  6.170639373019930e-01,  5.926188622532687e+01
5760        ,  2.773000000000000e+00,  3.012177729073106e+00,  3.565709137389879e+02
3774        ,  7.475999999999998e-01,  8.265392646320181e-01,  8.526436931008345e+01
3752        ,  3.178199999999999e+00,  3.171151237819893e+00,  3.763045311764255e+02
4664        ,  1.383200000000000e+00,  1.991562810383876e+00,  2.298804700598814e+02
5619        ,  0.000000000000000e+00,  1.396517234460616e-01,  0.000000000000000e+00
3100        ,  1.347000000000000e+00,  1.375722534107979e+00,  1.534353031236007e+02
5526        ,  0.000000000000000e+00,  1.396517234460616e-01,  0.000000000000000e+00
3594        ,  6.517999999999999e-01,  8.276519487986752e-01,  8.540248844607409e+01
3802        ,  3.640600000000001e+00,  3.661138605384435e+00,  4.371273898836390e+02
5479        ,  1.344900000000000e+00,  1.065950761889876e+00,  1.149828735706632e+02
3619        ,  0.000000000000000e+00,  1.396517234460616e-01,  0.000000000000000e+00
4285        ,  0.000000000000000e+00,  1.396517234460616e-01,  0.000000000000000e+00
4250        ,  2.172900000000000e+00,  2.544843133794393e+00,  2.985599772552309e+02
5507        ,  2.815200000000000e+00,  3.084119936806960e+00,  3.655012066929278e+02
3730        ,  5.054000000000003e-01,  5.879597305501455e-01,  5.564913787254412e+01
3432        ,  0.000000000000000e+00,  1.396517234460616e-01,  0.000000000000000e+00
3113        ,  1.532700000000000e+00,  9.965694995867320e-01,  1.063704745715475e+02
3718        ,  0.000000000000000e+00,  1.396517234460616e-01,  0.000000000000000e+00
3638        ,  3.944000000000000e+00,  3.581131586826390e+00,  4.271960000000000e+02
3279        ,  0.000000000000000e+00,  1.396517234460616e-01,  0.000000000000000e+00
5896        ,  0.000000000000000e+00,  1.396517234460616e-01,  0.000000000000000e+00
4801        ,  3.595800000000000e+00,  3.291801281080773e+00,  3.912810000000000e+02
3558        ,  0.000000000000000e+00,  1.396517234460616e-01,  0.000000000000000e+00
4739        ,  2.321700000000000e+00,  1.954855682273248e+00,  2.253239598018365e+02
4610        ,  1.037200000000000e+00,  9.999948116869944e-01,  1.067956636431309e+02
3997        ,  2.932200000000000e+00,  2.702418168212750e+00,  3.181200000000001e+02
3090        ,  0.000000000000000e+00,  1.396517234460616e-01,  0.000000000000000e+00
5333        ,  4.202400000000000e+00,  3.502440832920691e+00,  4.174280000000000e+02
3445        ,  0.000000000000000e+00,  1.396517234460616e-01,  0.000000000000000e+00
5229        ,  4.162100000000001e+00,  4.602874478771910e+00,  5.540264606724706e+02
5025        ,  2.353300000000000e+00,  2.222332057122312e+00,  2.585261989449086e+02
3453        ,  2.586800000000000e+00,  2.409551843018205e+00,  2.817660686610207e+02
5123        ,  5.819999999999992e-02,  9.420635841101173e-01,  9.960457443779600e+01
4215        ,  2.252700000000000e+00,  1.923579199741360e+00,  2.214415636344596e+02
3596        ,  0.000000000000000e+00,  1.396517234460616e-01,  0.000000000000000e+00
5621        ,  2.851700000000000e+00,  3.249577552399069e+00,  3.860397059305957e+02
3040        ,  0.000000000000000e+00,  1.396517234460616e-01,  0.000000000000000e+00
4287        ,  1.774800000000000e+00,  1.824913630929245e+00,  2.091940602325772e+02
4851        ,  0.000000000000000e+00,  1.396517234460616e-01,  0.000000000000000e+00
3896        ,  5.040999999999999e+00,  4.342163337436912e+00,  5.216640000000000e+02
5918        ,  0.000000000000000e+00,  1.396517234460616e-01,  0.000000000000000e+00
4203        ,  1.323500000000000e+00,  1.502539386516087e+00,  1.691772671135109e+02
4291        ,  4.773200000000000e+00,  4.240609729355909e+00,  5.090580000000000e+02
3303        ,  0.000000000000000e+00,  1.396517234460616e-01,  0.000000000000000e+00
4702        ,  4.318700000000000e+00,  3.935079281318314e+00,  4.711320523085129e+02
4584        ,  0.000000000000000e+00,  1.396517234460616e-01,  0.000000000000000e+00
3633        ,  4.639500000000000e+00,  4.190341842595428e+00,  5.028181726568182e+02
4175        ,  6.012000000000000e-01,  4.788697631715597e-01,  4.210763841466625e+01
4340        ,  0.000000000000000e+00,  1.396517234460616e-01,  0.000000000000000e+00
5841        ,  3.369700000000000e+00,  3.346217243261095e+00,  3.980357340976598e+02
4275        ,  3.135000000000000e+00,  2.297023288402566e+00,  2.677977322691391e+02
3674        ,  4.303999999999999e-01,  3.367169361117894e-01,  2.446199714423395e+01
3607        ,  1.498500000000000e+00,  1.373695795776132e+00,  1.531837210883185e+02
5665        ,  1.656300000000000e+00,  1.420314708158052e+00,  1.589705958295658e+02
5145        ,  8.130000000000002e-01,  8.825755475747773e-01,  9.222023622731767e+01
3797        ,  5.508700000000000e+00,  5.157870983497680e+00,  6.229190000000001e+02
4482        ,  1.776600000000000e+00,  2.786603096377630e+00,  3.285700000000000e+02
3313        ,  3.882800000000000e+00,  3.559949871103813e+00,  4.245666822096777e+02
5121        ,  2.568900000000000e+00,  2.724250686142583e+00,  3.208301028336084e+02
3182        ,  0.000000000000000e+00,  1.396517234460616e-01,  0.000000000000000e+00
3672        ,  0.000000000000000e+00,  1.396517234460616e-01,  0.000000000000000e+00
4012        ,  0.000000000000000e+00,  1.396517234460616e-01,  0.000000000000000e+00
4704        ,  7.975000000000003e-01,  9.110434549283973e-01,  9.575399979201039e+01
4019        ,  1.387000000000000e-01,  1.396517234460616e-01,  0.000000000000000e+00
5747        ,  9.680999999999997e-01,  1.396517234460616e-01,  0.000000000000000e+00
3139        ,  1.653300000000000e+00,  1.612500373632040e+00,  1.828268875433240e+02
4534        ,  1.043000000000000e+00,  1.145269956763726e+00,  1.248288828801718e+02
5746        ,  1.736800000000000e+00,  2.383159456414178e+00,  2.784899425654812e+02
4326        ,  3.563700000000000e+00,  4.253450239286529e+00,  5.106519115433131e+02
5163        ,  8.546999999999993e-01,  1.034084557042817e+00,  1.110272742976014e+02
5312        ,  4.080400000000000e+00,  3.967645422987015e+00,  4.751745357774232e+02
5178        ,  1.411000000000000e+00,  7.902242249849758e-01,  8.075652957458668e+01
3001        ,  0.000000000000000e+00,  1.396517234460616e-01,  0.000000000000000e+00
3461        ,  1.653900000000000e+00,  1.667401797621247e+00,  1.896418827353797e+02
3914        ,  1.235300000000000e+00,  2.083643030111766e+00,  2.413105243122514e+02
3054        ,  2.297200000000000e+00,  1.432657745196712e+00,  1.605027553249254e+02
4514        ,  3.202900000000000e+00,  3.174483806668085e+00,  3.767182078905684e+02
3670        ,  5.524000000000000e+00,  5.331141308245568e+00,  6.444273024133387e+02
3961        ,  1.207400000000000e+00,  1.410304213551894e+00,  1.577279782860850e+02
4500        ,  0.000000000000000e+00,  1.396517234460616e-01,  0.000000000000000e+00
5607        ,  9.406000000000001e-01,  5.796977191103220e-01,  5.462356213792976e+01
3685        ,  3.286000000000000e+00,  2.899632976815437e+00,  3.426005667097762e+02
4208        ,  9.359000000000002e-01,  6.986843931025363e-01,  6.939355446700024e+01
5271        ,  0.000000000000000e+00,  1.396517234460616e-01,  0.000000000000000e+00
5671        ,  3.270300000000000e+00,  2.442931874034405e+00,  2.859095814218334e+02
4172        ,  2.572000000000000e+00,  1.891475491462010e+00,  2.174564827080716e+02
4546        ,  3.642200000000000e+00,  4.862426193495875e+00,  5.862449999999999e+02
5822        ,  0.000000000000000e+00,  1.396517234460616e-01,  0.000000000000000e+00
3252        ,  4.925999999999999e-01,  2.866982722598817e-01,  1.825310621035196e+01
4655        ,  5.565700000000001e+00,  5.313253102747201e+00,  6.422068129322307e+02
5883        ,  5.354999999999999e-01,  6.126112788111685e-01,  5.870917112247634e+01
3419        ,  4.336800000000000e+00,  3.926223612717720e+00,  4.700327850299930e+02
3544        ,  0.000000000000000e+00,  1.396517234460616e-01,  0.000000000000000e+00
5684        ,  4.439300000000000e+00,  5.261462752997412e+00,  6.357780000000001e+02
3011        ,  0.000000000000000e+00,  1.396517234460616e-01,  0.000000000000000e+00
3524        ,  1.959900000000000e+00,  1.692294363222242e+00,  1.927318338252104e+02
4360        ,  1.576000000000000e-01,  3.367006962858631e-01,  2.445998127055407e+01
4026        ,  2.560600000000000e+00,  2.444900903742072e+00,  2.861540000000000e+02
5480        ,  2.703000000000000e+00,  2.164687311930467e+00,  2.513706712229514e+02
5208        ,  0.000000000000000e+00,  1.396517234460616e-01,  0.000000000000000e+00
5334        ,  2.209999999999979e-02,  1.396517234460616e-01,  0.000000000000000e+00
3360        ,  4.618000000000002e-01,  1.396517234460616e-01,  0.000000000000000e+00
3285        ,  0.000000000000000e+00,  1.396517234460616e-01,  0.000000000000000e+00
5246        ,  1.909999999999989e-02,  1.396517234460616e-01,  0.000000000000000e+00
4506        ,  1.594500000000000e+00,  1.768643042328800e+00,  2.022091086065217e+02
4336        ,  0.000000000000000e+00,  1.396517234460616e-01,  0.000000000000000e+00
3829        ,  0.000000000000000e+00,  1.396517234460616e-01,  0.000000000000000e+00
4345        ,  1.651000000000000e+00,  1.357359545883752e+00,  1.511558781585127e+02
3021        ,  0.000000000000000e+00,  1.396517234460616e-01,  0.000000000000000e+00
3580        ,  1.859800000000000e+00,  1.502731207439812e+00,  1.692010781292904e+02
4284        ,  2.943400000000000e+00,  2.812084847713433e+00,  3.317330875889994e+02
5632        ,  2.338000000000005e-01,  1.396517234460616e-01,  0.000000000000000e+00
4033        ,  5.497999999999998e-01,  8.760257772355425e-01,  9.140720352019284e+01
5362        ,  1.485500000000000e+00,  1.137007991876997e+00,  1.238033129242622e+02
3554        ,  3.720300000000000e+00,  3.523587657399319e+00,  4.200529866884586e+02
3758        ,  0.000000000000000e+00,  1.396517234460616e-01,  0.000000000000000e+00
3349        ,  2.150700000000000e+00,  1.096492855173845e+00,  1.187741089114165e+02
4688        ,  2.151000000000000e+00,  2.272260960874883e+00,  2.647239478245237e+02
5215        ,  1.232400000000000e+00,  1.122549425304210e+00,  1.220085496099822e+02
4896        ,  0.000000000000000e+00,  1.396517234460616e-01,  0.000000000000000e+00
5805        ,  3.861999999999999e-01,  5.664021264890816e-01,  5.297316050523082e+01
4220        ,  1.188700000000000e+00,  1.219909719203044e+00,  1.340940273008363e+02
4868        ,  0.000000000000000e+00,  1.451703954311946e-01,  6.850409390584686e-01
5435        ,  2.611900000000000e+00,  2.783278815297387e+00,  3.281573520587853e+02
5916        ,  9.017999999999997e-01,  1.074029346199425e+00,  1.159856802235293e+02
4232        ,  0.000000000000000e+00,  5.940400228757313e-01,  5.640389357748369e+01
5330        ,  5.059900000000001e+00,  4.651467833976225e+00,  5.600584259298447e+02
3781        ,  1.123700000000000e+00,  1.233856915607575e+00,  1.358253134776432e+02
3926        ,  7.533000000000000e-01,  6.756725528598488e-01,  6.653706060547312e+01
4426        ,  3.982600000000000e+00,  3.902917370485066e+00,  4.671397466127810e+02
3817        ,  2.727700000000000e+00,  2.809635294517458e+00,  3.314290209174949e+02
4074        ,  2.853600000000000e+00,  4.174059328248724e+00,  5.007970000000000e+02
5511        ,  1.303200000000000e+00,  1.385149947999524e+00,  1.546055419931248e+02
4405        ,  3.958000000000000e+00,  3.858113117927410e+00,  4.615781282871051e+02
3184        ,  0.000000000000000e+00,  1.396517234460616e-01,  0.000000000000000e+00
4294        ,  1.687000000000000e+00,  1.534579853194186e+00,  1.731544977661327e+02
4495        ,  0.000000000000000e+00,  1.396517234460616e-01,  0.000000000000000e+00
3188        ,  8.198000000000000e-01,  6.838660525340478e-01,  6.755413187300076e+01
4125        ,  1.822700000000000e+00,  1.591486968765575e+00,  1.802184624292170e+02
4076        ,  3.507100000000000e+00,  3.185940631039132e+00,  3.781403604930267e+02
3597        ,  2.477700000000000e+00,  2.161463007942605e+00,  2.509704335865045e+02
3438        ,  1.828700000000000e+00,  1.873041500691985e+00,  2.151682440916595e+02
4123        ,  0.000000000000000e+00,  1.396517234460616e-01,  0.000000000000000e+00
4731        ,  1.348900000000000e+00,  1.296009634359263e+00,  1.435404226440141e+02
4475        ,  4.044100000000000e+00,  3.944120218497727e+00,  4.722543172505204e+02
4579        ,  0.000000000000000e+00,  1.396517234460616e-01,  0.000000000000000e+00
3063        ,  4.020500000000000e+00,  4.033539746705215e+00,  4.833540959180049e+02
5403        ,  1.062500000000000e+00,  5.702973700468682e-01,  5.345668286566031e+01
4856        ,  4.825800000000000e+00,  3.786970573736079e+00,  4.527470987547957e+02
4602        ,  3.186700000000000e+00,  3.131331771666785e+00,  3.713616817808069e+02
4374        ,  4.502000000000002e-01,  1.396517234460616e-01,  0.000000000000000e+00
2990        ,  0.000000000000000e+00,  1.396517234460616e-01,  0.000000000000000e+00
3430        ,  0.000000000000000e+00,  1.396517234460616e-01,  0.000000000000000e+00
5588        ,  0.000000000000000e+00,  1.396517234460616e-01,  0.000000000000000e+00
4880        ,  0.000000000000000e+00,  1.396517234460616e-01,  0.000000000000000e+00
5514        ,  0.000000000000000e+00,  1.396517234460616e-01,  0.000000000000000e+00
3496        ,  4.153700000000000e+00,  3.832179904185450e+00,  4.583590000000000e+02
5148        ,  0.000000000000000e+00,  1.396517234460616e-01,  0.000000000000000e+00
3509        ,  0.000000000000000e+00,  1.396517234460616e-01,  0.000000000000000e+00
3237        ,  9.591000000000000e-01,  9.212699503930065e-01,  9.702342984243298e+01
3959        ,  2.491400000000000e+00,  2.037174992286988e+00,  2.355423778535661e+02
3070        ,  9.367000000000001e-01,  9.340388614841136e-01,  9.860845371559860e+01
5144        ,  1.861700000000000e+00,  1.122261675888585e+00,  1.219728308482177e+02
4270        ,  7.806999999999999e-01,  9.588600635946054e-01,  1.016895463495036e+02
3754        ,  7.879000000000000e-01,  8.880908900775334e-01,  9.290486387279026e+01
4804        ,  4.575000000000000e-01,  4.659124832148857e-01,  4.049923203482058e+01
4119        ,  3.041100000000000e+00,  2.507286366297941e+00,  2.938980000000000e+02
3816        ,  3.645000000000000e+00,  3.170401857411205e+00,  3.762115094747801e+02
4193        ,  4.166600000000000e+00,  3.864081561174248e+00,  4.623190000000001e+02
3039        ,  1.061300000000000e+00,  1.272321580743135e+00,  1.405999894134514e+02
4671        ,  1.044100000000000e+00,  8.248007486066354e-01,  8.504856473720710e+01
4489        ,  1.591999999999998e-01,  4.033712716465850e-01,  3.273589867889353e+01
3657        ,  7.258000000000000e-01,  7.330122338676284e-01,  7.365472025777727e+01
4703        ,  0.000000000000000e+00,  1.396517234460616e-01,  0.000000000000000e+00
3864        ,  2.564400000000000e+00,  2.392174553996699e+00,  2.796090000000000e+02
4337        ,  0.000000000000000e+00,  1.396517234460616e-01,  0.000000000000000e+00
5030        ,  2.814400000000000e+00,  2.555227467494995e+00,  2.998490000000000e+02
3401        ,  2.284600000000000e+00,  1.971870223169299e+00,  2.274360000000000e+02
4395        ,  9.707000000000000e-01,  5.143615442860929e-01,  4.651328584742839e+01
3783        ,  2.028500000000000e+00,  1.423105152606624e+00,  1.593169778378805e+02
3244        ,  0.000000000000000e+00,  1.396517234460616e-01,  0.000000000000000e+00
4783        ,  0.000000000000000e+00,  1.396517234460616e-01,  0.000000000000000e+00
4549        ,  4.942399999999999e+00,  4.752808555453815e+00,  5.726380000000000e+02
3948        ,  2.504600000000000e+00,  3.169818721803079e+00,  3.761391239868104e+02
3014        ,  1.998000000000002e-01,  1.396517234460616e-01,  0.000000000000000e+00
4713        ,  3.813500000000000e+00,  4.824410052250893e+00,  5.815260000000000e+02
5828        ,  3.484800000000000e+00,  2.911671237877868e+00,  3.440948939111491e+02
3302        ,  1.491900000000000e+00,  1.352978077586639e+00,  1.506120000000000e+02
4858        ,  3.400500000000000e+00,  3.347603242820007e+00,  3.982077802786848e+02
5817        ,  3.843800000000000e+00,  3.930973791531802e+00,  4.706224317718651e+02
4024        ,  4.102000000000000e+00,  4.178837702396528e+00,  5.013901466704676e+02
3491        ,  8.259000000000001e-01,  9.545546347874874e-01,  1.011551070856693e+02
3791        ,  2.952400000000000e+00,  2.427047183340692e+00,  2.839377912051311e+02
5408        ,  2.319000000000000e+00,  1.588549331102307e+00,  1.798538091088386e+02
5318        ,  2.948200000000000e+00,  2.868274887941559e+00,  3.387080406261259e+02
5280        ,  9.822000000000002e-01,  2.412243797742311e-01,  1.260836448717392e+01
3825        ,  1.613500000000001e+00,  1.588694118570669e+00,  1.798717817920417e+02
5053        ,  0.000000000000000e+00,  1.396517234460616e-01,  0.000000000000000e+00
3762        ,  3.050900000000000e+00,  3.171151237819893e+00,  3.763045311764255e+02
3250        ,  1.199900000000000e+00,  1.396517234460616e-01,  0.000000000000000e+00
3012        ,  0.000000000000000e+00,  1.396517234460616e-01,  0.000000000000000e+00
5063        ,  0.000000000000000e+00,  1.396517234460616e-01,  0.000000000000000e+00
3895        ,  0.000000000000000e+00,  1.592994245672198e-01,  2.438898282528386e+00
4129        ,  2.116100000000000e+00,  2.053405600046486e+00,  2.375571072687242e+02
4917        ,  2.182400000000000e+00,  2.036503991161124e+00,  2.354590854885535e+02
5320        ,  0.000000000000000e+00,  1.396517234460616e-01,  0.000000000000000e+00
5692        ,  2.643300000000000e+00,  2.384768138126444e+00,  2.786896306124942e+02
3460        ,  0.000000000000000e+00,  1.396517234460616e-01,  0.000000000000000e+00
4414        ,  0.000000000000000e+00,  1.396517234460616e-01,  0.000000000000000e+00
3363        ,  3.151200000000000e+00,  2.719054896721937e+00,  3.201851417861937e+02
3025        ,  0.000000000000000e+00,  1.396517234460616e-01,  0.000000000000000e+00
3704        ,  2.006600000000000e+00,  2.352273533387506e+00,  2.746560271287823e+02
5803        ,  2.048100000000000e+00,  2.131923118367249e+00,  2.473036032786152e+02
3042        ,  0.000000000000000e+00,  1.396517234460616e-01,  0.000000000000000e+00
4312        ,  5.035999999999996e-01,  4.645554464400802e-01,  4.033078104714566e+01
4974        ,  1.457600000000000e+00,  1.296611142347017e+00,  1.436150887227178e+02
3753        ,  0.000000000000000e+00,  1.396517234460616e-01,  0.000000000000000e+00
5374        ,  2.020000000000000e+00,  1.912092404344032e+00,  2.200156906840548e+02
5835        ,  0.000000000000000e+00,  1.396517234460616e-01,  0.000000000000000e+00
5614        ,  1.138500000000000e+00,  1.190170521484454e+00,  1.304024565775044e+02
4087        ,  0.000000000000000e+00,  1.396517234460616e-01,  0.000000000000000e+00
5415        ,  1.726200000000000e+00,  1.705280675429332e+00,  1.943438440213621e+02
5656        ,  2.185500000000000e+00,  2.255151960580894e+00,  2.626001822411877e+02
5560        ,  3.030600000000000e+00,  2.533714962605995e+00,  2.971786208598082e+02
4422        ,  4.267999999999996e-01,  6.760392936536563e-01,  6.658258468417498e+01
3253        ,  0.000000000000000e+00,  1.396517234460616e-01,  0.000000000000000e+00
4474        ,  1.164100000000000e+00,  9.602804819154429e-01,  1.018658649824979e+02
5360        ,  2.079200000000000e+00,  1.260197425177554e+00,  1.390950000000000e+02
4604        ,  2.293100000000000e+00,  2.535380963437290e+00,  2.973854240140846e+02
4693        ,  4.030700000000000e+00,  3.662569427861680e+00,  4.373050000000000e+02
5703        ,  3.516900000000001e+00,  3.241058455262432e+00,  3.849822177671148e+02
3813        ,  0.000000000000000e+00,  1.396517234460616e-01,  0.000000000000000e+00
5209        ,  1.572700000000000e+00,  1.223457106178743e+00,  1.345343697077745e+02
5328        ,  0.000000000000000e+00,  1.396517234460616e-01,  0.000000000000000e+00
3161        ,  0.000000000000000e+00,  1.396517234460616e-01,  0.000000000000000e+00
3977        ,  3.184500000000000e+00,  3.210754585732270e+00,  3.812205534942658e+02
5496        ,  2.170000000000000e+00,  2.253318354636480e+00,  2.623725740156203e+02
5233        ,  6.469999999999976e-02,  1.396517234460616e-01,  0.000000000000000e+00
3077        ,  2.134800000000000e+00,  1.825302388001329e+00,  2.092423172245570e+02
3239        ,  9.895999999999999e-01,  1.272975777838298e+00,  1.406811958692088e+02
3652        ,  1.815100000000000e+00,  1.671597640077966e+00,  1.901627188829954e+02
3332        ,  0.000000000000000e+00,  1.396517234460616e-01,  0.000000000000000e+00
5833        ,  5.220599999999999e+00,  5.616231809256952e+00,  6.798160091630082e+02
2997        ,  0.000000000000000e+00,  1.396517234460616e-01,  0.000000000000000e+00
5700        ,  2.603800000000000e+00,  2.133489556895745e+00,  2.474980476165699e+02
3412        ,  4.977500000000000e+00,  5.003386373622471e+00,  6.037425962376293e+02
4657        ,  7.240000000000002e-01,  5.443410805967414e-01,  5.023469015667348e+01
5471        ,  2.481200000000000e+00,  2.041548509347931e+00,  2.360852690133393e+02
4615        ,  0.000000000000000e+00,  1.396517234460616e-01,  0.000000000000000e+00
5698        ,  2.943900000000000e+00,  2.970872290164205e+00,  3.514436083411307e+02
4055        ,  1.163999999999996e-01,  3.075947785862542e-01,  2.084702053528795e+01
5843        ,  9.450000000000003e-02,  9.876308638741491e-01,  1.052609084623557e+02
3429        ,  4.021700000000000e+00,  3.570320469735742e+00,  4.258539999999999e+02
3238        ,  0.000000000000000e+00,  1.396517234460616e-01,  0.000000000000000e+00
3757        ,  1.403600000000000e+00,  1.351256923797519e+00,  1.503983506272634e+02
5882        ,  0.000000000000000e+00,  1.396517234460616e-01,  0.000000000000000e+00
5695        ,  2.888000000000000e+00,  2.023276926959993e+00,  2.338171903902871e+02
4715        ,  0.000000000000000e+00,  1.396517234460616e-01,  0.000000000000000e+00
3782        ,  1.082200000000000e+00,  6.934404028934211e-01,  6.874261018421930e+01
5548        ,  0.000000000000000e+00,  1.396517234460616e-01,  0.000000000000000e+00
3230        ,  0.000000000000000e+00,  1.396517234460616e-01,  0.000000000000000e+00
3651        ,  2.001500000000000e+00,  2.003812200140596e+00,  2.314010049792321e+02
4769        ,  1.221900000000000e+00,  1.328568051417200e+00,  1.475819472455326e+02
5682        ,  3.568200000000000e+00,  3.191488292993778e+00,  3.788290000000000e+02
4131        ,  8.060000000000000e-01,  5.370148891258993e-01,  4.932527914285929e+01
3745        ,  2.101100000000000e+00,  1.176691482457627e+00,  1.287292834703840e+02
3293        ,  2.504400000000000e+00,  2.824968819756999e+00,  3.333323941488574e+02
5240        ,  1.568900000000000e+00,  1.134393472686618e+00,  1.234787687791873e+02
4029        ,  2.932100000000001e+00,  2.730543401779948e+00,  3.216112269593149e+02
3226        ,  0.000000000000000e+00,  1.396517234460616e-01,  0.000000000000000e+00
4324        ,  0.000000000000000e+00,  1.731500507593332e-01,  4.158197055630678e+00
4839        ,  2.247100000000000e+00,  1.963797094931175e+00,  2.264338706173726e+02
3316        ,  0.000000000000000e+00,  1.396517234460616e-01,  0.000000000000000e+00
3455        ,  0.000000000000000e+00,  1.396517234460616e-01,  0.000000000000000e+00
3479        ,  2.809000000000000e+00,  2.601261503880552e+00,  3.055632732163043e+02
3194        ,  0.000000000000000e+00,  1.396517234460616e-01,  0.000000000000000e+00
5373        ,  3.522100000000000e+00,  3.163792987185781e+00,  3.753911406111230e+02
3324        ,  2.361700000000000e+00,  2.296391186558864e+00,  2.677192685297184e+02
5728        ,  3.545400000000000e+00,  3.856549225496337e+00,  4.613840000000000e+02
5687        ,  3.023600000000000e+00,  2.933940368316246e+00,  3.468591941030465e+02
5254        ,  4.435099999999999e+00,  6.184727005080808e+00,  7.503841610384122e+02
3620        ,  9.683000000000000e-01,  1.279905429621172e+00,  1.415413838233899e+02
4550        ,  0.000000000000000e+00,  1.396517234460616e-01,  0.000000000000000e+00
3353        ,  1.561700000000000e+00,  1.443440412985795e+00,  1.618412238709249e+02
4091        ,  5.020000000000000e-01,  6.406300534790244e-01,  6.218718318071123e+01
3179        ,  0.000000000000000e+00,  1.396517234460616e-01,  0.000000000000000e+00
4225        ,  6.553999999999998e-01,  3.594378623843202e-01,  2.728237942314876e+01
5741        ,  1.094500000000000e+00,  1.158466924644671e+00,  1.264670420775732e+02
4755        ,  2.301300000000000e+00,  2.341280211924525e+00,  2.732914098297908e+02
5482        ,  9.074999999999998e-01,  9.602609319640782e-01,  1.018634382180376e+02
3710        ,  3.456000000000000e+00,  3.320948033575648e+00,  3.948990296189705e+02
5212        ,  0.000000000000000e+00,  1.396517234460616e-01,  0.000000000000000e+00
4147        ,  2.493800000000000e+00,  2.450639238749698e+00,  2.868663080358546e+02
5595        ,  1.449800000000000e+00,  1.400735105942828e+00,  1.565401507652385e+02
4109        ,  3.027700000000000e+00,  2.900993206457146e+00,  3.427694140327557e+02
4239        ,  4.587000000000003e-01,  5.694226666346797e-01,  5.334810463370568e+01
4805        ,  8.720000000000001e-01,  6.889159855776745e-01,  6.818098755199526e+01
4065        ,  0.000000000000000e+00,  1.396517234460616e-01,  0.000000000000000e+00
4072        ,  9.394999999999998e-01,  9.565275211621028e-01,  1.014000043976246e+02
5492        ,  0.000000000000000e+00,  1.396517234460616e-01,  0.000000000000000e+00
5813        ,  4.605999999999999e-01,  1.396517234460616e-01,  0.000000000000000e+00
5501        ,  0.000000000000000e+00,  1.396517234460616e-01,  0.000000000000000e+00
5626        ,  2.421200000000000e+00,  2.454798769975823e+00,  2.873826368165585e+02
4412        ,  0.000000000000000e+00,  1.396517234460616e-01,  0.000000000000000e+00
4100        ,  0.000000000000000e+00,  1.396517234460616e-01,  0.000000000000000e+00
4901        ,  1.536700000000000e+00,  1.632910522856408e+00,  1.853604296398013e+02
3917        ,  4.013700000000000e+00,  3.910837341626536e+00,  4.681228643778310e+02
4190        ,  0.000000000000000e+00,  1.396517234460616e-01,  0.000000000000000e+00
3963        ,  0.000000000000000e+00,  1.396517234460616e-01,  0.000000000000000e+00
5146        ,  3.059299999999999e+00,  3.205681561702808e+00,  3.805908314969500e+02
3834        ,  0.000000000000000e+00,  1.396517234460616e-01,  0.000000000000000e+00
5337        ,  8.550000000000000e-01,  1.006630623750089e+00,  1.076193768370594e+02
4310        ,  1.386300000000000e+00,  1.355104854719225e+00,  1.508760000000000e+02
5629        ,  8.353000000000002e-01,  8.721492141943826e-01,  9.092600000000000e+01
3775        ,  7.872000000000000e-01,  9.770738901374079e-01,  1.039504556538331e+02
3146        ,  0.000000000000000e+00,  1.396517234460616e-01,  0.000000000000000e+00
4918        ,  1.971800000000000e+00,  1.720282048353822e+00,  1.962059866931939e+02
3936        ,  7.376000000000000e-01,  9.056716250088310e-01,  9.508718657635350e+01
5518        ,  0.000000000000000e+00,  1.396517234460616e-01,  0.000000000000000e+00
4299        ,  3.159100000000000e+00,  2.573076616154478e+00,  3.020646412977663e+02
4645        ,  3.145100000000000e+00,  2.565772605451641e+00,  3.011579836155841e+02
3330        ,  0.000000000000000e+00,  1.396517234460616e-01,  0.000000000000000e+00
4411        ,  0.000000000000000e+00,  1.396517234460616e-01,  0.000000000000000e+00
4587        ,  0.000000000000000e+00,  1.396517234460616e-01,  0.000000000000000e+00
4357        ,  2.144500000000000e+00,  1.396517234460616e-01,  0.000000000000000e+00
5777        ,  6.503000000000001e-01,  8.017247906502853e-01,  8.218411184878074e+01
5478        ,  5.165000000000000e+00,  4.945104654525174e+00,  5.965079999999999e+02
4094        ,  1.604600000000000e+00,  1.333524691815348e+00,  1.481972223700680e+02
4037        ,  1.423100000000000e+00,  1.217480705798339e+00,  1.337925102640877e+02
4780        ,  3.433200000000000e+00,  3.519991654482543e+00,  4.196066095126452e+02
4269        ,  0.000000000000000e+00,  1.396517234460616e-01,  0.000000000000000e+00
4192        ,  2.623400000000000e+00,  2.564191470967511e+00,  3.009617150468588e+02
3151        ,  1.532600000000000e+00,  1.243320443264413e+00,  1.370000352024188e+02
4437        ,  0.000000000000000e+00,  1.396517234460616e-01,  0.000000000000000e+00
3656        ,  2.389100000000000e+00,  2.088976872142152e+00,  2.419726220348789e+02
5062        ,  4.345800000000000e+00,  4.315844470421155e+00,  5.183969999999999e+02
5012        ,  0.000000000000000e+00,  1.396517234460616e-01,  0.000000000000000e+00
4716        ,  3.336500000000000e+00,  3.278962269790600e+00,  3.896872744851486e+02
4389        ,  1.188300000000000e+00,  1.293774281194781e+00,  1.432629449401300e+02
3210        ,  7.141999999999999e-01,  7.264423086608316e-01,  7.283918569704736e+01
4990        ,  3.729400000000000e+00,  3.362350661752571e+00,  4.000383992648228e+02
3051        ,  3.296900000000000e+00,  3.549353155199567e+00,  4.232512961469553e+02
4912        ,  0.000000000000000e+00,  1.396517234460616e-01,  0.000000000000000e+00
3369        ,  0.000000000000000e+00,  1.396517234460616e-01,  0.000000000000000e+00
3466        ,  8.565000000000000e-01,  1.098372700226356e+00,  1.190074568660559e+02
3673        ,  0.000000000000000e+00,  1.396517234460616e-01,  0.000000000000000e+00
3630        ,  3.936000000000000e+00,  3.733196151806322e+00,  4.460720000000000e+02
3988        ,  1.247000000000000e+00,  1.292805604671439e+00,  1.431427016865026e+02
5274        ,  2.598400000000000e+00,  4.851349229263655e+00,  5.848700000000000e+02
4104        ,  3.053999999999999e+00,  3.067040215080299e+00,  3.633810755015816e+02
5253        ,  4.834600000000000e+00,  4.811928594284963e+00,  5.799766581096260e+02
3094        ,  0.000000000000000e+00,  1.396517234460616e-01,  0.000000000000000e+00
5311        ,  0.000000000000000e+00,  1.396517234460616e-01,  0.000000000000000e+00
5039        ,  8.927999999999998e-01,  1.396517234460616e-01,  0.000000000000000e+00
3787        ,  0.000000000000000e+00,  1.396517234460616e-01,  0.000000000000000e+00
3613        ,  5.574700000000000e+00,  5.478063837300519e+00,  6.626650138670705e+02
3295        ,  0.000000000000000e+00,  1.396517234460616e-01,  0.000000000000000e+00
4347        ,  3.522500000000000e+00,  3.937972644295910e+00,  4.714912097464888e+02
3348        ,  0.000000000000000e+00,  1.396517234460616e-01,  0.000000000000000e+00
4407        ,  3.911400000000000e+00,  3.259190698381114e+00,  3.872329999999999e+02
5070        ,  2.822200000000000e+00,  2.529730202617137e+00,  2.966839866920149e+02
4605        ,  8.457000000000000e-01,  7.009197462670180e-01,  6.967103217088429e+01
3548        ,  0.000000000000000e+00,  1.396517234460616e-01,  0.000000000000000e+00
3484        ,  1.768600000000000e+00,  2.093142653999190e+00,  2.424897267156692e+02
4910        ,  0.000000000000000e+00,  1.396517234460616e-01,  0.000000000000000e+00
5542        ,  4.253000000000000e-01,  1.396517234460616e-01,  0.000000000000000e+00
3732        ,  0.000000000000000e+00,  1.396517234460616e-01,  0.000000000000000e+00
4464        ,  2.394400000000000e+00,  2.016959624538632e+00,  2.330330142706148e+02
3440        ,  2.282500000000000e+00,  2.578130458091568e+00,  3.026919821935042e+02
4866        ,  4.522399999999999e+00,  3.907503260964554e+00,  4.677090000000000e+02
3322        ,  0.000000000000000e+00,  1.396517234460616e-01,  0.000000000000000e+00
3256        ,  1.546800000000000e+00,  5.658266637179046e-01,  5.290172745789221e+01
4231        ,  3.127200000000000e+00,  3.261662580082873e+00,  3.875398383420460e+02
5198        ,  3.256600000000000e+00,  3.196351391972797e+00,  3.794326636894340e+02
3940        ,  2.413200000000000e+00,  2.075759131691304e+00,  2.403318843075646e+02
4920        ,  3.948700000000000e+00,  3.682686489149605e+00,  4.398021606562054e+02
4925        ,  4.453400000000000e+00,  4.969385360122203e+00,  5.995219999999999e+02
5137        ,  3.959000000000001e-01,  5.632991695112295e-01,  5.258798585312389e+01
3038        ,  0.000000000000000e+00,  1.396517234460616e-01,  0.000000000000000e+00
4382        ,  1.551700000000000e+00,  1.589693223210790e+00,  1.799958021329371e+02
3812        ,  9.600000000000053e-03,  1.396517234460616e-01,  0.000000000000000e+00
5842        ,  5.800000000000005e-02,  1.396517234460616e-01,  0.000000000000000e+00
3141        ,  3.993400000000000e+00,  3.895530986115474e+00,  4.662228637651641e+02
3939        ,  0.000000000000000e+00,  1.396517234460616e-01,  0.000000000000000e+00
4383        ,  5.411300000000000e+00,  4.857818176375272e+00,  5.856730000000000e+02
3396        ,  2.201400000000000e+00,  2.370692173144122e+00,  2.769423602011306e+02
4011        ,  0.000000000000000e+00,  1.396517234460616e-01,  0.000000000000000e+00
3624        ,  1.820700000000000e+00,  1.696805349615448e+00,  1.932917892570982e+02
5603        ,  1.377800000000001e+00,  1.626816523731125e+00,  1.846039724894848e+02
3267        ,  2.079300000000000e+00,  8.877892622564831e-01,  9.286742236397527e+01
5256        ,  1.496700000000000e+00,  1.521911484710096e+00,  1.715819543959055e+02
4496        ,  1.123700000000000e+00,  5.058608853489817e-01,  4.545808644500293e+01
5524        ,  0.000000000000000e+00,  1.396517234460616e-01,  0.000000000000000e+00
5810        ,  1.667300000000000e+00,  1.796996057507477e+00,  2.057286104351255e+02
4773        ,  2.457200000000000e+00,  2.046218807095968e+00,  2.366650000000000e+02
4813        ,  4.401000000000000e+00,  3.961220061445288e+00,  4.743769461188618e+02
4227        ,  4.606999999999999e-01,  1.061040931247232e+00,  1.143734090105090e+02
5086        ,  4.665000000000000e+00,  4.134616585446999e+00,  4.959009138327616e+02
3760        ,  3.901500000000000e+00,  3.667719341874379e+00,  4.379442664649818e+02
4553        ,  3.322600000000000e+00,  3.316282948710644e+00,  3.943199457152126e+02
4307        ,  0.000000000000000e+00,  1.396517234460616e-01,  0.000000000000000e+00
3411        ,  0.000000000000000e+00,  1.396517234460616e-01,  0.000000000000000e+00
3019        ,  3.700100000000000e+00,  2.620602168216720e+00,  3.079640585673009e+02
3736        ,  4.481999999999999e-01,  6.767332164906381e-01,  6.666872235518726e+01
5317        ,  4.574800000000001e+00,  4.268956702138683e+00,  5.125767517770379e+02
3449        ,  5.802000000000000e-01,  6.897973297063317e-01,  6.829039010593495e+01
4770        ,  2.630999999999999e-01,  8.031770727516359e-01,  8.236438578011189e+01
5394        ,  6.362999999999999e-01,  1.386606457387257e+00,  1.547863406637848e+02
3622        ,  0.000000000000000e+00,  1.396517234460616e-01,  0.000000000000000e+00
4439        ,  0.000000000000000e+00,  1.396517234460616e-01,  0.000000000000000e+00
3560        ,  1.123000000000000e+00,  3.578591594891274e-01,  2.708641269116494e+01
4365        ,  4.376200000000001e+00,  4.751390704032091e+00,  5.724620000000000e+02
5697        ,  1.888100000000000e+00,  1.418023043160013e+00,  1.586861280542580e+02
5184        ,  1.397900000000000e+00,  1.450555916186463e+00,  1.627244818372601e+02
5874        ,  4.438800000000000e+00,  4.799509036656859e+00,  5.784349999999999e+02
3534        ,  0.000000000000000e+00,  5.821397369260600e-01,  5.492669343150860e+01
4965        ,  2.943700000000000e+00,  2.751418922972912e+00,  3.242025363685148e+02
5122        ,  0.000000000000000e+00,  1.396517234460616e-01,  0.000000000000000e+00
5199        ,  0.000000000000000e+00,  1.424480184726850e-01,  3.471082492460259e-01
5599        ,  1.938499999999999e+00,  2.082032114119345e+00,  2.411105589207287e+02
4563        ,  0.000000000000000e+00,  1.396517234460616e-01,  0.000000000000000e+00
5191        ,  2.255300000000000e+00,  2.174268513620444e+00,  2.525600000000000e+02
