0             12|30|div
1             48|17|div
2             30|12|div
3             236|201|div
4             64|28|div
5             20|17|div
6             191|196|div
7             23|17|div
8             205|201|div
9             22|17|div
10            12|7|div
11            191|200|div
12            41|17|div
13            7|53|div
14            25|17|div
15            16|29|div
16            200|191|div
17            129|53|div
18            112|17|div
19            86|17|div
20            87|17|div
21            84|17|div
22            213|200|div
23            85|17|div
24            7|13|div
25            89|17|div
26            13|30|div
27            124|12|div
28            50|17|div
29            129|16|div
30            144|17|div
31            53|7|div
32            124|53|div
33            124|17|div
34            123|12|div
35            156|9|mult
36            129|12|div
37            214|197|div
38            13|7|div
39            58|123|div
40            60|17|div
41            123|58|div
42            34|17|div
43            124|16|div
44            244|196|div
45            28|63|div
46            124|25|mult
47            105|17|div
48            118|40|div
49            147|17|div
50            223|201|div
51            9|cbrt
52            105|58|div
53            17|52|div
54            64|17|div
55            12|94|div
56            129|13|div
57            42|12|div
58            12|123|div
59            164|53|div
60            213|237|div
61            226|200|div
62            244|237|div
63            117|17|div
64            156|40|mult
65            243|196|div
66            182|17|div
67            129|134|div
68            114|58|div
69            83|17|div
70            78|12|div
71            129|133|div
72            129|4|div
73            63|28|div
74            9|sqrt
75            12|124|div
76            123|16|div
77            12|59|div
78            22|53|div
79            12|78|div
80            58|inv
81            129|138|div
82            164|4|div
83            138|28|mult
84            129|135|div
85            94|12|div
86            209|237|div
87            16|9|mult
88            114|17|div
89            63|17|div
90            17|inv
91            25|179|div
92            41|53|div
93            105|57|div
94            78|16|div
95            28|16|mult
96            98|17|div
97            164|133|div
98            48|138|div
99            12|9|mult
100           129|125|div
101           9|5|mult
102           70|17|div
103           53|129|div
104           78|58|sub
105           16|94|div
106           118|9|div
107           127|9|mult
108           1|17|div
109           164|134|div
110           16|78|div
111           103|17|div
112           48|175|div
113           19|17|div
114           48|134|div
115           164|138|div
116           129|175|div
117           78|58|abd
118           58|cbrt
119           134|28|mult
120           105|12|div
121           22|179|div
122           25|58|div
123           5|12|div
124           94|16|div
125           27|25|add
126           58|sqrt
127           35|16|mult
128           123|25|mult
129           179|58|add
130           138|129|div
131           69|12|div
132           79|17|div
133           9|25|div
134           55|9|div
135           91|21|add
136           161|17|div
137           58|9|mult
138           13|9|mult
139           12|60|div
140           58|57|add
141           164|16|div
142           12|69|div
143           12|42|div
144           12|34|div
145           243|242|div
146           190|196|div
147           87|53|div
148           60|16|div
149           84|53|div
150           91|25|add
151           58
152           123|53|div
153           79|58|sub
154           25|180|div
155           79|58|abd
156           164|17|div
157           89|9|div
158           89|53|div
159           111|133|div
160           58|114|div
161           48|135|div
162           129|8|div
163           34|53|div
164           16|129|div
165           55|41|mult
166           134|129|div
167           28|25|add
168           64|9|div
169           87|9|div
170           16|123|div
171           87|12|div
172           84|9|div
173           142|17|div
174           209|241|div
175           134|7|div
176           129|55|mult
177           16|42|div
178           138|7|div
179           16|124|div
180           105|61|sub
181           112|53|div
182           84|12|div
183           58|59|div
184           114|12|div
185           135|28|mult
186           124|58|div
187           25|12|div
188           77|12|div
189           123|17|div
190           164|8|div
191           189|201|div
192           86|9|div
193           15|9|mult
194           9|22|div
195           14|9|mult
196           179|25|div
197           138|35|mult
198           86|53|div
199           12|6|div
200           58|12|add
201           9|6|mult
202           129|17|div
203           42|53|div
204           20|53|div
205           69|16|div
206           57|9|mult
207           128|9|mult
208           85|9|div
209           57|25|div
210           105|53|div
211           239|196|div
212           124|13|div
213           70|12|div
214           206|196|div
215           12|129|div
216           124|179|div
217           12|5|div
218           151|17|div
219           9|89|div
220           124|133|div
221           12|77|div
222           232|17|div
223           179|9|mult
224           129|154|div
225           206|242|div
226           134|9|mult
227           89|12|div
228           179|58|mult
229           30|9|mult
230           64|35|div
231           129|140|div
232           135|129|div
233           175|61|add
234           63|28|abd
235           58|57|mult
236           127|17|div
237           59|9|mult
238           17|117|div
239           181|9|mult
240           23|53|div
241           58|25|div
242           57|105|div
243           17|129|div
244           204|17|div
245           63|28|sub
246           145|17|div
247           134|35|mult
248           47|133|div
249           63|9|div
250           86|12|div
251           41|179|div
252           239|200|div
253           122|9|mult
254           138|164|div
255           122|17|div
256           180|9|mult
257           207|17|div
258           184|134|mult
259           239|224|div
260           12|inv
261           79|12|div
262           151|12|div
263           114|57|div
264           164|135|div
265           61|53|add
266           40|16|mult
267           111|17|div
268           47|17|div
269           135|9|mult
270           206|241|div
271           9|20|div
272           89|58|div
273           118|24|div
274           225|196|div
275           264|211|add
276           78|12|sub
277           303|133|div
278           9|23|div
279           124|134|div
280           112|12|div
281           87|58|div
282           53|9|mult
283           181|58|add
284           205|17|div
285           58|sq
286           91|89|add
287           209|17|div
288           266|9|div
289           196|209|div
290           84|58|div
291           9|105|div
292           78|53|div
293           123|9|div
294           55|17|div
295           138|9|mult
296           206|17|div
297           42|9|mult
298           22|180|div
299           20|179|div
300           124|180|div
301           12|79|div
302           184|138|mult
303           16|69|div
304           164|12|div
305           79|53|div
306           184|12|mult
307           143|17|div
308           16|34|div
309           105|9|div
310           209|193|div
311           78|16|sub
312           162|9|add
313           85|53|div
314           91|85|add
315           206|193|div
316           134|151|div
317           64|40|div
318           23|179|div
319           94|53|div
320           12|cbrt
321           35|12|mult
322           41|180|div
323           114|58|mult
324           53|124|div
325           179|12|add
326           57|123|div
327           270|21|add
328           135|7|div
329           164|175|div
330           243|200|div
331           12|105|div
332           239|17|div
333           89|179|div
334           108|105|abd
335           12|sqrt
336           55|134|div
337           70|9|div
338           40|12|mult
339           131|9|add
340           152|9|mult
341           234|17|div
342           9|21|div
343           172|17|div
344           57|inv
345           134|164|div
346           184|16|mult
347           17|cbrt
348           134|58|add
349           180|58|add
350           58|105|div
351           34|12|div
352           112|9|div
353           93|9|mult
354           87|16|div
355           213|201|div
356           193|225|div
357           121|9|mult
358           9|114|div
359           124|138|div
360           25|134|div
361           218|17|div
362           85|12|div
363           12|114|div
364           179|124|div
365           135|35|mult
366           87|179|div
367           57|12|add
368           48|131|div
369           77|16|div
370           48|162|div
371           179|22|div
372           138|151|div
373           25|181|div
374           28|12|mult
375           84|16|div
376           164|125|div
377           105|25|mult
378           58|6|add
379           244|17|div
380           17|164|div
381           21|53|div
382           160|133|div
383           225|17|div
384           185|17|div
385           84|179|div
386           264|9|div
387           40|cbrt
388           60|179|div
389           123|58|sub
390           55|184|div
391           105|16|div
392           86|58|div
393           184|135|mult
394           50|12|div
395           9
396           79|9|mult
397           123|58|abd
398           53|164|div
399           17|144|div
400           6|17|div
401           204|193|div
402           225|242|div
403           79|16|div
404           94|17|div
405           58|12|mult
406           55|135|div
407           57|cbrt
408           123|13|div
409           53|29|div
410           160|125|div
411           22|134|div
412           136|9|mult
413           12|70|div
414           55|138|div
415           114|9|div
416           58|16|add
417           124|9|div
418           189|200|div
419           20|134|div
420           138|58|add
421           9|87|div
422           70|9|mult
423           57|sqrt
424           23|9|div
425           23|134|div
426           9|inv
427           12|89|div
428           181|58|mult
429           121|17|div
430           9|84|div
431           137|9|mult
432           16|79|div
433           53|nexp
434           114|9|mult
435           123|57|div
436           179|60|div
437           184|53|mult
438           111|9|div
439           64|133|div
440           41|181|div
441           122|9|div
442           77|9|div
443           16|59|div
444           191|17|div
445           134|29|div
446           12
447           129|32|div
448           25|135|div
449           243|201|div
450           25|175|div
451           57|17|div
452           80|9|mult
453           57|12|div
454           270|85|add
455           135|58|add
456           55|133|div
457           179|57|add
458           135|151|div
459           134|40|mult
460           191|188|div
461           16|14|sub
462           129|9|div
463           105|179|div
464           87|57|div
465           21|9|div
466           78|17|div
467           25|inv
468           55|22|mult
469           180|57|add
470           60|9|div
471           9|124|div
472           9|60|div
473           263|9|div
474           94|133|div
475           57
476           128|58|add
477           7|133|div
478           25|16|div
479           9|86|div
480           40|13|mult
481           180|12|add
482           112|134|div
483           64|150|div
484           58|6|mult
485           182|53|div
486           69|9|div
487           17|116|div
488           89|16|div
489           127|40|mult
490           84|57|div
491           124|89|mult
492           213|17|div
493           57|114|div
494           22|4|div
495           53|40|mult
496           89|57|div
497           40|15|mult
498           175|28|mult
499           16|60|div
#-----------------------------------------------------------------------
500           108|62|mult
501           62|18|div
502           62|3|div
503           62|39|mult
504           143|62|mult
505           62|41|mult
506           62|48|mult
507           145|62|mult
508           62|13|div
509           62|21|mult
510           62|22|mult
511           62|12|div
512           62|16|div
513           62|23|mult
514           62|20|mult
515           62|180|div
516           142|62|mult
517           62|135|div
518           83|81|div
519           112|62|mult
520           62|134|div
521           86|62|mult
522           62|58|div
523           103|62|mult
524           62|138|div
525           62|25|mult
526           85|62|mult
527           62|6|div
528           144|62|mult
529           108|116|div
530           62|175|div
531           84|62|mult
532           62|59|div
533           105|62|mult
534           87|62|mult
535           62|127|div
536           161|62|mult
537           62|181|div
538           62|128|div
539           62|179|div
540           62|50|div
541           62|57|div
542           117|62|mult
543           124|62|mult
544           62|14|div
545           156|62|mult
546           89|62|mult
547           147|62|mult
548           62|5|div
549           62|60|mult
550           62|30|div
551           62|54|div
552           62|77|div
553           62|152|div
554           62|118|div
555           101|62|mult
556           62|70|div
557           287|62|mult
558           62|114|div
559           129|144|div
560           62|123|div
561           62|9|div
562           62|82|div
563           62|52|mult
564           81|62|mult
565           62|136|div
566           182|62|mult
567           245|cbrt
568           66|62|sub
569           62|34|mult
570           62|15|div
571           62|76|div
572           163|62|mult
573           62|78|div
574           62|69|div
575           62|32|div
576           62|40|div
577           185|62|mult
578           62|1|mult
579           108|129|div
580           62|122|div
581           129|143|div
582           116|62|mult
583           129|145|div
584           68|62|mult
585           62|abs
586           62|137|div
587           62|53|div
588           79|62|mult
589           62|154|div
590           62|121|div
591           129|142|div
592           121|62|mult
593           62|42|mult
594           114|62|mult
595           62|177|div
596           122|62|mult
597           62|94|div
598           62|80|div
599           62|98|div
600           108|96|div
601           157|62|mult
602           98|62|mult
603           93|62|mult
604           72|62|mult
605           62|155|div
606           184|62|mult
607           19|81|div
608           62|158|div
609           62|sqrt
610           62|125|div
611           62|7|div
612           62|79|div
613           123|62|mult
614           70|62|mult
615           62|37|mult
616           62|129|div
617           108|164|div
618           62|140|div
619           62|182|div
620           62|36|div
621           62|7|mult
622           62|60|div
623           266|129|mult
624           62|34|div
625           62|38|div
626           262|150|div
627           78|62|mult
628           80|62|mult
629           62|47|mult
630           62|50|mult
631           164|144|div
632           62|164|div
633           48|81|div
634           69|62|mult
635           62|29|mult
636           62|5|mult
637           62|57|mult
638           92|62|mult
639           111|62|mult
640           164|143|div
641           62|124|div
642           151|62|mult
643           62|38|mult
644           179|62|mult
645           62|59|mult
646           62|42|div
647           77|62|mult
648           98|81|div
649           62|19|mult
650           164|145|div
651           62|28|mult
652           62|202|div
653           76|62|mult
654           62|10|mult
655           181|62|mult
656           62|67|div
657           62|133|div
658           62|6|mult
659           108|72|div
660           303|266|mult
661           301|62|mult
662           62|105|div
663           129|147|div
664           108|68|div
665           263|129|mult
666           108|32|div
667           156|129|div
668           164|142|div
669           62|187|div
670           129|184|div
671           129|182|div
672           62|53|mult
673           128|62|mult
674           127|62|mult
675           106|62|mult
676           62|147|div
677           62|35|div
678           62|24|div
679           266|164|mult
680           63|150|div
681           62|161|div
682           108|nexp
683           291|129|mult
684           62|148|div
685           62|11|div
686           228|62|mult
687           102|62|mult
688           303|263|mult
689           62|58|mult
690           62|73|div
691           143|129|div
692           160|145|div
693           62|17|mult
694           34|81|div
695           266|160|mult
696           62|cbrt
697           296|62|mult
698           160|143|div
699           62|15|mult
700           62|160|div
701           62|162|div
702           71|62|mult
703           164|55|mult
704           112|81|div
705           284|129|mult
706           145|129|div
707           63|62|mult
708           62|71|div
709           262|99|div
710           184|108|mult
711           62|96|div
712           160|142|div
713           129|83|mult
714           62|106|div
715           62|14|mult
716           62|99|div
717           108|42|div
718           262|28|div
719           266|150|div
720           127|81|div
721           164|83|mult
722           20|81|div
723           62|1|div
724           184|145|mult
725           62|35|mult
726           263|164|mult
727           157|108|mult
728           23|81|div
729           142|129|div
730           284|184|div
731           150|62|mult
732           62|4|mult
733           236|62|mult
734           108|38|div
735           291|164|mult
736           50|81|div
737           221|62|mult
738           184|143|mult
739           81|68|div
740           155|108|mult
741           155|81|mult
742           284|164|mult
743           62|117|div
744           64|62|mult
745           62|144|div
746           143|164|div
747           108|92|mult
748           74|62|mult
749           62|sq
750           164|184|div
751           62|26|div
752           174|62|mult
753           62|55|mult
754           258|62|mult
755           108|160|div
756           62|25|div
757           228|nexp
758           262|145|div
759           262|142|div
760           108|13|div
761           145|164|div
762           129|156|div
763           160|144|div
764           262|81|div
765           263|160|mult
766           156|164|div
767           159|62|mult
768           184|142|mult
769           129|118|mult
770           263|150|div
771           62|55|div
772           259|62|mult
773           62|131|div
774           223|62|mult
775           108|7|div
776           164|147|div
777           262|164|mult
778           108|16|div
779           62|89|div
780           62|8|mult
781           180|62|mult
782           129|28|div
783           108|cbrt
784           96|62|mult
785           87|81|div
786           262|67|mult
787           124|81|div
788           84|81|div
789           62|193|div
790           62|159|div
791           303|264|mult
792           83|143|div
793           21|81|div
794           129|117|div
795           83|145|div
796           62|184|div
797           266|125|mult
798           188|62|mult
799           142|164|div
800           172|81|div
801           25|81|div
802           262|82|mult
803           262|143|sub
804           164|182|div
805           89|81|div
806           201|188|div
807           22|81|div
808           164|62|mult
809           237|62|mult
810           70|81|div
811           129|87|mult
812           225|62|mult
813           203|62|mult
814           117|81|div
815           143|28|sub
816           199|62|mult
817           201|62|mult
818           129|84|mult
819           160|62|mult
820           83|62|mult
821           143|124|div
822           86|81|div
823           108|98|div
824           2|187|div
825           62|13|mult
826           129|62|mult
827           284|150|div
828           83|142|div
829           164|28|div
830           108|195|div
831           175|62|mult
832           62|119|div
833           232|62|mult
834           164|157|div
835           262|129|mult
836           262|143|div
837           164|81|div
838           108|94|div
839           262|35|div
840           150|143|sub
841           34|143|div
842           34|145|div
843           129|157|div
844           244|62|mult
845           108|78|div
846           62|102|div
847           62|12|mult
848           5|81|div
849           129|1|mult
850           108|28|mult
851           129|60|div
852           108|12|div
853           192|62|mult
854           145|124|div
855           145|5|div
856           4|17|div
857           62|61|mult
858           85|81|div
859           143|83|sub
860           291|81|div
861           222|62|mult
862           284|160|mult
863           213|62|mult
864           198|62|mult
865           237|201|div
866           129|69|mult
867           184|81|mult
868           62|183|div
869           262|75|mult
870           108|3|div
871           62|41|div
872           62|32|mult
873           129|112|mult
874           41|81|div
875           156|160|div
876           62|200|div
877           137|62|mult
878           108|53|div
879           266|81|div
880           62|16|mult
881           1|81|div
882           129|77|mult
883           205|62|mult
884           266|262|mult
885           120|62|mult
886           129|119|mult
887           303|81|div
888           206|62|mult
889           207|62|mult
890           172|62|mult
891           55|81|div
892           100|62|mult
893           129|81|div
894           34|142|div
895           136|62|mult
896           129|34|mult
897           303|268|mult
898           105|81|div
899           79|81|div
900           60|81|div
901           203|81|div
902           143|5|div
903           264|129|mult
904           218|62|mult
905           129|76|mult
906           204|62|mult
907           191|62|mult
908           129|163|div
909           81|72|div
910           143|7|div
911           108|34|div
912           67|150|div
913           63|81|div
914           145|42|div
915           108|5|div
916           123|81|div
917           108|77|div
918           62|197|div
919           241|62|mult
920           263|262|mult
921           108|117|div
922           129|123|mult
923           143|50|div
924           129|152|div
925           243|62|mult
926           62|100|div
927           190|62|mult
928           81|195|div
929           82|150|div
930           77|28|div
931           226|62|mult
932           263|81|div
933           232|81|div
934           108|30|div
935           184|129|div
936           62|156|div
937           242|62|mult
938           145|7|div
939           129|89|mult
940           108|sqrt
941           114|81|div
942           108|14|div
943           143|42|div
944           262|163|div
945           143|92|sub
946           151|81|div
947           62|196|div
948           81|inv
949           144|129|div
950           6|81|div
951           108|106|div
952           209|62|mult
953           189|62|mult
954           129|63|mult
955           145|94|div
956           62|176|div
957           108|127|div
958           2|202|div
959           62|63|div
960           62|2|mult
961           99|62|mult
962           129|80|mult
963           81|117|div
964           216|62|mult
965           77|81|div
966           122|81|div
967           108|11|div
968           266|10|div
969           287|nexp
970           100|81|div
971           129|35|div
972           145|34|div
973           145|98|div
974           164|117|div
975           143|94|div
976           108|69|div
977           160|55|mult
978           266|154|mult
979           184|41|mult
980           257|62|mult
981           108|124|div
982           200|62|mult
983           108|102|div
984           129|5|mult
985           129|78|mult
986           62|195|div
987           160|184|div
988           62|33|div
989           129|181|div
990           245|195|div
991           29|81|div
992           266|140|mult
993           179|81|div
994           197|62|mult
995           73|62|mult
996           300|62|mult
997           299|133|div
998           299|140|div
999           69|28|div
#-----------------------------------------------------------------------
1000          265|62|mult
1001          268|62|mult
1002          263|62|mult
1003          266|62|mult
1004          264|62|mult
1005          62|157|div
1006          291|62|mult
1007          62|28|div
1008          302|62|mult
1009          255|62|mult
1010          268|120|mult
1011          256|62|mult
1012          62|142|div
1013          299|264|mult
1014          62|145|div
1015          62|143|div
1016          249|62|mult
1017          265|120|mult
1018          184|21|mult
1019          164|118|mult
1020          299|263|mult
1021          299|268|mult
1022          164|156|div
1023          299|266|mult
1024          120|125|div
1025          120|140|div
1026          160|118|mult
1027          184|86|mult
1028          65|81|div
1029          264|120|mult
1030          184|23|mult
1031          184|25|mult
1032          299|265|mult
1033          299|125|div
1034          263|120|mult
1035          184|22|mult
1036          184|20|mult
1037          184|85|mult
1038          42|184|div
1039          184|89|mult
1040          185|184|mult
1041          156|42|div
1042          184|84|mult
1043          184|87|mult
1044          176|125|div
1045          266|120|mult
1046          124|184|div
1047          184|59|div
1048          176|140|div
1049          299|255|mult
1050          231|81|div
1051          160|156|div
1052          111|184|div
1053          184|6|div
1054          59|184|div
1055          82|62|mult
1056          67|62|mult
1057          47|184|div
1058          119|62|mult
1059          301|120|mult
1060          184|14|div
1061          62|39|div
1062          184|181|div
1063          113|62|mult
1064          184|122|mult
1065          196|62|mult
1066          52|81|div
1067          299|249|mult
1068          62|174|div
1069          62|103|div
1070          184|30|div
1071          6|184|div
1072          78|184|div
1073          184|121|mult
1074          255|120|mult
1075          141|62|mult
1076          184|128|div
1077          60|184|div
1078          184|156|mult
1079          234|62|mult
1080          62|4|div
1081          123|184|div
1082          29|184|div
1083          62|150|div
1084          220|62|mult
1085          181|184|div
1086          14|184|div
1087          184|124|div
1088          120|133|div
1089          47|81|div
1090          184|15|div
1091          299|259|mult
1092          19|164|div
1093          302|299|mult
1094          62|22|div
1095          239|62|mult
1096          62|17|div
1097          184|105|mult
1098          94|184|div
1099          301|256|sub
1100          62|20|div
1101          186|62|mult
1102          176|133|div
1103          184|58|div
1104          184|42|div
1105          273|62|mult
1106          62|23|div
1107          184|57|div
1108          259|120|mult
1109          265|108|mult
1110          258|120|mult
1111          128|184|div
1112          50|184|div
1113          184|164|div
1114          5|184|div
1115          184|76|mult
1116          151|184|div
1117          114|184|div
1118          57|184|div
1119          111|81|div
1120          301|176|mult
1121          299|245|mult
1122          19|129|div
1123          184|60|div
1124          118|81|div
1125          184|151|div
1126          58|184|div
1127          300|299|mult
1128          184|inv
1129          108|52|div
1130          69|184|div
1131          184|13|div
1132          15|184|div
1133          62|104|div
1134          184|114|div
1135          184|cbrt
1136          122|42|div
1137          184|180|div
1138          116|81|div
1139          120|108|mult
1140          184|16|div
1141          120|cb
1142          268|108|mult
1143          35|184|div
1144          120|32|div
1145          159|125|div
1146          75|62|mult
1147          184|sqrt
1148          62|163|div
1149          299|258|mult
1150          249|120|mult
1151          180|184|div
1152          62|216|div
1153          62|33|mult
1154          299|256|mult
1155          184|12|div
1156          301|299|mult
1157          62|8|div
1158          184|80|mult
1159          159|140|div
1160          182|184|div
1161          115|62|mult
1162          77|184|div
1163          184|70|mult
1164          258|176|mult
1165          120|137|div
1166          172|184|div
1167          62|21|div
1168          120|85|mult
1169          184|50|div
1170          297|24|div
1171          38|184|div
1172          79|184|div
1173          13|184|div
1174          297|88|div
1175          299|138|div
1176          64|184|div
1177          62|87|div
1178          108|4|div
1179          62|84|div
1180          108|8|div
1181          105|184|div
1182          70|184|div
1183          194|219|div
1184          120|sp
1185          184
1186          16|184|div
1187          62|208|div
1188          184|79|mult
1189          120|136|div
1190          301|184|mult
1191          62|49|mult
1192          299|148|div
1193          12|184|div
1194          245|119|div
1195          245|150|div
1196          103|81|div
1197          184|120|mult
1198          135|62|mult
1199          184|117|mult
1200          176|178|div
1201          245|224|div
1202          245|74|div
1203          120|89|mult
1204          245|97|div
1205          245|3|div
1206          299|134|div
1207          184|182|div
1208          203|216|div
1209          64|81|div
1210          184|123|mult
1211          287|120|mult
1212          62|86|div
1213          121|42|div
1214          47|176|div
1215          164|121|div
1216          245|28|div
1217          245|118|div
1218          245|187|div
1219          245|202|div
1220          120|113|mult
1221          62|37|div
1222          184|38|div
1223          179|184|div
1224          245|18|div
1225          62|97|div
1226          245|120|mult
1227          299|162|div
1228          292|62|mult
1229          120|21|mult
1230          62|199|div
1231          245|11|div
1232          184|19|mult
1233          297|104|div
1234          184|39|mult
1235          265|176|mult
1236          184|93|div
1237          19|160|div
1238          120|sq
1239          120|86|mult
1240          245|1|div
1241          134|62|mult
1242          129|65|mult
1243          184|5|div
1244          299|239|mult
1245          120|129|div
1246          299|137|div
1247          62|198|div
1248          280|62|mult
1249          120|96|div
1250          122|78|sub
1251          184|114|mult
1252          121|184|div
1253          245|161|mult
1254          265|81|mult
1255          245|129|mult
1256          245|104|div
1257          164|122|div
1258          299|257|mult
1259          144|81|div
1260          275|62|mult
1261          299|174|div
1262          245|164|mult
1263          301|256|abd
1264          120|16|div
1265          62|126|div
1266          76|42|div
1267          80|184|div
1268          62|cb
1269          245|40|div
1270          62|178|div
1271          236|81|div
1272          176|26|div
1273          245|67|div
1274          120|84|mult
1275          108|125|div
1276          184|77|mult
1277          120|164|div
1278          62|242|div
1279          62|237|div
1280          184|123|div
1281          120|87|mult
1282          194|62|mult
1283          245|143|mult
1284          62|220|div
1285          34|184|div
1286          187|62|mult
1287          7|184|div
1288          299|32|div
1289          147|81|div
1290          299|175|div
1291          245|81|div
1292          164|65|mult
1293          120|25|mult
1294          66|62|add
1295          154|62|mult
1296          62|238|div
1297          62|90|div
1298          245|182|mult
1299          244|81|div
1300          293|62|mult
1301          245|82|div
1302          62|210|div
1303          120|38|div
1304          164|76|div
1305          164|79|div
1306          219|81|div
1307          184|69|mult
1308          108|192|div
1309          197|81|div
1310          245|163|mult
1311          245|63|div
1312          39|81|div
1313          299|135|div
1314          203|222|div
1315          19|42|div
1316          245|10|div
1317          237|81|div
1318          213|81|div
1319          302|120|mult
1320          202|62|mult
1321          231|126|abd
1322          62|92|div
1323          245|7|mult
1324          176|138|div
1325          120|134|div
1326          182|81|div
1327          184|32|div
1328          120|14|div
1329          164|70|div
1330          51|184|div
1331          41|184|div
1332          234|81|div
1333          184|1|mult
1334          245|208|div
1335          268|176|mult
1336          62|224|div
1337          42|76|div
1338          63|184|div
1339          299|136|div
1340          181|81|div
1341          245|126|mult
1342          120|15|div
1343          245|145|mult
1344          122|184|div
1345          42|121|div
1346          200|81|div
1347          88|62|mult
1348          265|184|mult
1349          245|48|mult
1350          245|210|div
1351          245|144|mult
1352          245|184|mult
1353          164|124|mult
1354          245|160|mult
1355          184|136|div
1356          62|85|div
1357          184|179|div
1358          128|81|div
1359          245|75|div
1360          120|12|div
1361          245|19|mult
1362          190|81|div
1363          245|24|div
1364          245|35|div
1365          103|184|div
1366          108|140|div
1367          62|51|mult
1368          196|81|div
1369          120|13|div
1370          243|81|div
1371          245|142|mult
1372          127|184|div
1373          245|238|div
1374          245|39|mult
1375          184|147|div
1376          62|190|div
1377          108|52|sub
1378          42|122|div
1379          81|116|div
1380          120|138|div
1381          120|23|mult
1382          235|81|div
1383          301|257|sub
1384          245|130|mult
1385          299|131|div
1386          184|70|div
1387          231|108|abd
1388          245|137|mult
1389          245|79|mult
1390          184|98|div
1391          129|159|div
1392          263|108|mult
1393          129|121|div
1394          120|22|mult
1395          245|136|mult
1396          245|80|mult
1397          245|41|mult
1398          245|71|mult
1399          62|243|div
1400          65|184|div
1401          245|193|div
1402          245|101|div
1403          301|129|div
1404          164|80|div
1405          241|81|div
1406          164|7|div
1407          164|1|mult
1408          265|56|mult
1409          120|56|abd
1410          226|81|div
1411          299|55|mult
1412          164|114|mult
1413          132|35|div
1414          223|81|div
1415          245|16|div
1416          245|60|mult
1417          120|128|div
1418          62|214|div
1419          245|76|mult
1420          108|188|div
1421          297|40|div
1422          176|40|div
1423          268|56|mult
1424          120|42|div
1425          245|70|mult
1426          245|38|mult
1427          245|22|mult
1428          256|255|sub
1429          120|20|mult
1430          245|25|mult
1431          299|26|div
1432          245|64|div
1433          245|73|div
1434          302|301|sub
1435          245|88|div
1436          216|81|div
1437          245|23|mult
1438          245|121|mult
1439          299|4|div
1440          185|120|mult
1441          184|sq
1442          108|44|abd
1443          184|78|div
1444          255|176|mult
1445          245|201|div
1446          245|20|mult
1447          245|154|mult
1448          245|21|mult
1449          245|12|div
1450          180|81|div
1451          123|122|div
1452          300|120|mult
1453          245|32|mult
1454          245|117|mult
1455          184|161|div
1456          245|122|mult
1457          245|147|mult
1458          245|29|mult
1459          68|81|div
1460          184|35|div
1461          245|9|div
1462          218|81|div
1463          245|99|div
1464          25|sp
1465          184|137|div
1466          62|88|div
1467          120|180|div
1468          297|9|div
1469          245|55|div
1470          301|164|div
1471          108|133|div
1472          184|78|mult
1473          245|26|div
1474          120|181|div
1475          245|172|mult
1476          245|17|div
1477          122|123|div
1478          245|127|div
1479          176|134|div
1480          245|128|mult
1481          120|154|div
1482          189|81|div
1483          104|62|mult
1484          231|176|div
1485          245|77|mult
1486          164|34|mult
1487          245|200|div
1488          129|122|div
1489          245|54|div
1490          299|119|mult
1491          242|81|div
1492          245|69|mult
1493          62|241|div
1494          299|16|div
1495          164
1496          120|135|div
1497          245|112|mult
1498          245|5|div
1499          245|135|mult
#-----------------------------------------------------------------------
