# FEAT_ID     Feature Postfix Expression (RPN)
0             2|10|div
1             29|22|mult
2             26|sq
3             23|13|div
4             20|17|div
5             25|sqrt
6             25|24|div
7             21|inv
8             19|1|div
9             25|1|div
10            10|sqrt
11            27|11|mult
12            6|cbrt
13            26|1|div
14            1|27|div
15            26|25|add
16            14|sqrt
17            14|26|div
18            19|6|div
19            0|24|div
20            1
21            24|21|div
22            26|6|div
23            28|13|sub
24            23|8|div
25            10|26|div
26            4|23|div
27            7|3|mult
28            23|11|div
29            7|6|mult
30            25
31            0
32            12|4|mult
33            22|6|mult
34            27|18|div
35            1|17|div
36            25|7|div
37            28|5|mult
38            26|14|add
39            28|7|div
40            14|1|div
41            22|21|mult
42            26|19|add
43            29|20|mult
44            12|2|mult
45            5|17|div
46            24|1|mult
47            2|17|div
48            28|26|add
49            26|10|sub
50            7|2|mult
51            25|24|mult
52            26|5|mult
53            26|7|div
54            4|1|mult
55            2|27|div
56            24|0|mult
57            19|5|mult
58            26|1|mult
59            26|10|add
60            26|cb
61            21|20|mult
62            5|27|div
63            0|18|div
64            17|14|mult
65            28|inv
66            27|7|div
67            27|7|mult
68            28|1|mult
69            25|1|mult
70            7|19|div
71            19|cbrt
72            27|13|mult
73            0|12|div
74            29|24|mult
75            27|10|mult
76            27|14|mult
77            0|11|div
78            19|1|mult
79            0|8|div
80            25|sq
81            12|28|div
82            26|25|mult
83            19|sqrt
84            19|24|div
85            24|8|div
86            20|12|mult
87            20|1|mult
88            10|2|mult
89            0|6|div
90            1|sqrt
91            2|cbrt
92            24|23|div
93            5|3|mult
94            12|1|mult
95            28|8|sub
96            25|19|add
97            1|cbrt
98            29|cbrt
99            28|12|div
100           5|23|div
101           18|28|div
102           12|sq
103           26|2|mult
104           16|4|mult
105           24|14|mult
106           0|14|div
107           21|2|mult
108           14|24|div
109           14
110           25|2|mult
111           26|12|div
112           0|29|div
113           20|18|mult
114           25|10|add
115           0|25|div
116           25|14|add
117           28|2|mult
118           14|27|div
119           8|inv
120           0|19|div
121           0|28|div
122           28|24|div
123           28|26|mult
124           13|2|mult
125           7|28|div
126           19|2|mult
127           26|19|mult
128           0|21|div
129           29|sqrt
130           14|1|mult
131           29|2|mult
132           14|10|add
133           23|7|div
134           24|10|mult
135           0|26|div
136           28|25|add
137           12|26|div
138           19|14|add
139           19
140           10
141           0|13|div
142           7|25|div
143           26|11|div
144           25|cb
145           10|24|div
146           14|2|mult
147           19|10|add
148           2|24|div
149           12|sin
150           7|26|div
151           13|1|mult
152           26|sp
153           28|22|mult
154           24|21|mult
155           28|8|div
156           24|13|div
157           14|17|div
158           29|1|mult
159           26|22|mult
160           17|10|mult
161           12|nexp
162           0|10|div
163           2|19|div
164           23|inv
165           8|1|mult
166           28|cbrt
167           5|1|mult
168           22|20|mult
169           26|8|div
170           28|14|add
171           10|27|div
172           21|1|mult
173           2
174           21|cbrt
175           11|2|mult
176           2|sqrt
177           21|5|mult
178           28|19|add
179           28|10|add
180           28|sqrt
181           2|28|div
182           8|2|mult
183           27|8|mult
184           2|25|div
185           24|2|mult
186           21|sqrt
187           10|17|div
188           10|1|mult
189           25|19|mult
190           19|8|div
191           19|11|div
192           24|19|mult
193           26|14|mult
194           29
195           24|11|div
196           13|inv
197           18|1|mult
198           27|0|mult
199           25|sp
200           2|26|div
201           11|1|mult
202           28|11|div
203           17|0|mult
204           22|27|div
205           25|8|div
206           25|22|mult
207           28|25|mult
208           28
209           29|5|mult
210           21|cb
211           21|27|div
212           18|5|mult
213           12|27|div
214           10|5|mult
215           26|13|div
216           28|13|div
217           11|inv
218           21
219           22|23|div
220           26|10|mult
221           20|4|mult
222           26|8|add
223           13|5|mult
224           26|13|add
225           18|2|mult
226           21|17|div
227           19|sq
228           24|12|div
229           11|5|mult
230           14|5|mult
231           29|27|div
232           25|14|mult
233           22|19|mult
234           28|14|mult
235           29|21|add
236           29|24|div
237           28|19|mult
238           25|10|mult
239           21|sq
240           19|13|div
241           29|cb
242           21|24|div
243           19|14|mult
244           29|sq
245           22|1|mult
246           12|inv
247           4|0|mult
248           28|sq
249           28|10|mult
250           8|5|mult
251           27|2|mult
252           26|11|add
253           17|2|mult
254           24|12|mult
255           29|17|div
256           12|24|div
257           14|8|add
258           12|17|div
259           25|11|div
260           19|10|mult
261           12
262           14|sq
263           0|cbrt
264           26|12|mult
265           24|7|div
266           26|21|add
267           7|inv
268           25|8|add
269           10|8|add
270           12|23|div
271           28|24|mult
272           29|21|mult
273           25|13|add
274           14|13|add
275           14|12|mult
276           20|14|mult
277           22|17|div
278           8|28|div
279           19|8|add
280           13|10|add
281           8|19|div
282           22|12|mult
283           13|17|div
284           1|23|div
285           19|cb
286           8|25|div
287           13|27|div
288           28|cb
289           8|cbrt
290           12|sqrt
291           14|11|add
292           14|cb
293           22|5|mult
294           19|13|add
295           12|cbrt
296           12|log
297           25|23|div
298           25|11|add
299           14|10|mult
300           11|10|add
301           20|13|mult
302           8|26|div
303           22|7|mult
304           0|sqrt
305           28|sp
306           29|26|add
307           28|12|mult
308           8|sqrt
309           4|2|mult
310           26|23|div
311           28|23|div
312           0|2|div
313           19|11|add
314           12|10|mult
315           8|27|div
316           10|sq
317           11|19|div
318           8|17|div
319           28|8|add
320           11|26|div
321           19|12|mult
322           25|13|div
323           26|21|mult
324           20|7|mult
325           11|28|div
326           22|18|mult
327           20|10|mult
328           7|4|mult
329           13|cbrt
330           28|13|add
331           19|sp
332           11|17|div
333           21|14|add
334           10|cb
335           7|1|mult
336           25|21|add
337           13|28|div
338           19|23|div
339           7|23|div
340           21|12|mult
341           11|27|div
342           21|10|add
343           8|24|div
344           13|sqrt
345           13|12|mult
346           21|14|mult
347           25|12|mult
348           13|19|div
349           11|cbrt
350           11|25|div
351           12|5|mult
352           12|8|mult
353           21|19|add
354           14|13|mult
355           8
356           24|7|mult
357           28|11|add
358           14|8|mult
359           26|13|mult
360           26|8|mult
361           24|8|mult
362           21|10|mult
363           21|23|div
364           29|26|mult
365           13|26|div
366           12|11|mult
367           20|11|mult
368           11|sqrt
369           29|12|mult
370           7
371           13|24|div
372           14|11|mult
373           25|21|mult
374           13|10|mult
375           13|25|div
376           26|18|add
377           28|21|add
378           13|8|add
379           7|24|div
380           10|23|div
381           25|13|mult
382           25|8|mult
383           10|8|mult
384           11|8|add
385           29|14|add
386           28|21|mult
387           20|8|mult
388           21|19|mult
389           18|17|div
390           11|10|mult
391           19|8|mult
392           13
393           22|14|mult
394           12|7|mult
395           29|25|add
396           29|14|mult
397           28|8|mult
398           19|13|mult
399           29|10|add
400           11|24|div
401           26|11|mult
402           28|13|mult
403           13|11|add
404           29|19|add
405           29|10|mult
406           7|27|div
407           24|13|mult
408           25|11|mult
409           22|10|mult
410           11
411           7|5|mult
412           29|23|div
413           22|13|mult
414           18|27|div
415           7|cbrt
416           7|sqrt
417           18|14|add
418           24|11|mult
419           13|cb
420           8|cb
421           18|10|add
422           11|cb
423           8|sq
424           19|11|mult
425           7|17|div
426           14|23|div
427           20|5|mult
428           29|7|mult
429           13|23|div
430           29|28|add
431           28|11|mult
432           29|25|mult
433           22|4|mult
434           13|8|mult
435           22|11|mult
436           25|18|add
437           13|sq
438           21|7|mult
439           19|18|add
440           29|28|mult
441           11|8|mult
442           29|19|mult
443           18|14|mult
444           26|7|mult
445           18|12|mult
446           13|11|mult
447           22|8|mult
448           11|sq
449           25|7|mult
450           21|8|add
451           18|10|mult
452           11|23|div
453           18|23|div
454           19|7|mult
455           21|13|add
456           14|7|mult
457           21|8|mult
458           28|7|mult
459           21|13|mult
460           10|7|mult
461           21|11|add
462           22|7|add
463           24|18|div
464           8|23|div
465           21|11|mult
466           13|7|mult
467           11|7|mult
468           29|8|add
469           28|18|add
470           29|8|mult
471           29|13|add
472           18|inv
473           18|8|add
474           29|13|mult
475           21|18|add
476           18|sp
477           29|11|add
478           26|18|mult
479           18|8|mult
480           29|11|mult
481           8|7|mult
482           18|13|add
483           18|7|mult
484           25|18|mult
485           18|11|add
486           21|18|mult
487           19|18|mult
488           18|13|mult
489           18|11|mult
490           29|18|add
491           28|18|mult
492           18|24|div
493           18|cbrt
494           29|18|mult
495           18|sqrt
496           18
497           24|18|mult
498           18|sq
499           18|cb
#-----------------------------------------------------------------------
500           10|9|add
501           27|5|div
502           15|9|div
503           28|21|div
504           1|0|div
505           18|16|mult
506           13|9|add
507           18|9|add
508           27|16|div
509           24|0|div
510           9|8|add
511           11|9|add
512           27|17|mult
513           25|16|mult
514           17|sq
515           4|21|div
516           21|9|add
517           21|26|div
518           27|sq
519           29|9|add
520           2|4|div
521           18|13|abd
522           9|19|div
523           28|16|mult
524           22
525           13|2|div
526           26|20|mult
527           26|8|sub
528           28|9|abd
529           5|0|mult
530           25|9|abd
531           12|8|div
532           20|19|mult
533           10|18|div
534           17|5|div
535           28|22|div
536           2|sq
537           13|0|div
538           12|0|div
539           21|16|mult
540           8|0|div
541           3|0|mult
542           16|sqrt
543           18|5|div
544           2|22|div
545           3|15|div
546           12|2|div
547           27|2|div
548           26|17|mult
549           19|9|abd
550           16|cbrt
551           8|2|div
552           11|8|sub
553           9|26|div
554           26|9|abd
555           29|22|div
556           13|11|sub
557           24|23|mult
558           11|21|div
559           21|5|div
560           15|0|mult
561           22|9|div
562           17|2|div
563           22|4|div
564           13|21|div
565           11|0|div
566           16|24|div
567           25|20|mult
568           25|26|div
569           5|2|div
570           2|23|div
571           11|2|div
572           25|21|div
573           10|sp
574           28|20|mult
575           16|3|add
576           18|22|div
577           20|16|sub
578           25|22|div
579           22|0|mult
580           24|16|abd
581           26|25|div
582           16|12|add
583           16
584           16|12|sub
585           24|16|add
586           20|16|add
587           16|3|sub
588           13|10|sub
589           29|5|div
590           16|sp
591           27|cb
592           29|8|sub
593           4|20|div
594           23|5|mult
595           4|6|div
596           2|20|div
597           16|9|div
598           24|22|mult
599           29|16|mult
600           5|20|div
601           18|2|div
602           9|14|div
603           13|9|mult
604           24|16|mult
605           24|20|sub
606           17|cb
607           18|25|div
608           27|0|div
609           26|22|div
610           16|2|mult
611           20|0|mult
612           21|19|div
613           18|0|div
614           14|29|div
615           6|sp
616           23
617           21|2|div
618           9|4|mult
619           0|16|div
620           12|9|mult
621           18|10|sub
622           19|22|div
623           17|0|div
624           20|9|div
625           16|log
626           27|9|mult
627           9|10|div
628           16|sq
629           21|0|div
630           16|cb
631           9|8|mult
632           2|5|div
633           28|21|sub
634           25|18|div
635           2|9|div
636           17|9|mult
637           22|sq
638           0|7|div
639           23|2|mult
640           18|9|mult
641           19|21|div
642           29|2|div
643           19|8|sub
644           21|9|mult
645           29|0|div
646           20|1|div
647           11|9|mult
648           23|sqrt
649           29|13|sub
650           23|24|div
651           16|28|div
652           29|21|abd
653           20|6|div
654           28|26|abd
655           25|21|sub
656           21|10|sub
657           18|26|div
658           12|sp
659           23|cbrt
660           10|8|sub
661           16|25|div
662           3|6|div
663           4|1|div
664           26|18|div
665           24|nexp
666           29|9|mult
667           28|17|mult
668           4|sq
669           1|22|div
670           5|4|div
671           16|29|div
672           21|22|div
673           24|16|div
674           16|26|div
675           14|18|div
676           16|19|div
677           16|0|mult
678           4|22|div
679           21|10|div
680           10|12|div
681           16|18|div
682           23|16|div
683           11|8|abd
684           26|25|sub
685           0|23|div
686           2|0|mult
687           29|21|sub
688           22|16|mult
689           28|29|div
690           16|inv
691           9|5|div
692           10|13|div
693           20|24|div
694           4|2|div
695           23|20|div
696           20|12|add
697           9|sq
698           16|21|div
699           29|11|sub
700           20|sq
701           12|22|div
702           11|22|div
703           15|6|div
704           3|0|div
705           18|10|div
706           20|sin
707           9|2|div
708           20|3|sub
709           27|sp
710           24|20|div
711           11|10|sub
712           3|1|div
713           15|22|div
714           21|14|div
715           29|10|div
716           0|9|div
717           7|0|div
718           25|17|mult
719           27|16|mult
720           24|sin
721           15|7|mult
722           3|22|div
723           19|7|div
724           13|22|div
725           1|20|div
726           29|10|sub
727           18|14|sub
728           3|5|div
729           20|16|mult
730           18|7|div
731           15|0|div
732           20
733           20|cb
734           17|sp
735           21|14|sub
736           20|inv
737           13|10|div
738           6|22|div
739           22|29|div
740           20|sqrt
741           24|exp
742           20|23|div
743           27|26|mult
744           21|19|sub
745           20|cbrt
746           24|12|add
747           23|1|mult
748           9|0|div
749           29|16|div
750           20|log
751           14|12|div
752           29|28|div
753           21|16|div
754           15|5|div
755           22|cb
756           29|14|div
757           19|17|mult
758           18|10|abd
759           21|8|sub
760           17|16|mult
761           18|14|div
762           28|16|div
763           20|12|sub
764           0|sq
765           28|23|mult
766           18|16|div
767           24|20|mult
768           16|23|div
769           14|8|div
770           4|16|div
771           25|29|div
772           5|sp
773           8|22|div
774           26|16|div
775           19|18|sub
776           8|14|div
777           29|21|div
778           9|cb
779           6|20|div
780           12|10|div
781           15|1|div
782           2|cb
783           25|16|div
784           20|9|mult
785           14|13|sub
786           19|16|div
787           22|28|div
788           25|23|mult
789           20|11|div
790           16|4|div
791           4|5|div
792           19|18|div
793           22|18|div
794           18|19|div
795           15|7|div
796           20|5|div
797           21|29|div
798           20|0|div
799           7|9|div
800           26|23|mult
801           29|14|sub
802           7|0|mult
803           16|13|div
804           3|2|div
805           16|11|div
806           23|6|mult
807           23|19|mult
808           22|25|div
809           9|sp
810           20|8|div
811           28|27|mult
812           11|20|div
813           26|11|sub
814           23|18|mult
815           19|13|sub
816           29|25|div
817           20|12|div
818           18|14|abd
819           22|26|div
820           22|16|div
821           29|7|div
822           16|12|div
823           28|20|div
824           26|13|sub
825           15|2|div
826           29|19|abd
827           15|16|div
828           27|25|mult
829           10|11|div
830           16|0|div
831           20|sp
832           25|20|div
833           9|23|div
834           16|7|mult
835           24|20|add
836           7|18|div
837           11|10|div
838           26|29|div
839           12|14|div
840           22|19|div
841           22|1|div
842           22|21|div
843           14|8|sub
844           7|5|div
845           20|2|div
846           12|cos
847           20|13|div
848           13|20|div
849           4|cb
850           10|8|div
851           19|20|div
852           18|20|div
853           8|20|div
854           23|11|mult
855           26|20|div
856           14|13|div
857           8|10|div
858           20|28|div
859           21|13|sub
860           9|3|mult
861           13|14|div
862           19|11|sub
863           19|29|div
864           20|25|div
865           3|7|div
866           14|13|abd
867           22|7|sub
868           20|18|div
869           16|8|div
870           14|11|abd
871           12|20|div
872           21|7|div
873           3|16|div
874           13|10|abd
875           12|16|div
876           7|sq
877           16|5|div
878           23|27|div
879           14|11|sub
880           22|6|div
881           16|14|div
882           0|cb
883           29|25|abd
884           20|19|div
885           22|0|div
886           16|6|div
887           13|16|div
888           14|22|div
889           23|13|mult
890           26|21|sub
891           11|16|div
892           15|9|mult
893           7|1|div
894           20|26|div
895           22|7|div
896           29|26|div
897           4|0|div
898           16|2|div
899           21|11|sub
900           23|8|mult
901           5|16|div
902           22|5|div
903           14|16|div
904           2|sp
905           7|29|div
906           16|1|div
907           16|10|div
908           10|22|div
909           27|21|mult
910           22|20|div
911           29|19|div
912           20|22|div
913           27|19|mult
914           16|22|div
915           22|sp
916           29|28|sub
917           27|22|mult
918           8|16|div
919           10|16|div
920           11|10|abd
921           25|18|sub
922           29|18|div
923           7|sp
924           26|28|div
925           17|7|mult
926           16|sin
927           7|6|div
928           0|sp
929           28|26|div
930           7|21|div
931           4|7|div
932           22|9|mult
933           23|22|mult
934           7|12|div
935           29|23|mult
936           29|20|div
937           29|18|sub
938           22|2|div
939           11|14|div
940           23|17|div
941           10|20|div
942           14|11|div
943           7|cb
944           18|29|div
945           9|7|mult
946           20|10|div
947           22|11|div
948           22|12|div
949           14|20|div
950           6|16|div
951           27|20|mult
952           2|16|div
953           20|14|div
954           22|13|div
955           16|9|mult
956           21|20|div
957           21|17|mult
958           5|7|div
959           7|13|div
960           27|18|mult
961           20|17|mult
962           21|18|sub
963           22|17|mult
964           23|21|mult
965           22|8|div
966           20|29|div
967           27|23|div
968           23|12|mult
969           12|7|div
970           7|2|div
971           1|16|div
972           23|10|mult
973           26|18|sub
974           13|7|div
975           7|11|div
976           23|14|mult
977           29|26|abd
978           4|sp
979           20|21|div
980           2|7|div
981           28|18|sub
982           29|17|mult
983           11|7|div
984           18|17|mult
985           22|10|div
986           22|14|div
987           17|23|div
988           29|27|mult
989           1|7|div
990           21|18|div
991           7|8|div
992           7|22|div
993           18|21|div
994           6|7|div
995           7|14|div
996           8|7|div
997           14|7|div
998           7|10|div
999           10|7|div
#-----------------------------------------------------------------------
1000          12|0|mult
1001          29|8|div
1002          26|19|div
1003          5|13|div
1004          8|3|div
1005          0|15|div
1006          26|27|div
1007          5|0|div
1008          17|1|div
1009          13|0|mult
1010          17|6|div
1011          25|5|mult
1012          11|12|div
1013          8|0|mult
1014          14|21|div
1015          10|0|mult
1016          3|20|div
1017          26|24|mult
1018          29|3|mult
1019          6|4|mult
1020          10|9|mult
1021          18|15|div
1022          27|15|div
1023          27|3|div
1024          24|17|div
1025          17|inv
1026          29|15|mult
1027          18|11|div
1028          14|inv
1029          18|0|mult
1030          25|19|div
1031          12|3|mult
1032          9|17|div
1033          5|11|div
1034          26|10|div
1035          19|0|mult
1036          15|12|mult
1037          0|27|div
1038          17|15|div
1039          4|sqrt
1040          14|9|mult
1041          25|14|div
1042          9|27|div
1043          6|23|div
1044          26|0|mult
1045          24|14|div
1046          17|3|div
1047          0|17|div
1048          29|3|div
1049          8|13|div
1050          1|4|div
1051          28|0|mult
1052          23|9|div
1053          23|6|div
1054          23|12|div
1055          19|14|div
1056          6|1|sub
1057          25|0|mult
1058          18|8|div
1059          23|29|div
1060          22|sqrt
1061          19|25|div
1062          14|2|div
1063          21|3|mult
1064          14|3|mult
1065          8|12|div
1066          5|21|div
1067          6|1|div
1068          11|3|mult
1069          21|15|mult
1070          15|14|mult
1071          15|11|mult
1072          2|18|div
1073          24|3|sub
1074          13|3|mult
1075          29|13|div
1076          16|14|mult
1077          3|sq
1078          8|3|mult
1079          9|sqrt
1080          15|13|mult
1081          21|15|div
1082          2|12|div
1083          13|8|div
1084          22|cbrt
1085          10|inv
1086          13|18|div
1087          27|25|div
1088          19|14|sub
1089          15|3|mult
1090          15|8|mult
1091          29|15|div
1092          25|10|div
1093          12|29|div
1094          1|6|div
1095          27|19|div
1096          5|sq
1097          28|14|div
1098          27|28|div
1099          19|10|div
1100          10|3|mult
1101          24|10|div
1102          23|4|mult
1103          11|29|div
1104          2|8|div
1105          5|29|div
1106          26|21|div
1107          18|3|mult
1108          13|29|div
1109          15|10|mult
1110          5|12|div
1111          15|sq
1112          12|3|add
1113          18|15|mult
1114          3|25|div
1115          11|15|div
1116          17|28|div
1117          3|log
1118          12|3|div
1119          3|cb
1120          16|11|mult
1121          23|3|mult
1122          29|4|mult
1123          9|cbrt
1124          15|28|div
1125          16|10|mult
1126          15|25|div
1127          23|5|div
1128          10|21|div
1129          13|15|div
1130          8|11|div
1131          15|cb
1132          26|19|sub
1133          3|28|div
1134          15|24|div
1135          18|8|sub
1136          16|8|mult
1137          3|24|div
1138          2|13|div
1139          15|26|div
1140          12|11|div
1141          2|14|div
1142          24|inv
1143          24|log
1144          24|cbrt
1145          24|sqrt
1146          24
1147          24|sq
1148          11|8|div
1149          3|27|div
1150          24|cb
1151          19|3|mult
1152          5|8|div
1153          15
1154          2|11|div
1155          3|cbrt
1156          9|15|div
1157          26|3|mult
1158          19|15|mult
1159          3|26|div
1160          24|sp
1161          15|27|div
1162          3
1163          26|15|mult
1164          15|cbrt
1165          3|sqrt
1166          3|19|div
1167          28|10|div
1168          21|4|mult
1169          24|15|mult
1170          5|2|mult
1171          15|sqrt
1172          9|0|mult
1173          8|29|div
1174          28|3|mult
1175          28|15|mult
1176          2|21|div
1177          24|3|mult
1178          27|3|mult
1179          17|25|div
1180          27|17|div
1181          3|17|div
1182          20|15|div
1183          16|1|mult
1184          16|13|mult
1185          23|0|div
1186          15|19|div
1187          15|17|div
1188          17|19|div
1189          6|cb
1190          23|22|div
1191          25|3|mult
1192          17|cbrt
1193          16|12|mult
1194          25|15|mult
1195          20|cos
1196          12|3|abd
1197          12|3|sub
1198          24|22|div
1199          23|18|div
1200          9|3|div
1201          23|2|div
1202          10|0|div
1203          17|sqrt
1204          4|12|div
1205          23|21|div
1206          4|10|div
1207          26|9|mult
1208          15|18|div
1209          29|12|div
1210          9|18|div
1211          1|sp
1212          17|27|div
1213          26|2|div
1214          16|6|mult
1215          19|28|div
1216          10|5|div
1217          17|8|mult
1218          17|26|div
1219          3|2|mult
1220          4|28|div
1221          4|8|div
1222          19|9|mult
1223          24|3|add
1224          17|4|mult
1225          3|4|div
1226          5|cb
1227          14|3|div
1228          3|18|div
1229          20|2|mult
1230          2|29|div
1231          28|19|div
1232          4|25|div
1233          9|4|div
1234          9|16|div
1235          22|inv
1236          19|2|div
1237          4|26|div
1238          15|2|mult
1239          27|4|mult
1240          27|14|div
1241          4|19|div
1242          4|18|div
1243          16|17|div
1244          27|21|div
1245          4|14|div
1246          13|8|sub
1247          4|11|div
1248          27|inv
1249          4|13|div
1250          18|13|div
1251          23|14|div
1252          8|15|div
1253          17|24|div
1254          25|9|mult
1255          27|15|mult
1256          25|2|div
1257          14|0|div
1258          23|25|div
1259          27|29|div
1260          14|5|div
1261          17
1262          4|24|div
1263          14|4|mult
1264          23|10|div
1265          0|1|div
1266          3|21|div
1267          17|21|div
1268          24|17|mult
1269          4
1270          24|27|div
1271          1|3|div
1272          18|11|sub
1273          28|2|div
1274          24|4|mult
1275          28|9|mult
1276          11|4|mult
1277          13|4|mult
1278          23|15|mult
1279          7|3|div
1280          27|26|div
1281          20|nexp
1282          17|29|div
1283          4|27|div
1284          8|4|mult
1285          19|4|mult
1286          18|4|mult
1287          21|25|div
1288          26|4|mult
1289          27|10|div
1290          17|14|div
1291          23|19|div
1292          5|3|div
1293          15|5|mult
1294          6|3|div
1295          9|7|div
1296          25|4|mult
1297          4|17|div
1298          2|inv
1299          10|4|mult
1300          28|4|mult
1301          2|3|div
1302          9|8|sub
1303          18|9|sub
1304          11|9|sub
1305          13|9|sub
1306          23|9|mult
1307          10|3|div
1308          26|5|div
1309          6|9|div
1310          9|11|div
1311          23|17|mult
1312          14|10|div
1313          24|2|div
1314          16|cos
1315          10|9|sub
1316          1|9|div
1317          17|3|mult
1318          19|9|sub
1319          10|29|div
1320          16|27|div
1321          14|9|sub
1322          15|29|div
1323          9|24|div
1324          28|9|sub
1325          26|9|sub
1326          25|9|sub
1327          23|28|div
1328          9|8|abd
1329          15|21|div
1330          29|9|div
1331          11|9|abd
1332          21|9|sub
1333          27|23|mult
1334          29|9|sub
1335          23|26|div
1336          13|9|abd
1337          18|9|abd
1338          17|10|div
1339          20|3|div
1340          12|9|div
1341          14|9|div
1342          9|12|div
1343          10|9|abd
1344          19|5|div
1345          11|9|div
1346          14|9|abd
1347          9
1348          10|14|div
1349          21|9|div
1350          3|29|div
1351          9|13|div
1352          25|5|div
1353          27|cbrt
1354          28|5|div
1355          9|8|div
1356          25|9|add
1357          6|0|div
1358          26|9|add
1359          24|9|mult
1360          28|9|add
1361          14|9|add
1362          19|9|add
1363          26|0|div
1364          29|9|abd
1365          27|sqrt
1366          5|inv
1367          13|9|div
1368          12|15|div
1369          8|9|div
1370          19|16|mult
1371          10|9|div
1372          21|9|abd
1373          3|13|div
1374          24|5|div
1375          17|15|mult
1376          4|29|div
1377          19|0|div
1378          15|23|div
1379          9|5|mult
1380          5|4|mult
1381          27|22|div
1382          27|24|mult
1383          9|28|div
1384          25|0|div
1385          20|3|mult
1386          3|12|div
1387          26|19|abd
1388          26|16|mult
1389          3|23|div
1390          28|0|div
1391          18|9|div
1392          27
1393          3|exp
1394          16|5|mult
1395          9|25|div
1396          27|24|div
1397          9|6|div
1398          20|15|mult
1399          9|1|div
1400          16|15|div
1401          15|4|div
1402          23|cb
1403          3|11|div
1404          19|9|div
1405          28|25|div
1406          18|13|sub
1407          16|3|mult
1408          0|inv
1409          7|15|div
1410          9|21|div
1411          17|22|div
1412          11|13|div
1413          9|2|mult
1414          26|9|div
1415          15|13|div
1416          3|9|div
1417          28|9|div
1418          25|9|div
1419          9|29|div
1420          5|9|div
1421          9|inv
1422          4|3|mult
1423          14|15|div
1424          24|9|div
1425          15|4|mult
1426          0|22|div
1427          16|15|mult
1428          25|28|div
1429          3|sin
1430          17|9|div
1431          27|9|div
1432          15|12|div
1433          16|3|div
1434          5|22|div
1435          22|15|div
1436          13|5|div
1437          5|15|div
1438          20|exp
1439          15|11|div
1440          17|12|mult
1441          13|11|div
1442          28|25|sub
1443          1|15|div
1444          23|sq
1445          8|5|div
1446          11|5|div
1447          12|5|div
1448          6|15|div
1449          10|15|div
1450          17|11|mult
1451          17|20|div
1452          2|15|div
1453          9|1|mult
1454          20|27|div
1455          22|3|div
1456          9|22|div
1457          9|6|mult
1458          9|20|div
1459          3|8|div
1460          4|9|div
1461          14|10|sub
1462          15|8|div
1463          6|2|div
1464          17|13|mult
1465          5|6|div
1466          25|8|sub
1467          6|5|div
1468          16|20|div
1469          20|3|add
1470          27|20|div
1471          14|10|abd
1472          17|16|div
1473          3|14|div
1474          15|14|div
1475          20|4|div
1476          28|18|div
1477          0|4|div
1478          24|cos
1479          25|11|sub
1480          23|7|mult
1481          25|13|sub
1482          15|10|div
1483          20|16|div
1484          3|10|div
1485          2|6|div
1486          15|3|div
1487          23|16|mult
1488          5|1|div
1489          23|20|mult
1490          1|5|div
1491          16|7|div
1492          28|25|abd
1493          7|16|div
1494          7|20|div
1495          20|7|div
1496          1|2|div
1497          3|cos
1498          2|1|div
1499          10|8|abd
#-----------------------------------------------------------------------
