# c0 + a0 * (mp_bandgap / max:mendeleev_number)
# Property Label: $bandgap$; Unit of the Property: eV
# RMSE: 0.463098154600945; Max AE: 4.30588651320199
# Coefficients
# Task   a0                      c0
# all ,  9.492554550281577e+01,  1.442771340526090e-01, 
# Feature Rung, Units, and Expressions
# 0;  1; eV;                                               0|21|div; (mp_bandgap / max:mendeleev_number); $\left(\frac{ mp_{bandgap} }{ max:mendeleev_{number} } \right)$; (mp_bandgap ./ max:mendeleev_number); mp_bandgap,max:mendeleev_number
# Number of Samples Per Task
# Task, n_mats_train            
# all , 1015                  

# Sample ID , Property Value        ,  Property Value (EST) ,  Feature 0 Value      
3266        ,  1.678000000000000e+00,  5.687165038453973e-01,  4.471287128712873e-03
4239        ,  4.587000000000003e-01,  5.598818491154322e-01,  4.378217821782179e-03
3034        ,  1.700700000000000e+00,  2.063085953306867e+00,  2.021382978723404e-02
3402        ,  0.000000000000000e+00,  1.442771340526090e-01,  0.000000000000000e+00
5237        ,  1.472900000000000e+00,  1.339733099650835e+00,  1.259361702127659e-02
3895        ,  0.000000000000000e+00,  1.635498963213627e-01,  2.030303030303053e-04
3975        ,  1.985400000000000e+00,  1.784233414724522e+00,  1.727623762376238e-02
4451        ,  1.030000000000000e-01,  1.442771340526090e-01,  0.000000000000000e+00
4189        ,  1.018400000000000e+00,  1.065806810938855e+00,  9.707920792079208e-03
3912        ,  4.126200000000000e+00,  3.850978707404640e+00,  3.904851485148515e-02
4305        ,  7.780300000000000e+00,  6.451707375673529e+00,  6.644607843137255e-02
4944        ,  2.979200000000000e+00,  3.051347499729563e+00,  3.062474226804124e-02
5512        ,  0.000000000000000e+00,  1.442771340526090e-01,  0.000000000000000e+00
4489        ,  1.591999999999998e-01,  1.442771340526090e-01,  0.000000000000000e+00
3914        ,  1.235300000000000e+00,  2.017119401702551e+00,  1.972959183673470e-02
4426        ,  3.982600000000000e+00,  3.783496982977886e+00,  3.833762376237624e-02
5700        ,  2.603800000000000e+00,  2.072393536023169e+00,  2.031188118811882e-02
3327        ,  1.875800000000000e+00,  1.356900485539643e+00,  1.277446808510638e-02
4149        ,  0.000000000000000e+00,  1.446260878459051e+00,  1.371584158415841e-02
3977        ,  3.184500000000000e+00,  3.243875387500434e+00,  3.265294117647059e-02
4713        ,  3.813500000000000e+00,  5.016445957889364e+00,  5.132621359223301e-02
3772        ,  6.627000000000001e-01,  3.311206830225077e-01,  1.968316831683167e-03
3860        ,  1.860999999999999e-01,  1.442771340526090e-01,  0.000000000000000e+00
5825        ,  2.044100000000000e+00,  2.199213224942819e+00,  2.164787234042553e-02
4119        ,  3.041100000000000e+00,  2.606627352250892e+00,  2.593980582524271e-02
5350        ,  5.800999999999998e-01,  6.451317133138575e-01,  5.276288659793815e-03
3088        ,  1.459500000000000e+00,  1.070833002112702e+00,  9.760869565217389e-03
5236        ,  1.808000000000001e-01,  1.442771340526090e-01,  0.000000000000000e+00
3447        ,  1.737800000000000e+00,  1.641703643262179e+00,  1.577474747474748e-02
5393        ,  0.000000000000000e+00,  1.442771340526090e-01,  0.000000000000000e+00
3172        ,  0.000000000000000e+00,  1.442771340526090e-01,  0.000000000000000e+00
4685        ,  7.060000000000000e-01,  6.351340677332975e-01,  5.170967741935475e-03
5367        ,  0.000000000000000e+00,  1.442771340526090e-01,  0.000000000000000e+00
4848        ,  7.781000000000002e-01,  7.213093894424527e-01,  6.078787878787878e-03
3748        ,  5.403900000000000e+00,  4.800840462267207e+00,  4.905490196078431e-02
5254        ,  4.435099999999999e+00,  5.990092980319576e+00,  6.158316831683168e-02
5773        ,  3.998000000000000e+00,  3.731983332112061e+00,  3.779494949494950e-02
5108        ,  2.033300000000000e+00,  1.858520808721105e+00,  1.805882352941176e-02
5284        ,  5.591300000000000e+00,  5.313500450822610e+00,  5.445555555555556e-02
4269        ,  0.000000000000000e+00,  1.442771340526090e-01,  0.000000000000000e+00
5628        ,  0.000000000000000e+00,  1.442771340526090e-01,  0.000000000000000e+00
4071        ,  2.744300000000000e+00,  2.700723451239606e+00,  2.693106796116505e-02
3318        ,  6.493000000000000e-01,  5.789742244910473e-01,  4.579347826086961e-03
3602        ,  1.873300000000000e+00,  1.166747440513136e+00,  1.077128712871287e-02
3203        ,  2.789999999999981e-02,  1.442771340526090e-01,  0.000000000000000e+00
5333        ,  4.202400000000000e+00,  3.641592280402951e+00,  3.684271844660194e-02
3128        ,  0.000000000000000e+00,  1.442771340526090e-01,  0.000000000000000e+00
3581        ,  3.809500000000000e+00,  3.608137937667493e+00,  3.649029126213592e-02
5122        ,  0.000000000000000e+00,  1.442771340526090e-01,  0.000000000000000e+00
3339        ,  0.000000000000000e+00,  1.881044603805049e-01,  4.617021276595756e-04
4743        ,  0.000000000000000e+00,  1.442771340526090e-01,  0.000000000000000e+00
3180        ,  1.234700000000000e+00,  1.498884865302365e+00,  1.427021276595745e-02
5373        ,  3.522100000000000e+00,  3.068735821048268e+00,  3.080792079207921e-02
4704        ,  7.975000000000003e-01,  9.608409663348955e-01,  8.602150537634412e-03
5658        ,  1.245900000000000e+00,  1.420786010091989e+00,  1.344747474747475e-02
4011        ,  0.000000000000000e+00,  1.442771340526090e-01,  0.000000000000000e+00
5591        ,  4.297800000000001e+00,  4.083593286730847e+00,  4.149900990099010e-02
4560        ,  4.276800000000000e+00,  3.657274203165726e+00,  3.700792079207921e-02
3973        ,  2.406300000000000e+00,  1.992129757944550e+00,  1.946633663366337e-02
3866        ,  4.189600000000000e+00,  4.061817171249697e+00,  4.126960784313725e-02
3283        ,  0.000000000000000e+00,  1.442771340526090e-01,  0.000000000000000e+00
4284        ,  2.943400000000000e+00,  2.703944468536036e+00,  2.696500000000000e-02
5814        ,  0.000000000000000e+00,  1.442771340526090e-01,  0.000000000000000e+00
3835        ,  1.736000000000000e+00,  1.761333801693076e+00,  1.703500000000000e-02
3489        ,  2.194900000000000e+00,  2.290649190699610e+00,  2.261111111111111e-02
3712        ,  0.000000000000000e+00,  1.442771340526090e-01,  0.000000000000000e+00
5650        ,  4.359699999999999e+00,  4.362321667748317e+00,  4.443529411764706e-02
3446        ,  1.277400000000000e+00,  1.257661919369506e+00,  1.172903225806452e-02
4672        ,  6.372000000000000e-01,  6.209725467162542e-01,  5.021782178217823e-03
5001        ,  3.887400000000000e+00,  3.876824771774218e+00,  3.932079207920792e-02
3871        ,  2.856000000000001e-01,  3.007144330412493e-01,  1.647999999999998e-03
5893        ,  4.026400000000000e+00,  3.715491217135814e+00,  3.762121212121212e-02
5360        ,  2.079200000000000e+00,  1.309649486366304e+00,  1.227669902912621e-02
4956        ,  3.796700000000000e+00,  4.199164659327257e+00,  4.271650485436893e-02
4791        ,  3.607100000000000e+00,  4.202113802488511e+00,  4.274757281553399e-02
3642        ,  5.232000000000000e-01,  7.577850618349385e-01,  6.463043478260877e-03
5895        ,  2.015800000000000e+00,  3.930678571351558e+00,  3.988811881188119e-02
4395        ,  9.707000000000000e-01,  5.426548853421442e-01,  4.196739130434791e-03
4360        ,  1.576000000000000e-01,  3.361833141876829e-01,  2.021649484536082e-03
4190        ,  0.000000000000000e+00,  1.442771340526090e-01,  0.000000000000000e+00
4195        ,  5.205000000000000e+00,  6.119701982369178e+00,  6.294854368932039e-02
5391        ,  2.591300000000000e+00,  2.398335904145708e+00,  2.374554455445544e-02
3452        ,  0.000000000000000e+00,  1.442771340526090e-01,  0.000000000000000e+00
3615        ,  3.120000000000012e-02,  1.583261147870259e-01,  1.480000000000015e-04
3084        ,  8.620000000000028e-02,  1.038159354204124e+00,  9.416666666666667e-03
4001        ,  2.571800000000000e+00,  2.416499779073893e+00,  2.393689320388349e-02
4065        ,  0.000000000000000e+00,  1.442771340526090e-01,  0.000000000000000e+00
5625        ,  8.441999999999998e-01,  1.571355830007812e+00,  1.503366336633664e-02
3791        ,  2.952400000000000e+00,  2.409088972637437e+00,  2.385882352941177e-02
3770        ,  7.553000000000001e-01,  1.442771340526090e-01,  0.000000000000000e+00
4869        ,  2.777500000000000e+00,  4.234185734367131e+00,  4.308543689320388e-02
4745        ,  0.000000000000000e+00,  1.442771340526090e-01,  0.000000000000000e+00
3197        ,  1.631300000000000e+00,  1.720849066382354e+00,  1.660851063829788e-02
5875        ,  4.952999999999994e-01,  3.531133341588037e-01,  2.200000000000000e-03
3846        ,  4.541999999999993e-01,  6.583641079325643e-01,  5.415686274509804e-03
3699        ,  1.530600000000000e+00,  1.539306710189534e+00,  1.469603960396040e-02
5642        ,  5.254999999999996e-01,  8.687525837590505e-01,  7.632038834951457e-03
3361        ,  0.000000000000000e+00,  1.442771340526090e-01,  0.000000000000000e+00
3183        ,  1.126200000000000e+00,  1.196334935167859e+00,  1.108297872340426e-02
4240        ,  1.907300000000000e+00,  1.854653691692173e+00,  1.801808510638298e-02
3279        ,  0.000000000000000e+00,  1.442771340526090e-01,  0.000000000000000e+00
3707        ,  1.609999999999999e+00,  1.742538543683518e+00,  1.683700000000000e-02
3456        ,  1.118800000000000e+00,  9.736771023347874e-01,  8.737373737373740e-03
5161        ,  4.347900000000000e+00,  4.217606742986672e+00,  4.291078431372550e-02
4762        ,  2.902400000000000e+00,  3.516553670170287e+00,  3.552549019607843e-02
5732        ,  5.205000000000001e-01,  4.209025552407063e-01,  2.914130434782614e-03
3035        ,  2.801000000000000e-01,  1.537696886028906e-01,  9.999999999999998e-05
3342        ,  0.000000000000000e+00,  1.442771340526090e-01,  0.000000000000000e+00
5370        ,  3.720300000000000e+00,  4.031247820583442e+00,  4.094757281553398e-02
4447        ,  2.571900000000000e+00,  2.580386182996158e+00,  2.566336633663366e-02
4256        ,  2.726200000000000e+00,  2.700052521170420e+00,  2.692400000000000e-02
3475        ,  0.000000000000000e+00,  1.442771340526090e-01,  0.000000000000000e+00
4651        ,  3.520400000000000e+00,  3.576342487960239e+00,  3.615533980582524e-02
4953        ,  2.663900000000000e+00,  2.512813320931957e+00,  2.495151515151515e-02
3068        ,  4.846000000000000e+00,  4.693014349002038e+00,  4.791900000000000e-02
3250        ,  1.199900000000000e+00,  1.442771340526090e-01,  0.000000000000000e+00
3509        ,  0.000000000000000e+00,  1.442771340526090e-01,  0.000000000000000e+00
5085        ,  0.000000000000000e+00,  1.442771340526090e-01,  0.000000000000000e+00
4930        ,  7.380000000000009e-02,  7.410358726878363e-01,  6.286597938144329e-03
4805        ,  8.720000000000001e-01,  6.959561288205687e-01,  5.811702127659570e-03
4252        ,  1.628000000000003e-01,  1.442771340526090e-01,  0.000000000000000e+00
4987        ,  2.826900000000000e+00,  2.684931440157384e+00,  2.676470588235294e-02
4859        ,  0.000000000000000e+00,  1.442771340526090e-01,  0.000000000000000e+00
4901        ,  1.536700000000000e+00,  1.710759580505743e+00,  1.650222222222223e-02
3503        ,  7.069999999999999e-01,  4.015159637963782e-01,  2.709900990099010e-03
5304        ,  1.210000000000022e-02,  1.442771340526090e-01,  0.000000000000000e+00
3778        ,  4.467100000000000e+00,  4.173359656666299e+00,  4.244466019417476e-02
5307        ,  0.000000000000000e+00,  1.442771340526090e-01,  0.000000000000000e+00
5162        ,  0.000000000000000e+00,  1.442771340526090e-01,  0.000000000000000e+00
5909        ,  1.706400000000000e+00,  1.455521860023979e+00,  1.381340206185567e-02
5855        ,  0.000000000000000e+00,  1.442771340526090e-01,  0.000000000000000e+00
3939        ,  0.000000000000000e+00,  1.442771340526090e-01,  0.000000000000000e+00
3401        ,  2.284600000000000e+00,  2.049792259116899e+00,  2.007378640776699e-02
4835        ,  4.617200000000000e+00,  4.380212120004992e+00,  4.462376237623762e-02
4892        ,  0.000000000000000e+00,  1.442771340526090e-01,  0.000000000000000e+00
4192        ,  2.623400000000000e+00,  2.271619199544435e+00,  2.241063829787234e-02
4412        ,  0.000000000000000e+00,  1.442771340526090e-01,  0.000000000000000e+00
4464        ,  2.394400000000000e+00,  1.959704695371806e+00,  1.912475247524752e-02
5256        ,  1.496700000000000e+00,  1.532613729342727e+00,  1.462553191489362e-02
3666        ,  4.611900000000000e+00,  5.745990247404209e+00,  5.901165048543689e-02
3081        ,  9.398000000000002e-01,  1.389518518728376e+00,  1.311808510638298e-02
4753        ,  7.596999999999996e-01,  1.382336369943879e+00,  1.304242424242424e-02
3512        ,  2.296399999999999e+00,  2.226310765414369e+00,  2.193333333333334e-02
4475        ,  4.044100000000000e+00,  4.069351577792507e+00,  4.134897959183673e-02
3178        ,  0.000000000000000e+00,  1.442771340526090e-01,  0.000000000000000e+00
4452        ,  1.246100000000000e+00,  8.662751940057087e-01,  7.605940594059406e-03
4851        ,  0.000000000000000e+00,  1.442771340526090e-01,  0.000000000000000e+00
4688        ,  2.151000000000000e+00,  2.286261969861360e+00,  2.256489361702128e-02
3725        ,  0.000000000000000e+00,  1.442771340526090e-01,  0.000000000000000e+00
3488        ,  3.973200000000000e+00,  3.083115631406615e+00,  3.095940594059406e-02
4840        ,  3.246200000000000e+00,  3.238473974689936e+00,  3.259603960396040e-02
4061        ,  1.667600000000000e+00,  1.702089922873571e+00,  1.641089108910891e-02
3468        ,  3.429900000000000e+00,  3.193172872776711e+00,  3.211881188118812e-02
5755        ,  1.744400000000000e+00,  1.574833300486627e+00,  1.507029702970297e-02
3201        ,  0.000000000000000e+00,  5.704322425865263e-01,  4.489361702127656e-03
4310        ,  1.386300000000000e+00,  1.408353621544474e+00,  1.331650485436893e-02
5787        ,  2.082800000000000e+00,  1.578163223540304e+00,  1.510537634408602e-02
5017        ,  3.460900000000000e+00,  3.468644926112110e+00,  3.502079207920792e-02
3275        ,  0.000000000000000e+00,  1.443781186754846e-01,  1.063829787236288e-06
3568        ,  3.916600000000000e+00,  4.467054896286776e+00,  4.553861386138614e-02
4102        ,  1.217700000000000e+00,  1.238268528352802e+00,  1.152473118279570e-02
4858        ,  3.400500000000000e+00,  3.291011025276253e+00,  3.314949494949495e-02
3225        ,  2.281000000000004e-01,  1.442771340526090e-01,  0.000000000000000e+00
4937        ,  0.000000000000000e+00,  1.442771340526090e-01,  0.000000000000000e+00
4798        ,  1.230200000000000e+00,  1.158758656980721e+00,  1.068712871287129e-02
4839        ,  2.247100000000000e+00,  1.908294523698499e+00,  1.858316831683168e-02
3619        ,  0.000000000000000e+00,  1.442771340526090e-01,  0.000000000000000e+00
3322        ,  0.000000000000000e+00,  1.442771340526090e-01,  0.000000000000000e+00
4624        ,  1.861999999999995e-01,  1.782059676432194e-01,  3.574257425742574e-04
5806        ,  3.925800000000000e+00,  2.944486740697057e+00,  2.949900990099009e-02
4535        ,  1.017200000000000e+00,  8.477360170021982e-01,  7.410638297872332e-03
3001        ,  0.000000000000000e+00,  1.442771340526090e-01,  0.000000000000000e+00
3237        ,  9.591000000000000e-01,  9.293315922854700e-01,  8.270212765957442e-03
3462        ,  9.331000000000000e-01,  7.780566272182174e-01,  6.676595744680853e-03
3491        ,  8.259000000000001e-01,  9.991942119006488e-01,  9.006185567010310e-03
3481        ,  8.867999999999998e-01,  1.442771340526090e-01,  0.000000000000000e+00
4049        ,  4.949900000000000e+00,  6.094818586946110e+00,  6.268640776699029e-02
5896        ,  0.000000000000000e+00,  1.442771340526090e-01,  0.000000000000000e+00
3961        ,  1.207400000000000e+00,  1.373046027026682e+00,  1.294455445544554e-02
3907        ,  1.832000000000000e+00,  1.110144559543759e+00,  1.017500000000000e-02
3543        ,  2.136700000000000e+00,  1.902823356803709e+00,  1.852553191489362e-02
3529        ,  3.656900000000000e+00,  3.742248892770676e+00,  3.790309278350516e-02
3611        ,  1.296200000000000e+00,  1.352036902894495e+00,  1.272323232323232e-02
3217        ,  3.489100000000000e+00,  3.180696500733455e+00,  3.198737864077670e-02
3692        ,  1.994200000000000e+00,  2.069122227700027e+00,  2.027741935483870e-02
5730        ,  0.000000000000000e+00,  1.442771340526090e-01,  0.000000000000000e+00
5371        ,  4.331500000000000e+00,  3.567141927782359e+00,  3.605841584158416e-02
3979        ,  1.458900000000000e+00,  1.595134209227824e+00,  1.528415841584158e-02
3922        ,  1.836800000000000e+00,  1.792316183945554e+00,  1.736138613861386e-02
5636        ,  2.208800000000000e+00,  1.426241926783705e+00,  1.350495049504951e-02
3253        ,  0.000000000000000e+00,  1.442771340526090e-01,  0.000000000000000e+00
5413        ,  7.898000000000001e-01,  2.018378618122486e+00,  1.974285714285715e-02
3824        ,  2.338300000000000e+00,  2.391985026545982e+00,  2.367864077669903e-02
5357        ,  3.189999999999982e-02,  1.442771340526090e-01,  0.000000000000000e+00
5584        ,  3.728300000000000e+00,  4.058803876996395e+00,  4.123786407766990e-02
5423        ,  0.000000000000000e+00,  1.442771340526090e-01,  0.000000000000000e+00
3710        ,  3.456000000000000e+00,  3.220710679541389e+00,  3.240891089108910e-02
4749        ,  2.372800000000001e+00,  2.269492582192119e+00,  2.238823529411765e-02
3853        ,  0.000000000000000e+00,  1.442771340526090e-01,  0.000000000000000e+00
4604        ,  2.293100000000000e+00,  2.550538727926113e+00,  2.534893617021276e-02
4755        ,  2.301300000000000e+00,  2.273334938285565e+00,  2.242871287128713e-02
3150        ,  0.000000000000000e+00,  1.442771340526090e-01,  0.000000000000000e+00
3950        ,  0.000000000000000e+00,  1.442771340526090e-01,  0.000000000000000e+00
5107        ,  2.169700000000000e+00,  4.262110433675241e+00,  4.337961165048544e-02
5441        ,  3.915400000000000e+00,  4.068204270822887e+00,  4.133689320388349e-02
3886        ,  1.935600000000000e+00,  1.912523879686248e+00,  1.862772277227722e-02
3917        ,  4.013700000000000e+00,  3.843496876980521e+00,  3.896969696969697e-02
3695        ,  1.607300000000000e+00,  9.702252643165027e-01,  8.701010101010098e-03
3680        ,  2.891000000000000e+00,  2.926842114347269e+00,  2.931313131313132e-02
4977        ,  0.000000000000000e+00,  1.442771340526090e-01,  0.000000000000000e+00
3959        ,  2.491400000000000e+00,  1.979253718604070e+00,  1.933069306930693e-02
3665        ,  1.944300000000001e+00,  1.943727128306976e+00,  1.895643564356436e-02
3685        ,  3.286000000000000e+00,  2.991752910732482e+00,  2.999693877551021e-02
3506        ,  1.599000000000000e+00,  1.109224362929191e+00,  1.016530612244898e-02
4046        ,  0.000000000000000e+00,  6.564051513247311e-01,  5.395049504950497e-03
5179        ,  7.950000000000035e-02,  1.442771340526090e-01,  0.000000000000000e+00
5281        ,  1.805600000000000e+00,  1.923222250624527e+00,  1.874042553191490e-02
5869        ,  4.138300000000000e+00,  4.075300646554651e+00,  4.141165048543689e-02
4250        ,  2.172900000000000e+00,  2.165068477993197e+00,  2.128817204301075e-02
4232        ,  0.000000000000000e+00,  5.868063265925398e-01,  4.661855670103092e-03
3579        ,  1.574400000000000e+00,  1.445344275763883e+00,  1.370618556701031e-02
3199        ,  2.250400000000000e+00,  1.717718543073218e+00,  1.657553191489361e-02
3472        ,  7.224000000000004e-01,  8.115478803812254e-01,  7.029411764705879e-03
5768        ,  1.701800000000000e+00,  1.985529762938609e+00,  1.939680851063830e-02
3486        ,  7.329999999999992e-02,  1.442771340526090e-01,  0.000000000000000e+00
5647        ,  3.195000000000000e+00,  3.100977474655847e+00,  3.114757281553398e-02
4658        ,  2.303800000000000e+00,  2.377054989292141e+00,  2.352135922330097e-02
5559        ,  3.416700000000000e+00,  2.774466629989539e+00,  2.770792079207921e-02
3393        ,  8.523999999999998e-01,  2.656763594678767e-01,  1.278888888888889e-03
3139        ,  1.653300000000000e+00,  1.623600874553405e+00,  1.558404255319149e-02
4492        ,  1.135700000000000e+00,  1.122112323210646e+00,  1.030107526881720e-02
4690        ,  1.719900000000000e+00,  1.712428348621402e+00,  1.651980198019802e-02
3825        ,  1.613500000000001e+00,  1.565667322470529e+00,  1.497373737373737e-02
4563        ,  0.000000000000000e+00,  1.442771340526090e-01,  0.000000000000000e+00
5631        ,  1.302400000000000e+00,  3.714135544778798e+00,  3.760693069306931e-02
4055        ,  1.163999999999996e-01,  3.066844039821788e-01,  1.710891089108909e-03
5780        ,  9.264000000000001e-01,  1.022136460707904e+00,  9.247872340425529e-03
4399        ,  4.730000000000034e-02,  1.442771340526090e-01,  0.000000000000000e+00
3479        ,  2.809000000000000e+00,  2.524746655335102e+00,  2.507722772277228e-02
5715        ,  3.863600000000000e+00,  4.406802770024194e+00,  4.490388349514563e-02
5763        ,  3.147600000000001e+00,  4.130586131039172e+00,  4.199405940594060e-02
4439        ,  0.000000000000000e+00,  1.442771340526090e-01,  0.000000000000000e+00
3440        ,  2.282500000000000e+00,  2.502378061444340e+00,  2.484158415841585e-02
3534        ,  0.000000000000000e+00,  5.887104593269625e-01,  4.681914893617023e-03
3574        ,  2.645500000000000e+00,  2.372395854087514e+00,  2.347227722772277e-02
3733        ,  0.000000000000000e+00,  1.442771340526090e-01,  0.000000000000000e+00
3089        ,  0.000000000000000e+00,  1.442771340526090e-01,  0.000000000000000e+00
3658        ,  2.646900000000000e+00,  2.239406104694955e+00,  2.207128712871288e-02
4695        ,  2.482000000000000e+00,  2.315509136338514e+00,  2.287300000000000e-02
5697        ,  1.888100000000000e+00,  1.398253178583745e+00,  1.321010101010101e-02
3968        ,  3.180000000000000e+00,  2.958540365430205e+00,  2.964705882352941e-02
5590        ,  2.527500000000000e+00,  1.723988588321250e+00,  1.664158415841585e-02
4965        ,  2.943700000000000e+00,  2.669954544247825e+00,  2.660693069306931e-02
4770        ,  2.630999999999999e-01,  7.951403692779760e-01,  6.856565656565655e-03
3864        ,  2.564400000000000e+00,  2.486910572048797e+00,  2.467864077669903e-02
5202        ,  3.249999999999975e-02,  1.943287853177302e-01,  5.272727272727287e-04
4744        ,  1.614900000000000e+00,  1.717591497902504e+00,  1.657419354838710e-02
4337        ,  0.000000000000000e+00,  1.442771340526090e-01,  0.000000000000000e+00
3545        ,  5.858400000000000e+00,  5.404938082992318e+00,  5.541881188118811e-02
3700        ,  6.755000000000000e-01,  7.837301269397589e-01,  6.736363636363637e-03
4175        ,  6.012000000000000e-01,  4.801460494640425e-01,  3.538235294117647e-03
5607        ,  9.406000000000001e-01,  5.982730848400556e-01,  4.782653061224491e-03
5359        ,  1.056300000000000e+00,  1.299582930786335e+00,  1.217065217391304e-02
4377        ,  4.062600000000000e+00,  4.684943834419823e+00,  4.783398058252427e-02
4075        ,  2.952200000000000e+00,  2.433956480131419e+00,  2.412079207920792e-02
5633        ,  4.619200000000000e+00,  4.269496978814579e+00,  4.345742574257425e-02
4910        ,  0.000000000000000e+00,  1.442771340526090e-01,  0.000000000000000e+00
3649        ,  1.546300000000000e+00,  1.069942181237988e+00,  9.751485148514852e-03
3741        ,  4.134000000000000e+00,  3.937796846661252e+00,  3.996310679611650e-02
3537        ,  2.426400000000000e+00,  2.543355821681199e+00,  2.527326732673267e-02
3156        ,  1.755100000000000e+00,  1.038686718345806e+00,  9.422222222222221e-03
3519        ,  1.893400000000000e+00,  1.417810500975869e+00,  1.341612903225806e-02
5109        ,  0.000000000000000e+00,  1.442771340526090e-01,  0.000000000000000e+00
3131        ,  6.086400000000000e+00,  5.492680173314199e+00,  5.634313725490196e-02
3204        ,  3.863100000000000e+00,  3.158407857234800e+00,  3.175257731958763e-02
4783        ,  0.000000000000000e+00,  1.442771340526090e-01,  0.000000000000000e+00
3982        ,  9.999999999976694e-05,  1.442771340526090e-01,  0.000000000000000e+00
5510        ,  3.329200000000000e+00,  3.375637628513960e+00,  3.404099999999999e-02
3430        ,  0.000000000000000e+00,  1.442771340526090e-01,  0.000000000000000e+00
5228        ,  8.589000000000000e-01,  1.005163756514744e+00,  9.069072164948460e-03
4312        ,  5.035999999999996e-01,  4.584712910980676e-01,  3.309900990099010e-03
4346        ,  2.214600000000000e+00,  1.185450592547850e+00,  1.096831683168317e-02
5274        ,  2.598400000000000e+00,  5.044462817921264e+00,  5.162135922330097e-02
4358        ,  3.600000000000003e-02,  1.442771340526090e-01,  0.000000000000000e+00
3788        ,  7.426000000000001e-01,  7.007024060957097e-01,  5.861702127659571e-03
3544        ,  0.000000000000000e+00,  1.442771340526090e-01,  0.000000000000000e+00
3583        ,  1.527200000000000e+00,  1.686460001796742e+00,  1.624623655913979e-02
3222        ,  0.000000000000000e+00,  1.442771340526090e-01,  0.000000000000000e+00
3620        ,  9.683000000000000e-01,  1.242798166243868e+00,  1.157244897959184e-02
3484        ,  1.768600000000000e+00,  2.193690303042266e+00,  2.158969072164948e-02
4920        ,  3.948700000000000e+00,  3.570525412572558e+00,  3.609405940594059e-02
4565        ,  1.903700000000000e+00,  2.137713589611740e+00,  2.100000000000000e-02
4215        ,  2.252700000000000e+00,  1.936047297729695e+00,  1.887553191489362e-02
4801        ,  3.595800000000000e+00,  3.422526239956162e+00,  3.453495145631068e-02
3224        ,  0.000000000000000e+00,  1.442771340526090e-01,  0.000000000000000e+00
5473        ,  0.000000000000000e+00,  1.442771340526090e-01,  0.000000000000000e+00
5120        ,  8.623000000000001e-01,  2.000316202100448e+00,  1.955257731958763e-02
3365        ,  8.793000000000000e-01,  1.192459897776348e+00,  1.104215686274510e-02
4647        ,  3.913400000000000e+00,  3.646845441658933e+00,  3.689805825242719e-02
3532        ,  2.109100000000000e+00,  2.181136977448134e+00,  2.145744680851063e-02
5277        ,  4.523999999999999e-01,  8.711624498137748e-01,  7.657425742574261e-03
4570        ,  0.000000000000000e+00,  1.442771340526090e-01,  0.000000000000000e+00
4007        ,  2.537700000000000e+00,  2.151341514461154e+00,  2.114356435643564e-02
5635        ,  2.510199999999999e+00,  2.305290072415226e+00,  2.276534653465347e-02
4531        ,  8.411000000000000e-01,  9.058219760619632e-01,  8.022549019607842e-03
4679        ,  0.000000000000000e+00,  9.570529017200859e-01,  8.562244897959186e-03
4157        ,  1.256900000000000e+00,  1.746313512094069e+00,  1.687676767676767e-02
3754        ,  7.879000000000000e-01,  8.653238286678751e-01,  7.595918367346940e-03
3524        ,  1.959900000000000e+00,  1.815358180450632e+00,  1.760412371134020e-02
2992        ,  0.000000000000000e+00,  1.442771340526090e-01,  0.000000000000000e+00
4587        ,  0.000000000000000e+00,  1.442771340526090e-01,  0.000000000000000e+00
4161        ,  5.473999999999997e-01,  6.784045849334015e-01,  5.626804123711343e-03
3051        ,  3.296900000000000e+00,  3.568968649623876e+00,  3.607765957446808e-02
3400        ,  6.249000000000002e-01,  2.388304225142372e-01,  9.960784313725482e-04
3218        ,  0.000000000000000e+00,  1.442771340526090e-01,  0.000000000000000e+00
5134        ,  2.371200000000000e+00,  2.156792684400919e+00,  2.120099009900990e-02
4246        ,  3.542900000000000e+00,  3.361877183843597e+00,  3.389603960396040e-02
4771        ,  2.747500000000000e+00,  2.317038283492307e+00,  2.288910891089109e-02
5571        ,  2.085500000000000e+00,  1.774187495456569e+00,  1.717040816326531e-02
4741        ,  0.000000000000000e+00,  1.442771340526090e-01,  0.000000000000000e+00
4233        ,  3.497600000000000e+00,  3.303042142769574e+00,  3.327623762376238e-02
5535        ,  1.533700000000000e+00,  1.452616534326902e+00,  1.378279569892473e-02
3613        ,  5.574700000000000e+00,  5.306723038387921e+00,  5.438415841584159e-02
3514        ,  0.000000000000000e+00,  1.442771340526090e-01,  0.000000000000000e+00
3719        ,  0.000000000000000e+00,  1.442771340526090e-01,  0.000000000000000e+00
3520        ,  8.754999999999997e-01,  1.018714927947903e+00,  9.211827956989252e-03
4251        ,  0.000000000000000e+00,  1.442771340526090e-01,  0.000000000000000e+00
4237        ,  0.000000000000000e+00,  1.442771340526090e-01,  0.000000000000000e+00
3686        ,  1.206600000000000e+00,  1.079054046281852e+00,  9.847474747474747e-03
4534        ,  1.043000000000000e+00,  1.181774601277772e+00,  1.092959183673469e-02
5157        ,  4.291200000000000e+00,  4.254078626597017e+00,  4.329499999999999e-02
5253        ,  4.834600000000000e+00,  4.662545128609406e+00,  4.759801980198020e-02
5551        ,  0.000000000000000e+00,  1.442771340526090e-01,  0.000000000000000e+00
3368        ,  0.000000000000000e+00,  1.442771340526090e-01,  0.000000000000000e+00
4533        ,  1.544200000000000e+00,  1.407068846305909e+00,  1.330297029702970e-02
5280        ,  9.822000000000002e-01,  2.577750688929326e-01,  1.195652173913047e-03
4042        ,  1.349900000000000e+00,  1.583812933140523e+00,  1.516489361702128e-02
5025        ,  2.353300000000000e+00,  2.206395013710837e+00,  2.172352941176471e-02
3343        ,  0.000000000000000e+00,  1.442771340526090e-01,  0.000000000000000e+00
4703        ,  0.000000000000000e+00,  1.442771340526090e-01,  0.000000000000000e+00
3867        ,  1.943600000000000e+00,  1.906850976519941e+00,  1.856796116504855e-02
5016        ,  3.666500000000000e+00,  2.923677929497175e+00,  2.927979797979798e-02
3988        ,  1.247000000000000e+00,  1.275425275766465e+00,  1.191616161616162e-02
3134        ,  0.000000000000000e+00,  1.442771340526090e-01,  0.000000000000000e+00
5800        ,  5.573999999999995e-01,  6.806544083382166e-01,  5.650505050505051e-03
4939        ,  0.000000000000000e+00,  1.442771340526090e-01,  0.000000000000000e+00
4466        ,  0.000000000000000e+00,  1.442771340526090e-01,  0.000000000000000e+00
3987        ,  6.479999999999997e-02,  1.442771340526090e-01,  0.000000000000000e+00
5532        ,  0.000000000000000e+00,  1.304957667700674e+00,  1.222727272727273e-02
4730        ,  1.903900000000000e+00,  2.080051369949923e+00,  2.039255319148936e-02
5654        ,  5.839999999999979e-02,  1.442771340526090e-01,  0.000000000000000e+00
4643        ,  0.000000000000000e+00,  1.442771340526090e-01,  0.000000000000000e+00
3449        ,  5.802000000000000e-01,  6.712088371387395e-01,  5.551000000000001e-03
5471        ,  2.481200000000000e+00,  1.983483074591819e+00,  1.937524752475248e-02
2988        ,  1.057200000000000e+00,  1.144327854387060e+00,  1.053510638297872e-02
2993        ,  0.000000000000000e+00,  1.442771340526090e-01,  0.000000000000000e+00
3990        ,  0.000000000000000e+00,  1.442771340526090e-01,  0.000000000000000e+00
5435        ,  2.611900000000000e+00,  2.635782115096923e+00,  2.624693877551021e-02
3349        ,  2.150700000000000e+00,  1.091671303874829e+00,  9.980392156862743e-03
4243        ,  2.519600000000000e+00,  2.218165339067592e+00,  2.184752475247525e-02
3029        ,  0.000000000000000e+00,  1.442771340526090e-01,  0.000000000000000e+00
5735        ,  0.000000000000000e+00,  1.442771340526090e-01,  0.000000000000000e+00
4374        ,  4.502000000000002e-01,  1.442771340526090e-01,  0.000000000000000e+00
4023        ,  0.000000000000000e+00,  2.421292136710929e+00,  2.398737864077670e-02
4167        ,  1.737100000000000e+00,  1.593912395275808e+00,  1.527128712871287e-02
4577        ,  1.650400000000000e+00,  8.257145612632719e-01,  7.178651685393259e-03
4336        ,  0.000000000000000e+00,  1.442771340526090e-01,  0.000000000000000e+00
3421        ,  8.106000000000000e-01,  1.442771340526090e-01,  0.000000000000000e+00
3025        ,  0.000000000000000e+00,  1.442771340526090e-01,  0.000000000000000e+00
3551        ,  1.471900000000000e+00,  1.369599562135863e+00,  1.290824742268041e-02
3067        ,  0.000000000000000e+00,  8.543390115513944e-01,  7.480198019801981e-03
3170        ,  1.528999999999998e-01,  1.442771340526090e-01,  0.000000000000000e+00
3575        ,  2.196800000000000e+00,  1.497483078755125e+00,  1.425544554455445e-02
3082        ,  3.936999999999999e-01,  1.442771340526090e-01,  0.000000000000000e+00
3346        ,  2.480700000000000e+00,  1.104152971894448e+00,  1.011188118811881e-02
5052        ,  0.000000000000000e+00,  1.442771340526090e-01,  0.000000000000000e+00
4127        ,  2.794999999999999e-01,  3.211275525219856e-01,  1.863043478260872e-03
3110        ,  0.000000000000000e+00,  1.442771340526090e-01,  0.000000000000000e+00
5311        ,  0.000000000000000e+00,  1.442771340526090e-01,  0.000000000000000e+00
3063        ,  4.020500000000000e+00,  3.909813748478662e+00,  3.966831683168317e-02
5337        ,  8.550000000000000e-01,  9.795250716758541e-01,  8.798979591836733e-03
3836        ,  2.259999999999995e-02,  2.244479480261829e-01,  8.445652173913055e-04
4369        ,  2.673600000000000e+00,  3.431373669439919e+00,  3.462815533980582e-02
3861        ,  4.192900000000000e+00,  4.489799432932005e+00,  4.577821782178219e-02
4024        ,  4.102000000000000e+00,  4.050322352960553e+00,  4.114851485148514e-02
3752        ,  3.178199999999999e+00,  3.047859719892738e+00,  3.058800000000000e-02
4294        ,  1.687000000000000e+00,  1.545337791825020e+00,  1.475957446808511e-02
3090        ,  0.000000000000000e+00,  1.442771340526090e-01,  0.000000000000000e+00
3143        ,  0.000000000000000e+00,  5.974961215171170e-01,  4.774468085106386e-03
4069        ,  2.483500000000000e+00,  2.388373421152344e+00,  2.364059405940594e-02
3315        ,  3.259000000000000e+00,  3.676447283643522e+00,  3.720990099009901e-02
3460        ,  0.000000000000000e+00,  1.442771340526090e-01,  0.000000000000000e+00
3588        ,  0.000000000000000e+00,  1.442771340526090e-01,  0.000000000000000e+00
4264        ,  0.000000000000000e+00,  1.442771340526090e-01,  0.000000000000000e+00
5491        ,  9.824000000000006e-01,  1.171430253225345e+00,  1.082061855670103e-02
3291        ,  2.689400000000000e+00,  2.259097106307894e+00,  2.227872340425532e-02
3179        ,  0.000000000000000e+00,  1.442771340526090e-01,  0.000000000000000e+00
5103        ,  3.941999999999997e-01,  1.479425759086586e-01,  3.861386138614095e-05
4465        ,  9.755000000000003e-01,  8.217259776014170e-01,  7.136633663366337e-03
3330        ,  0.000000000000000e+00,  1.442771340526090e-01,  0.000000000000000e+00
4278        ,  7.349000000000001e-01,  1.442771340526090e-01,  0.000000000000000e+00
3077        ,  2.134800000000000e+00,  1.774364917419774e+00,  1.717227722772277e-02
3897        ,  3.892500000000000e+00,  3.545007841871931e+00,  3.582524271844660e-02
5136        ,  1.867100000000000e+00,  1.550185053723035e+00,  1.481063829787234e-02
4171        ,  4.364300000000000e+00,  3.977953372725732e+00,  4.038613861386138e-02
3292        ,  0.000000000000000e+00,  1.442771340526090e-01,  0.000000000000000e+00
3219        ,  0.000000000000000e+00,  1.442771340526090e-01,  0.000000000000000e+00
4584        ,  0.000000000000000e+00,  1.442771340526090e-01,  0.000000000000000e+00
3126        ,  0.000000000000000e+00,  1.442771340526090e-01,  0.000000000000000e+00
5240        ,  1.568900000000000e+00,  1.097044834264371e+00,  1.003700000000000e-02
3168        ,  1.440000000000019e-02,  1.442771340526090e-01,  0.000000000000000e+00
3774        ,  7.475999999999998e-01,  8.180567383438075e-01,  7.097979797979799e-03
3268        ,  0.000000000000000e+00,  1.442771340526090e-01,  0.000000000000000e+00
3407        ,  2.927999999999997e-01,  1.442771340526090e-01,  0.000000000000000e+00
3504        ,  0.000000000000000e+00,  1.442771340526090e-01,  0.000000000000000e+00
4715        ,  0.000000000000000e+00,  1.442771340526090e-01,  0.000000000000000e+00
3548        ,  0.000000000000000e+00,  1.442771340526090e-01,  0.000000000000000e+00
5399        ,  1.045000000000000e+00,  6.756538289868501e-01,  5.597826086956528e-03
4516        ,  0.000000000000000e+00,  1.442771340526090e-01,  0.000000000000000e+00
3161        ,  0.000000000000000e+00,  1.442771340526090e-01,  0.000000000000000e+00
3704        ,  2.006600000000000e+00,  2.489231692133508e+00,  2.470309278350516e-02
4747        ,  3.408700000000000e+00,  2.746270923404544e+00,  2.741089108910891e-02
5516        ,  0.000000000000000e+00,  1.442771340526090e-01,  0.000000000000000e+00
4393        ,  0.000000000000000e+00,  1.442771340526090e-01,  0.000000000000000e+00
5554        ,  1.662000000000000e+00,  1.179975426262054e+00,  1.091063829787234e-02
3498        ,  3.940200000000000e+00,  3.598251190714469e+00,  3.638613861386138e-02
5336        ,  4.309000000000003e-01,  5.884534984548934e-01,  4.679207920792078e-03
3630        ,  3.936000000000000e+00,  3.881578805149876e+00,  3.937087378640777e-02
3392        ,  3.340500000000000e+00,  3.140574058570899e+00,  3.156470588235294e-02
5299        ,  3.388300000000000e+00,  2.590348665989523e+00,  2.576831683168317e-02
4838        ,  3.014200000000000e+00,  2.848809309685309e+00,  2.849108910891089e-02
5297        ,  1.494600000000000e+00,  1.577464899767894e+00,  1.509801980198020e-02
3410        ,  2.838900000000000e+00,  2.534145224196767e+00,  2.517623762376237e-02
4955        ,  4.844999999999997e-01,  1.442771340526090e-01,  0.000000000000000e+00
3109        ,  0.000000000000000e+00,  1.442771340526090e-01,  0.000000000000000e+00
3146        ,  0.000000000000000e+00,  1.442771340526090e-01,  0.000000000000000e+00
4330        ,  2.371100000000000e+00,  2.298156374363558e+00,  2.269019607843137e-02
3038        ,  0.000000000000000e+00,  1.442771340526090e-01,  0.000000000000000e+00
4974        ,  1.457600000000000e+00,  1.305773727232171e+00,  1.223586956521739e-02
3726        ,  5.565000000000002e-01,  1.442771340526090e-01,  0.000000000000000e+00
3722        ,  0.000000000000000e+00,  1.442771340526090e-01,  0.000000000000000e+00
4902        ,  1.785500000000000e+00,  1.339556116291157e+00,  1.259175257731959e-02
3117        ,  0.000000000000000e+00,  1.442771340526090e-01,  0.000000000000000e+00
3133        ,  0.000000000000000e+00,  1.442771340526090e-01,  0.000000000000000e+00
5543        ,  4.231000000000000e-01,  8.373402741394593e-01,  7.301123595505618e-03
3130        ,  0.000000000000000e+00,  1.442771340526090e-01,  0.000000000000000e+00
3738        ,  1.802400000000000e+00,  1.725393374411743e+00,  1.665638297872340e-02
4181        ,  1.362600000000000e+00,  1.384331383852296e+00,  1.306344086021505e-02
3708        ,  3.914400000000000e+00,  3.123822491717462e+00,  3.138823529411765e-02
5601        ,  8.203000000000000e-01,  1.198525995470245e+00,  1.110606060606061e-02
5918        ,  0.000000000000000e+00,  1.442771340526090e-01,  0.000000000000000e+00
5456        ,  0.000000000000000e+00,  1.442771340526090e-01,  0.000000000000000e+00
5503        ,  8.586999999999998e-01,  7.262119999611754e-01,  6.130434782608696e-03
4630        ,  2.287500000000000e+00,  1.631506670722467e+00,  1.566732673267327e-02
4037        ,  1.423100000000000e+00,  1.186578420811249e+00,  1.098019801980198e-02
4293        ,  1.136700000000000e+00,  1.667154099762067e+00,  1.604285714285714e-02
5777        ,  6.503000000000001e-01,  7.821186821506110e-01,  6.719387755102042e-03
3093        ,  0.000000000000000e+00,  1.442771340526090e-01,  0.000000000000000e+00
4673        ,  1.365500000000000e+00,  1.311044779904961e+00,  1.229139784946237e-02
3395        ,  2.411100000000000e+00,  2.313748784390724e+00,  2.285445544554456e-02
3363        ,  3.151200000000000e+00,  2.638657309938480e+00,  2.627722772277228e-02
3231        ,  1.677200000000000e+00,  1.678738478643338e+00,  1.616489361702127e-02
5651        ,  5.059999999999998e-01,  4.897685254074117e-01,  3.639603960396039e-03
3608        ,  1.196200000000000e+00,  9.128540788765309e-01,  8.096629213483147e-03
5053        ,  0.000000000000000e+00,  1.442771340526090e-01,  0.000000000000000e+00
3411        ,  0.000000000000000e+00,  1.442771340526090e-01,  0.000000000000000e+00
5766        ,  2.967000000000000e+00,  2.582171911079874e+00,  2.568217821782178e-02
3000        ,  0.000000000000000e+00,  1.442771340526090e-01,  0.000000000000000e+00
3728        ,  0.000000000000000e+00,  1.442771340526090e-01,  0.000000000000000e+00
4241        ,  2.871100000000000e+00,  2.504014518140253e+00,  2.485882352941177e-02
3419        ,  4.336800000000000e+00,  3.893463924372644e+00,  3.949607843137255e-02
3998        ,  5.336600000000000e+00,  4.848461162248210e+00,  4.955656565656566e-02
3631        ,  3.243400000000000e+00,  3.334903291210619e+00,  3.361188118811882e-02
5095        ,  9.836999999999998e-01,  6.724083508500932e-01,  5.563636363636365e-03
5209        ,  1.572700000000000e+00,  1.291549318409221e+00,  1.208602150537634e-02
3928        ,  1.122600000000000e+00,  1.260620921726029e+00,  1.176020408163265e-02
3745        ,  2.101100000000000e+00,  1.242045136077108e+00,  1.156451612903226e-02
4270        ,  7.806999999999999e-01,  9.364825034023455e-01,  8.345544554455443e-03
5623        ,  3.708000000000000e+00,  4.091582070263261e+00,  4.158316831683168e-02
3230        ,  0.000000000000000e+00,  1.442771340526090e-01,  0.000000000000000e+00
3801        ,  0.000000000000000e+00,  1.442771340526090e-01,  0.000000000000000e+00
5627        ,  1.765000000000000e+00,  1.523727082529698e+00,  1.453191489361702e-02
4285        ,  0.000000000000000e+00,  1.442771340526090e-01,  0.000000000000000e+00
3873        ,  3.645000000000000e+00,  3.558094664649989e+00,  3.596310679611650e-02
3285        ,  0.000000000000000e+00,  1.442771340526090e-01,  0.000000000000000e+00
5770        ,  1.462100000000000e+00,  1.052128893701879e+00,  9.563829787234043e-03
4228        ,  0.000000000000000e+00,  1.442771340526090e-01,  0.000000000000000e+00
5070        ,  2.822200000000000e+00,  2.455573188513248e+00,  2.434851485148515e-02
4947        ,  8.538999999999999e-01,  9.135654981738822e-01,  8.104123711340208e-03
5131        ,  2.770000000000028e-02,  1.784879247090694e-01,  3.603960396039604e-04
5415        ,  1.726200000000000e+00,  1.694448517817709e+00,  1.633039215686274e-02
4165        ,  0.000000000000000e+00,  1.442771340526090e-01,  0.000000000000000e+00
5130        ,  3.741200000000000e+00,  2.994769084106966e+00,  3.002871287128714e-02
3586        ,  2.156900000000000e+00,  2.098224562682569e+00,  2.058400000000000e-02
4710        ,  0.000000000000000e+00,  1.442771340526090e-01,  0.000000000000000e+00
3538        ,  1.800000000000246e-03,  1.442771340526090e-01,  0.000000000000000e+00
4802        ,  0.000000000000000e+00,  1.442771340526090e-01,  0.000000000000000e+00
5102        ,  3.760100000000000e+00,  3.708638303423045e+00,  3.754901960784314e-02
5019        ,  1.267900000000000e+00,  1.365460717410045e+00,  1.286464646464647e-02
3426        ,  3.814500000000001e+00,  3.723816070706313e+00,  3.770891089108910e-02
5160        ,  4.105000000000000e+00,  3.978414842456840e+00,  4.039100000000000e-02
3607        ,  1.498500000000000e+00,  1.417441797408742e+00,  1.341224489795918e-02
5521        ,  0.000000000000000e+00,  1.442771340526090e-01,  0.000000000000000e+00
3227        ,  0.000000000000000e+00,  2.893920371244667e-01,  1.528723404255319e-03
5075        ,  0.000000000000000e+00,  1.442771340526090e-01,  0.000000000000000e+00
5039        ,  8.927999999999998e-01,  1.442771340526090e-01,  0.000000000000000e+00
5729        ,  3.487600000000000e+00,  3.147589813797636e+00,  3.163861386138614e-02
3717        ,  1.106800000000000e+00,  1.302662373348310e+00,  1.220309278350515e-02
3858        ,  3.167000000000000e-01,  3.173987724844770e-01,  1.823762376237624e-03
4893        ,  2.208000000000006e-01,  2.754811553614513e-01,  1.382178217821782e-03
3367        ,  2.085999999999997e-01,  4.152802600371183e-01,  2.854901960784313e-03
3369        ,  0.000000000000000e+00,  1.442771340526090e-01,  0.000000000000000e+00
5431        ,  0.000000000000000e+00,  1.442771340526090e-01,  0.000000000000000e+00
3345        ,  1.220300000000000e+00,  1.442771340526090e-01,  0.000000000000000e+00
3238        ,  0.000000000000000e+00,  1.442771340526090e-01,  0.000000000000000e+00
4457        ,  5.621100000000000e+00,  5.143904238889748e+00,  5.266893203883496e-02
4808        ,  8.830000000000001e-01,  6.997446809626338e-01,  5.851612903225802e-03
4444        ,  9.563000000000001e-01,  3.391296785309696e-01,  2.052688172043011e-03
3211        ,  1.219999999999999e-02,  1.442771340526090e-01,  0.000000000000000e+00
4993        ,  7.869999999999999e-01,  7.571459472504002e-01,  6.456310679611651e-03
3662        ,  2.304500000000000e+00,  2.358110029417782e+00,  2.332178217821782e-02
4731        ,  1.348900000000000e+00,  1.262518857213502e+00,  1.178019801980198e-02
3814        ,  2.086700000000000e+00,  1.895136527292169e+00,  1.844455445544555e-02
3810        ,  2.148500000000000e+00,  2.259501044799395e+00,  2.228297872340425e-02
4712        ,  1.100500000000000e+00,  1.120377125067047e+00,  1.028279569892473e-02
3573        ,  2.447999999999999e-01,  6.490992638064136e-01,  5.318085106382982e-03
3627        ,  2.072800000000000e+00,  1.682266693972456e+00,  1.620206185567009e-02
3590        ,  1.610000000000000e+00,  1.630627449764441e+00,  1.565806451612903e-02
5874        ,  4.438800000000000e+00,  4.990548794504615e+00,  5.105339805825242e-02
3765        ,  2.134000000000000e+00,  2.004626057129005e+00,  1.959797979797980e-02
5382        ,  5.297999999999998e-01,  8.043386252073370e-01,  6.953465346534655e-03
4089        ,  4.025900000000000e+00,  4.061817171249697e+00,  4.126960784313725e-02
5145        ,  8.130000000000002e-01,  9.107524825870792e-01,  8.074489795918363e-03
3277        ,  1.579500000000000e+00,  1.695299956794893e+00,  1.633936170212766e-02
3729        ,  9.948000000000000e-01,  6.699789322448334e-01,  5.538043478260870e-03
3200        ,  0.000000000000000e+00,  1.228684009311508e+00,  1.142376237623762e-02
4602        ,  3.186700000000000e+00,  3.037344601050307e+00,  3.047722772277228e-02
3141        ,  3.993400000000000e+00,  3.776354070643020e+00,  3.826237623762376e-02
5779        ,  0.000000000000000e+00,  1.442771340526090e-01,  0.000000000000000e+00
3289        ,  0.000000000000000e+00,  1.442771340526090e-01,  0.000000000000000e+00
4404        ,  2.805900000000000e+00,  2.209518655714860e+00,  2.175643564356436e-02
3412        ,  4.977500000000000e+00,  4.915196697268370e+00,  5.025959595959596e-02
3103        ,  0.000000000000000e+00,  1.442771340526090e-01,  0.000000000000000e+00
4441        ,  4.190000000000000e+00,  4.080115816252030e+00,  4.146237623762376e-02
3209        ,  2.847000000000008e-01,  1.442771340526090e-01,  0.000000000000000e+00
4701        ,  2.185200000000000e+00,  2.116793105311605e+00,  2.077961165048544e-02
5819        ,  0.000000000000000e+00,  1.442771340526090e-01,  0.000000000000000e+00
5012        ,  0.000000000000000e+00,  1.442771340526090e-01,  0.000000000000000e+00
3799        ,  3.415900000000000e+00,  2.961053100458221e+00,  2.967352941176470e-02
4895        ,  2.159000000000000e-01,  8.328263587533905e-01,  7.253571428571428e-03
3794        ,  0.000000000000000e+00,  1.590002798856987e-01,  1.551020408163253e-04
5645        ,  2.352200000000000e+00,  2.099179457278914e+00,  2.059405940594060e-02
3558        ,  0.000000000000000e+00,  1.442771340526090e-01,  0.000000000000000e+00
3681        ,  1.421999999999999e-01,  1.442771340526090e-01,  0.000000000000000e+00
3267        ,  2.079300000000000e+00,  8.957037128679832e-01,  7.915957446808506e-03
3032        ,  1.967300000000000e+00,  1.442771340526090e-01,  0.000000000000000e+00
3827        ,  1.014500000000000e+00,  1.076969050018541e+00,  9.825510204081636e-03
3313        ,  3.882800000000000e+00,  3.420252634900284e+00,  3.451100000000000e-02
4700        ,  7.430000000000003e-02,  1.442771340526090e-01,  0.000000000000000e+00
5556        ,  1.465900000000000e+00,  1.528863182166260e+00,  1.458602150537634e-02
5555        ,  0.000000000000000e+00,  1.442771340526090e-01,  0.000000000000000e+00
3273        ,  3.100000000000014e-02,  1.442771340526090e-01,  0.000000000000000e+00
4123        ,  0.000000000000000e+00,  1.442771340526090e-01,  0.000000000000000e+00
3829        ,  0.000000000000000e+00,  1.442771340526090e-01,  0.000000000000000e+00
5245        ,  1.697300000000000e+00,  1.847673754540760e+00,  1.794455445544554e-02
4792        ,  3.406700000000000e+00,  2.664597359996676e+00,  2.655049504950495e-02
3789        ,  4.554000000000000e+00,  4.205615909992498e+00,  4.278446601941748e-02
3112        ,  0.000000000000000e+00,  1.442771340526090e-01,  0.000000000000000e+00
5317        ,  4.574800000000001e+00,  4.241608861755966e+00,  4.316363636363636e-02
3985        ,  2.974100000000000e+00,  2.638238480510568e+00,  2.627281553398058e-02
4528        ,  4.040300000000000e+00,  3.850696750338790e+00,  3.904554455445545e-02
3390        ,  0.000000000000000e+00,  1.442771340526090e-01,  0.000000000000000e+00
4287        ,  1.774800000000000e+00,  1.773988974665307e+00,  1.716831683168317e-02
3265        ,  0.000000000000000e+00,  1.442771340526090e-01,  0.000000000000000e+00
3210        ,  7.141999999999999e-01,  7.822176280231451e-01,  6.720430107526882e-03
4984        ,  0.000000000000000e+00,  1.442771340526090e-01,  0.000000000000000e+00
5269        ,  0.000000000000000e+00,  1.442771340526090e-01,  0.000000000000000e+00
3295        ,  0.000000000000000e+00,  1.442771340526090e-01,  0.000000000000000e+00
4218        ,  2.750400000000000e+00,  2.776440329450489e+00,  2.772871287128713e-02
3173        ,  0.000000000000000e+00,  1.442771340526090e-01,  0.000000000000000e+00
3952        ,  2.400100000000000e+00,  2.524652669646485e+00,  2.507623762376238e-02
4639        ,  4.481400000000000e+00,  4.704389747139332e+00,  4.803883495145631e-02
5526        ,  0.000000000000000e+00,  1.442771340526090e-01,  0.000000000000000e+00
5760        ,  2.773000000000000e+00,  2.922118146806295e+00,  2.926336633663366e-02
3779        ,  3.920900000000000e+00,  3.504077530720587e+00,  3.539405940594059e-02
3755        ,  1.748400000000000e+00,  1.490751959385848e+00,  1.418453608247423e-02
3024        ,  0.000000000000000e+00,  1.442771340526090e-01,  0.000000000000000e+00
4671        ,  1.044100000000000e+00,  8.630690224218688e-01,  7.572164948453610e-03
4846        ,  0.000000000000000e+00,  1.442771340526090e-01,  0.000000000000000e+00
3101        ,  0.000000000000000e+00,  1.442771340526090e-01,  0.000000000000000e+00
4636        ,  3.054200000000000e+00,  2.484514393230280e+00,  2.465339805825243e-02
3812        ,  9.600000000000053e-03,  1.442771340526090e-01,  0.000000000000000e+00
4549        ,  4.942399999999999e+00,  4.941980093067738e+00,  5.054174757281554e-02
5480        ,  2.703000000000000e+00,  2.102562942069113e+00,  2.062970297029703e-02
3623        ,  2.059900000000000e+00,  1.977764045439495e+00,  1.931500000000000e-02
4253        ,  0.000000000000000e+00,  1.442771340526090e-01,  0.000000000000000e+00
5507        ,  2.815200000000000e+00,  3.182088315745780e+00,  3.200204081632653e-02
3734        ,  1.765000000000000e+00,  1.867607264681001e+00,  1.815454545454545e-02
3436        ,  6.292000000000000e-01,  2.271503350140562e-01,  8.730337078651696e-04
3114        ,  0.000000000000000e+00,  1.442771340526090e-01,  0.000000000000000e+00
3384        ,  0.000000000000000e+00,  1.442771340526090e-01,  0.000000000000000e+00
3721        ,  1.803700000000000e+00,  1.639881839863640e+00,  1.575555555555556e-02
3643        ,  1.559600000000000e+00,  1.266317278820467e+00,  1.182021276595745e-02
5734        ,  1.483100000000000e+00,  1.661773062000282e+00,  1.598617021276596e-02
3284        ,  0.000000000000000e+00,  1.442771340526090e-01,  0.000000000000000e+00
3017        ,  0.000000000000000e+00,  1.442771340526090e-01,  0.000000000000000e+00
5474        ,  0.000000000000000e+00,  1.442771340526090e-01,  0.000000000000000e+00
4617        ,  2.861800000000000e+00,  2.753695792805260e+00,  2.748910891089109e-02
4006        ,  0.000000000000000e+00,  3.845510417016715e-01,  2.531182795698923e-03
3091        ,  0.000000000000000e+00,  1.442771340526090e-01,  0.000000000000000e+00
3448        ,  1.538000000000000e+00,  1.025655720522302e+00,  9.284946236559141e-03
5233        ,  6.469999999999976e-02,  1.442771340526090e-01,  0.000000000000000e+00
4598        ,  2.164400000000000e+00,  2.166001402171580e+00,  2.129800000000000e-02
5193        ,  3.476700000000000e+00,  3.348304883177242e+00,  3.375306122448980e-02
5907        ,  7.605000000000004e-01,  8.149590080210184e-01,  7.065346534653467e-03
3600        ,  1.261000000000001e-01,  2.841724581825160e-01,  1.473737373737371e-03
5621        ,  2.851700000000000e+00,  3.105464846804880e+00,  3.119484536082474e-02
3042        ,  0.000000000000000e+00,  1.442771340526090e-01,  0.000000000000000e+00
4291        ,  4.773200000000000e+00,  4.409291109566500e+00,  4.493009708737864e-02
5502        ,  4.470800000000000e+00,  4.734894946713538e+00,  4.836019417475728e-02
4152        ,  0.000000000000000e+00,  1.442771340526090e-01,  0.000000000000000e+00
4856        ,  4.825800000000000e+00,  3.671372056458224e+00,  3.715643564356436e-02
5533        ,  0.000000000000000e+00,  1.442771340526090e-01,  0.000000000000000e+00
5195        ,  2.369000000000003e-01,  2.892543308205460e-01,  1.527272727272730e-03
4295        ,  1.103200000000000e+00,  1.094461208547643e+00,  1.000978260869566e-02
3305        ,  0.000000000000000e+00,  1.442771340526090e-01,  0.000000000000000e+00
4705        ,  2.014900000000000e+00,  1.927115884537452e+00,  1.878144329896907e-02
3736        ,  4.481999999999999e-01,  7.128097022791512e-01,  5.989247311827962e-03
3639        ,  3.916900000000000e+00,  4.075208485830863e+00,  4.141067961165049e-02
4178        ,  2.596900000000000e+00,  2.156790859436093e+00,  2.120097087378641e-02
4347        ,  3.522500000000000e+00,  3.905096956909754e+00,  3.961862745098040e-02
4279        ,  3.202400000000000e+00,  3.135653631343322e+00,  3.151287128712871e-02
3678        ,  5.503999999999998e-01,  3.572982237992503e-01,  2.244086021505375e-03
3612        ,  2.530999999999999e-01,  4.162339288488206e-01,  2.864948453608250e-03
3667        ,  2.740100000000000e+00,  2.624653442334600e+00,  2.612970297029703e-02
3113        ,  1.532700000000000e+00,  9.729489505856056e-01,  8.729702970297029e-03
3800        ,  1.905300000000000e+00,  2.143570697738510e+00,  2.106170212765958e-02
4490        ,  2.250200000000000e+00,  1.705191450597920e+00,  1.644356435643565e-02
3316        ,  0.000000000000000e+00,  1.442771340526090e-01,  0.000000000000000e+00
3184        ,  0.000000000000000e+00,  1.442771340526090e-01,  0.000000000000000e+00
3675        ,  1.858500000000000e+00,  1.957452914543506e+00,  1.910103092783505e-02
4708        ,  4.946400000000000e+00,  4.338012545816117e+00,  4.417920792079209e-02
4026        ,  2.560600000000000e+00,  2.541746202703336e+00,  2.525631067961165e-02
3140        ,  0.000000000000000e+00,  1.442771340526090e-01,  0.000000000000000e+00
4546        ,  3.642200000000000e+00,  5.055982908394906e+00,  5.174271844660194e-02
5820        ,  0.000000000000000e+00,  1.442771340526090e-01,  0.000000000000000e+00
5746        ,  1.736800000000000e+00,  2.397648008892855e+00,  2.373829787234043e-02
3798        ,  1.146800000000000e+00,  1.291563434539300e+00,  1.208617021276596e-02
5168        ,  0.000000000000000e+00,  1.442771340526090e-01,  0.000000000000000e+00
5757        ,  5.346700000000000e+00,  5.639083807808805e+00,  5.788543689320388e-02
5186        ,  0.000000000000000e+00,  1.442771340526090e-01,  0.000000000000000e+00
3006        ,  1.215300000000000e+00,  8.044136137886800e-01,  6.954255319148938e-03
3644        ,  5.740000000000003e-01,  6.763348165958916e-01,  5.605000000000002e-03
3465        ,  1.376900000000000e+00,  1.337801393795438e+00,  1.257326732673267e-02
3925        ,  4.481500000000000e+00,  4.605869933408739e+00,  4.700097087378641e-02
3059        ,  0.000000000000000e+00,  1.442771340526090e-01,  0.000000000000000e+00
4527        ,  2.819700000000000e+00,  2.429257195700586e+00,  2.407128712871287e-02
3271        ,  0.000000000000000e+00,  1.442771340526090e-01,  0.000000000000000e+00
3674        ,  4.303999999999999e-01,  3.387713223926178e-01,  2.048913043478265e-03
3966        ,  1.750200000000000e+00,  9.919003474282958e-01,  8.929347826086960e-03
4508        ,  4.478999999999997e-01,  1.442771340526090e-01,  0.000000000000000e+00
3441        ,  2.360700000000000e+00,  2.113051560633067e+00,  2.074019607843137e-02
3690        ,  2.423100000000000e+00,  2.243541474994087e+00,  2.211485148514852e-02
4214        ,  7.783000000000002e-01,  9.629380507223475e-01,  8.624242424242425e-03
5275        ,  0.000000000000000e+00,  1.442771340526090e-01,  0.000000000000000e+00
5366        ,  4.962000000000000e-01,  4.128962309010026e-01,  2.829787234042553e-03
3896        ,  5.040999999999999e+00,  4.514907299028856e+00,  4.604271844660194e-02
5671        ,  3.270300000000000e+00,  2.424816832627609e+00,  2.402450980392157e-02
4177        ,  2.914400000000000e+00,  2.809429306154932e+00,  2.807623762376237e-02
4213        ,  0.000000000000000e+00,  1.442771340526090e-01,  0.000000000000000e+00
4686        ,  5.896000000000001e-01,  2.033396474181518e+00,  1.990106382978724e-02
4550        ,  0.000000000000000e+00,  1.442771340526090e-01,  0.000000000000000e+00
5822        ,  0.000000000000000e+00,  1.442771340526090e-01,  0.000000000000000e+00
3256        ,  1.546800000000000e+00,  5.564043786366160e-01,  4.341584158415840e-03
4661        ,  5.475600000000000e+00,  5.083473800659727e+00,  5.203232323232324e-02
4855        ,  1.489400000000000e+00,  1.632186628408480e+00,  1.567448979591837e-02
5656        ,  2.185500000000000e+00,  2.219407089377800e+00,  2.186060606060606e-02
3424        ,  0.000000000000000e+00,  1.442771340526090e-01,  0.000000000000000e+00
5135        ,  1.470899999999999e+00,  1.442771340526090e-01,  0.000000000000000e+00
3550        ,  2.619400000000000e+00,  1.811865207177817e+00,  1.756732673267327e-02
3531        ,  4.588000000000001e-01,  4.943788771436392e-01,  3.688172043010752e-03
4370        ,  8.121000000000000e-01,  9.936210553293182e-01,  8.947474747474747e-03
4032        ,  5.322200000000000e+00,  4.820570085450145e+00,  4.926274509803921e-02
5577        ,  2.700600000000000e+00,  2.620117133087219e+00,  2.608191489361702e-02
5212        ,  0.000000000000000e+00,  1.442771340526090e-01,  0.000000000000000e+00
4913        ,  1.940700000000000e+00,  1.739122182889311e+00,  1.680101010101010e-02
4684        ,  0.000000000000000e+00,  1.442771340526090e-01,  0.000000000000000e+00
3362        ,  0.000000000000000e+00,  1.442771340526090e-01,  0.000000000000000e+00
3287        ,  5.146999999999995e-01,  4.931520101976111e-01,  3.675247524752475e-03
3155        ,  0.000000000000000e+00,  1.442771340526090e-01,  0.000000000000000e+00
4511        ,  3.130800000000000e+00,  2.730763284782797e+00,  2.724752475247525e-02
4340        ,  0.000000000000000e+00,  1.442771340526090e-01,  0.000000000000000e+00
3834        ,  0.000000000000000e+00,  1.442771340526090e-01,  0.000000000000000e+00
4348        ,  2.519400000000000e+00,  2.005655404250470e+00,  1.960882352941177e-02
3022        ,  0.000000000000000e+00,  1.442771340526090e-01,  0.000000000000000e+00
3584        ,  3.670800000000000e+00,  3.943602972259968e+00,  4.002427184466020e-02
4289        ,  4.016000000000002e-01,  3.094099889520618e-01,  1.739603960396039e-03
5286        ,  3.213700000000000e+00,  3.102324647588883e+00,  3.116176470588235e-02
5632        ,  2.338000000000005e-01,  1.442771340526090e-01,  0.000000000000000e+00
4039        ,  6.776000000000000e-01,  8.262372906550162e-01,  7.184158415841585e-03
5364        ,  0.000000000000000e+00,  1.442771340526090e-01,  0.000000000000000e+00
3560        ,  1.123000000000000e+00,  3.752626281094609e-01,  2.433333333333335e-03
3698        ,  4.599200000000000e+00,  4.370418258394145e+00,  4.452058823529412e-02
3353        ,  1.561700000000000e+00,  1.512085741777203e+00,  1.440927835051547e-02
4903        ,  1.562900000000000e+00,  1.926096742213039e+00,  1.877070707070707e-02
5805        ,  3.861999999999999e-01,  5.284809398712224e-01,  4.047422680412374e-03
3144        ,  2.984600000000000e+00,  2.439783592825651e+00,  2.418217821782178e-02
4896        ,  0.000000000000000e+00,  1.442771340526090e-01,  0.000000000000000e+00
4227        ,  4.606999999999999e-01,  1.048083388506691e+00,  9.521212121212123e-03
5437        ,  3.014500000000000e+00,  2.970611855358611e+00,  2.977422680412371e-02
4408        ,  7.400000000000002e-01,  1.442771340526090e-01,  0.000000000000000e+00
3972        ,  9.501000000000001e-01,  6.240083855184524e-01,  5.053763440860217e-03
5331        ,  1.814300000000000e+00,  1.197104817936314e+00,  1.109108910891089e-02
3934        ,  1.132800000000000e+00,  9.900543459138358e-01,  8.909900990099010e-03
4437        ,  0.000000000000000e+00,  1.442771340526090e-01,  0.000000000000000e+00
3823        ,  1.302100000000000e+00,  1.388912610991124e+00,  1.311170212765957e-02
5511        ,  1.303200000000000e+00,  1.429259059195827e+00,  1.353673469387755e-02
4409        ,  2.585300000000000e+00,  2.206135170924661e+00,  2.172079207920792e-02
3187        ,  0.000000000000000e+00,  1.442771340526090e-01,  0.000000000000000e+00
4300        ,  4.141800000000000e+00,  3.789794024115201e+00,  3.840396039603960e-02
4498        ,  0.000000000000000e+00,  1.442771340526090e-01,  0.000000000000000e+00
3192        ,  1.573799999999999e+00,  1.721152020250980e+00,  1.661170212765958e-02
4131        ,  8.060000000000000e-01,  5.649095781570214e-01,  4.431182795698921e-03
4086        ,  1.453300000000000e+00,  7.386726242968358e-01,  6.261702127659570e-03
3444        ,  2.131800000000000e+00,  2.173139411747842e+00,  2.137319587628866e-02
4129        ,  2.116100000000000e+00,  1.994949328603050e+00,  1.949603960396040e-02
4735        ,  0.000000000000000e+00,  1.442771340526090e-01,  0.000000000000000e+00
4482        ,  1.776600000000000e+00,  2.897117953634266e+00,  2.900000000000000e-02
3064        ,  0.000000000000000e+00,  2.037570769261818e-01,  6.265957446808506e-04
5408        ,  2.319000000000000e+00,  1.545415779949616e+00,  1.476039603960396e-02
4861        ,  0.000000000000000e+00,  1.442771340526090e-01,  0.000000000000000e+00
4610        ,  1.037200000000000e+00,  1.017694223157549e+00,  9.201075268817206e-03
4383        ,  5.411300000000000e+00,  5.051190550757871e+00,  5.169223300970874e-02
2990        ,  0.000000000000000e+00,  1.442771340526090e-01,  0.000000000000000e+00
3434        ,  0.000000000000000e+00,  1.442771340526090e-01,  0.000000000000000e+00
5178        ,  1.411000000000000e+00,  8.329466561036817e-01,  7.254838709677415e-03
3720        ,  2.619999999999978e-02,  1.442771340526090e-01,  0.000000000000000e+00
4890        ,  2.595300000000000e+00,  2.821177517232014e+00,  2.820000000000000e-02
5514        ,  0.000000000000000e+00,  1.442771340526090e-01,  0.000000000000000e+00
3501        ,  1.934100000000000e+00,  1.887241729448370e+00,  1.836138613861386e-02
5517        ,  1.991000000000000e+00,  1.712052405866936e+00,  1.651584158415842e-02
3513        ,  2.600500000000000e+00,  2.375873324566329e+00,  2.350891089108911e-02
3239        ,  9.895999999999999e-01,  1.240244249011355e+00,  1.154554455445544e-02
3963        ,  0.000000000000000e+00,  1.442771340526090e-01,  0.000000000000000e+00
3071        ,  0.000000000000000e+00,  1.442771340526090e-01,  0.000000000000000e+00
5146        ,  3.059299999999999e+00,  3.109243652842044e+00,  3.123465346534654e-02
4277        ,  2.930600000000000e+00,  2.590630623055373e+00,  2.577128712871287e-02
4506        ,  1.594500000000000e+00,  1.780429993878802e+00,  1.723617021276596e-02
3758        ,  0.000000000000000e+00,  1.442771340526090e-01,  0.000000000000000e+00
4810        ,  2.130700000000000e+00,  2.363010283246615e+00,  2.337340425531915e-02
3822        ,  1.651400000000000e+00,  1.156143055263475e+00,  1.065957446808510e-02
3521        ,  0.000000000000000e+00,  1.442771340526090e-01,  0.000000000000000e+00
4198        ,  4.097700000000001e+00,  3.774609696262295e+00,  3.824400000000000e-02
3040        ,  0.000000000000000e+00,  1.442771340526090e-01,  0.000000000000000e+00
4677        ,  0.000000000000000e+00,  1.670510731498376e+00,  1.607821782178218e-02
4495        ,  0.000000000000000e+00,  1.442771340526090e-01,  0.000000000000000e+00
5520        ,  0.000000000000000e+00,  1.442771340526090e-01,  0.000000000000000e+00
4706        ,  3.862500000000000e+00,  3.959207588007523e+00,  4.018865979381443e-02
3870        ,  1.333400000000000e+00,  5.910850977361597e-01,  4.706930693069307e-03
4345        ,  1.651000000000000e+00,  1.400587669941916e+00,  1.323469387755102e-02
5042        ,  3.263400000000000e+00,  3.067701978473484e+00,  3.079702970297029e-02
3404        ,  2.820000000000000e-02,  1.442771340526090e-01,  0.000000000000000e+00
4400        ,  2.935200000000000e+00,  2.135593892964590e+00,  2.097766990291262e-02
3787        ,  0.000000000000000e+00,  1.442771340526090e-01,  0.000000000000000e+00
3249        ,  0.000000000000000e+00,  1.442771340526090e-01,  0.000000000000000e+00
4790        ,  1.588000000000000e+00,  6.669800571923072e-01,  5.506451612903224e-03
4553        ,  3.322600000000000e+00,  3.216199366487791e+00,  3.236138613861386e-02
4203        ,  1.323500000000000e+00,  1.493708908357343e+00,  1.421568627450980e-02
3957        ,  2.369100000000000e+00,  1.754157994367195e+00,  1.695940594059406e-02
5733        ,  3.228000000000000e-01,  4.911680949009421e-01,  3.654347826086955e-03
3015        ,  0.000000000000000e+00,  1.442771340526090e-01,  0.000000000000000e+00
3202        ,  0.000000000000000e+00,  1.442771340526090e-01,  0.000000000000000e+00
4717        ,  0.000000000000000e+00,  1.442771340526090e-01,  0.000000000000000e+00
4841        ,  4.640900000000000e+00,  3.966182349588308e+00,  4.026213592233010e-02
5828        ,  3.484800000000000e+00,  2.888928298728141e+00,  2.891372549019608e-02
3304        ,  2.330000000000010e-02,  3.274004922216333e-01,  1.929126213592234e-03
4866        ,  4.522399999999999e+00,  4.062858948843117e+00,  4.128058252427184e-02
5817        ,  3.843800000000000e+00,  3.863249061196258e+00,  3.917777777777778e-02
4031        ,  3.750400000000000e+00,  3.756424542244221e+00,  3.805242718446601e-02
3288        ,  0.000000000000000e+00,  1.442771340526090e-01,  0.000000000000000e+00
3496        ,  4.153700000000000e+00,  3.984522333622347e+00,  4.045533980582524e-02
3796        ,  3.416900000000000e+00,  2.976929140435663e+00,  2.984077669902913e-02
5518        ,  0.000000000000000e+00,  1.442771340526090e-01,  0.000000000000000e+00
5282        ,  3.805300000000000e+00,  3.712826195136404e+00,  3.759313725490196e-02
3828        ,  3.228500000000000e+00,  3.222214450559256e+00,  3.242475247524752e-02
3767        ,  0.000000000000000e+00,  1.442771340526090e-01,  0.000000000000000e+00
3252        ,  4.925999999999999e-01,  2.999346145814197e-01,  1.639784946236558e-03
3014        ,  1.998000000000002e-01,  1.442771340526090e-01,  0.000000000000000e+00
5068        ,  2.732000000000000e+00,  2.489682622054533e+00,  2.470784313725490e-02
3899        ,  3.063600000000000e+00,  2.383204208278428e+00,  2.358613861386139e-02
5266        ,  2.960300000000000e+00,  2.998622497340247e+00,  3.006930693069307e-02
4921        ,  3.986700000000000e+00,  3.521393011705725e+00,  3.557647058823529e-02
5838        ,  1.495700000000000e+00,  1.829912459087716e+00,  1.775744680851064e-02
4786        ,  1.332600000000000e+00,  1.102559822329564e+00,  1.009509803921569e-02
5692        ,  2.643300000000000e+00,  2.346549789717935e+00,  2.320000000000000e-02
3463        ,  1.951400000000000e+00,  2.062511463007843e+00,  2.020777777777778e-02
4422        ,  4.267999999999996e-01,  6.629841495278966e-01,  5.464356435643567e-03
3366        ,  0.000000000000000e+00,  1.442771340526090e-01,  0.000000000000000e+00
3028        ,  0.000000000000000e+00,  1.442771340526090e-01,  0.000000000000000e+00
5803        ,  2.048100000000000e+00,  2.199705782593171e+00,  2.165306122448980e-02
3043        ,  8.247000000000004e-01,  1.020411723337014e+00,  9.229702970297030e-03
4325        ,  2.300000000000000e-01,  4.535886513201994e+00,  4.626372549019608e-02
4983        ,  0.000000000000000e+00,  3.474767817296990e+00,  3.508529411764706e-02
3757        ,  1.403600000000000e+00,  1.394291587842239e+00,  1.316836734693877e-02
5375        ,  2.877700000000000e+00,  2.725422525215095e+00,  2.719126213592233e-02
4208        ,  9.359000000000002e-01,  6.848828149755757e-01,  5.695049504950495e-03
5614        ,  1.138500000000000e+00,  1.160168442309971e+00,  1.070198019801980e-02
5417        ,  2.387700000000000e+00,  2.390629077679144e+00,  2.366435643564357e-02
5313        ,  3.138300000000000e+00,  3.069957635000284e+00,  3.082079207920792e-02
5560        ,  3.030600000000000e+00,  2.459426601746531e+00,  2.438910891089109e-02
4436        ,  1.310000000000011e-02,  1.442771340526090e-01,  0.000000000000000e+00
3260        ,  0.000000000000000e+00,  1.442771340526090e-01,  0.000000000000000e+00
4615        ,  0.000000000000000e+00,  1.442771340526090e-01,  0.000000000000000e+00
5599        ,  1.938499999999999e+00,  1.993759489163656e+00,  1.948350515463918e-02
3817        ,  2.727700000000000e+00,  2.726251971729198e+00,  2.720000000000000e-02
5219        ,  2.218200000000000e+00,  1.983308101235352e+00,  1.937340425531915e-02
5330        ,  5.059900000000001e+00,  4.611547756823357e+00,  4.706078431372549e-02
3165        ,  1.235000000000000e+00,  1.615313549523961e+00,  1.549673913043478e-02
3983        ,  0.000000000000000e+00,  1.442771340526090e-01,  0.000000000000000e+00
5497        ,  0.000000000000000e+00,  1.179623479853617e+00,  1.090693069306930e-02
3079        ,  3.068500000000000e+00,  2.306699857744475e+00,  2.278019801980198e-02
3241        ,  3.769000000000000e-01,  7.820640170051913e-01,  6.718811881188122e-03
3656        ,  2.389100000000000e+00,  2.029348090636744e+00,  1.985841584158416e-02
5796        ,  1.643200000000000e+00,  1.419005028760223e+00,  1.342871287128713e-02
3337        ,  0.000000000000000e+00,  1.442771340526090e-01,  0.000000000000000e+00
5189        ,  6.053000000000002e-01,  5.104744446418219e-01,  3.857731958762885e-03
2997        ,  0.000000000000000e+00,  1.442771340526090e-01,  0.000000000000000e+00
4912        ,  0.000000000000000e+00,  1.442771340526090e-01,  0.000000000000000e+00
5034        ,  2.416000000000000e-01,  1.442771340526090e-01,  0.000000000000000e+00
3415        ,  1.425400000000000e+00,  1.529531247706085e-01,  9.139784946236746e-05
4663        ,  1.831000000000000e+00,  1.415891992584206e+00,  1.339591836734694e-02
5472        ,  0.000000000000000e+00,  1.442771340526090e-01,  0.000000000000000e+00
4618        ,  9.976000000000003e-01,  1.158143202310103e+00,  1.068064516129032e-02
5698        ,  2.943900000000000e+00,  2.882174229144219e+00,  2.884257425742574e-02
4062        ,  5.457999999999998e-01,  3.182142365474744e-01,  1.832352941176471e-03
3569        ,  2.146999999999997e-01,  1.442771340526090e-01,  0.000000000000000e+00
5396        ,  3.100000000000103e-03,  1.442771340526090e-01,  0.000000000000000e+00
3433        ,  0.000000000000000e+00,  1.442771340526090e-01,  0.000000000000000e+00
3240        ,  1.162500000000000e+00,  1.227896273591454e+00,  1.141546391752578e-02
3761        ,  3.577100000000000e+00,  2.942719441179737e+00,  2.948039215686275e-02
4096        ,  3.949999999999998e-02,  1.362989558344700e+00,  1.283861386138614e-02
5882        ,  0.000000000000000e+00,  1.442771340526090e-01,  0.000000000000000e+00
5695        ,  2.888000000000000e+00,  1.965813765131889e+00,  1.918910891089109e-02
3911        ,  1.346200000000000e+00,  1.641358459460350e+00,  1.577111111111111e-02
4721        ,  2.367300000000000e+00,  3.294271094515743e+00,  3.318383838383838e-02
3785        ,  1.859500000000000e+00,  1.706812203802682e+00,  1.646063829787234e-02
5548        ,  0.000000000000000e+00,  1.442771340526090e-01,  0.000000000000000e+00
5293        ,  2.833800000000000e+00,  2.916010902011041e+00,  2.919902912621360e-02
3232        ,  9.213999999999998e-01,  9.053115326948804e-01,  8.017171717171716e-03
3655        ,  2.189700000000000e+00,  1.782353700952189e+00,  1.725643564356435e-02
4144        ,  7.689000000000000e-01,  4.374113457629347e-01,  3.088043478260870e-03
3296        ,  6.007300000000000e+00,  5.819320984103125e+00,  5.978415841584158e-02
4033        ,  5.497999999999998e-01,  8.537002924838564e-01,  7.473469387755099e-03
3229        ,  5.016000000000003e-01,  6.365771705698714e-01,  5.186170212765955e-03
4329        ,  2.076200000000000e+00,  1.627343488331805e+00,  1.562346938775510e-02
4845        ,  0.000000000000000e+00,  1.442771340526090e-01,  0.000000000000000e+00
3319        ,  9.309000000000001e-01,  3.514624551065809e-01,  2.182608695652175e-03
4634        ,  1.984300000000000e+00,  1.712710305687252e+00,  1.652277227722772e-02
3459        ,  2.935700000000000e+00,  2.685462182869572e+00,  2.677029702970297e-02
3485        ,  1.129800000000000e+00,  1.267594084398801e+00,  1.183366336633663e-02
5562        ,  3.304500000000000e+00,  3.216178379392275e+00,  3.236116504854369e-02
3196        ,  0.000000000000000e+00,  1.442771340526090e-01,  0.000000000000000e+00
5376        ,  2.012700000000000e+00,  2.037806802612242e+00,  1.994752475247525e-02
3326        ,  1.114300000000000e+00,  7.966377978272789e-01,  6.872340425531914e-03
4509        ,  2.598600000000000e+00,  1.325301297209424e+00,  1.244158415841584e-02
3405        ,  2.360100000000000e+00,  2.160235140603584e+00,  2.123725490196078e-02
5728        ,  3.545400000000000e+00,  4.009866532664361e+00,  4.072233009708738e-02
5687        ,  3.023600000000000e+00,  2.846459667469893e+00,  2.846633663366337e-02
5262        ,  2.010999999999994e-01,  2.274982676342038e-01,  8.766990291262135e-04
3624        ,  1.820700000000000e+00,  1.671715457143372e+00,  1.609090909090909e-02
4098        ,  2.567200000000000e+00,  3.619565867417347e+00,  3.661067961165049e-02
2987        ,  0.000000000000000e+00,  1.442771340526090e-01,  0.000000000000000e+00
3182        ,  0.000000000000000e+00,  1.442771340526090e-01,  0.000000000000000e+00
5741        ,  1.094500000000000e+00,  1.213119204136891e+00,  1.125979381443299e-02
4769        ,  1.221900000000000e+00,  1.338420299553456e+00,  1.257978723404255e-02
5485        ,  6.596000000000002e-01,  6.835912384505657e-01,  5.681443298969076e-03
3718        ,  0.000000000000000e+00,  1.442771340526090e-01,  0.000000000000000e+00
4156        ,  3.097000000000000e+00,  3.079430839555851e+00,  3.092058823529412e-02
3518        ,  1.070500000000000e+00,  1.129201581936370e+00,  1.037575757575758e-02
4115        ,  3.576900000000000e+00,  2.379726737799611e+00,  2.354950495049504e-02
4242        ,  5.707000000000000e-01,  7.438557698318075e-01,  6.316304347826089e-03
4813        ,  4.401000000000000e+00,  3.419016685120960e+00,  3.449797979797980e-02
4070        ,  7.039999999999997e-01,  1.442771340526090e-01,  0.000000000000000e+00
4076        ,  3.507100000000000e+00,  3.160489810274432e+00,  3.177450980392157e-02
5813        ,  4.605999999999999e-01,  1.442771340526090e-01,  0.000000000000000e+00
5626        ,  2.421200000000000e+00,  2.532816957066827e+00,  2.516224489795918e-02
4416        ,  8.491000000000000e-01,  1.028024564114962e+00,  9.309900990099011e-03
4907        ,  3.617400000000000e+00,  3.563194528860459e+00,  3.601683168316831e-02
3926        ,  7.533000000000000e-01,  7.116869270097620e-01,  5.977419354838703e-03
3967        ,  2.306200000000000e+00,  2.173078008524554e+00,  2.137254901960784e-02
5159        ,  2.832700000000000e+00,  2.564111469259237e+00,  2.549191919191919e-02
3838        ,  1.593100000000000e+00,  1.043141262265974e+00,  9.469148936170211e-03
5030        ,  2.814400000000000e+00,  2.656486303820818e+00,  2.646504854368932e-02
3875        ,  2.401300000000000e+00,  2.410929986420340e+00,  2.387821782178218e-02
4324        ,  0.000000000000000e+00,  1.763619684325606e-01,  3.379999999999983e-04
5629        ,  8.353000000000002e-01,  9.060776768936529e-01,  8.025242718446603e-03
3781        ,  1.123700000000000e+00,  1.243292784804890e+00,  1.157765957446808e-02
4923        ,  2.503000000000000e+00,  3.836696532664564e+00,  3.889805825242719e-02
3941        ,  1.333200000000000e+00,  1.107367482414688e+00,  1.014574468085106e-02
4652        ,  3.696700000000000e+00,  3.394208260727724e+00,  3.423663366336633e-02
4960        ,  0.000000000000000e+00,  1.442771340526090e-01,  0.000000000000000e+00
3333        ,  0.000000000000000e+00,  1.442771340526090e-01,  0.000000000000000e+00
3638        ,  3.944000000000000e+00,  3.723431003127709e+00,  3.770485436893204e-02
4414        ,  0.000000000000000e+00,  1.442771340526090e-01,  0.000000000000000e+00
4596        ,  1.153000000000000e-01,  7.682673015313229e-01,  6.573469387755108e-03
3645        ,  0.000000000000000e+00,  1.442771340526090e-01,  0.000000000000000e+00
5703        ,  3.516900000000001e+00,  3.143454443498503e+00,  3.159504950495049e-02
5482        ,  9.074999999999998e-01,  9.492265830386073e-01,  8.479797979797980e-03
4940        ,  4.171100000000000e+00,  4.812862919039151e+00,  4.918155339805826e-02
4100        ,  0.000000000000000e+00,  1.442771340526090e-01,  0.000000000000000e+00
4040        ,  3.755400000000000e+00,  4.739687304350572e+00,  4.841067961165049e-02
4789        ,  3.575900000000000e+00,  3.487818006589907e+00,  3.522277227722773e-02
4275        ,  3.135000000000000e+00,  2.210616408557902e+00,  2.176800000000000e-02
3154        ,  0.000000000000000e+00,  1.442771340526090e-01,  0.000000000000000e+00
4442        ,  8.890999999999998e-01,  6.989281171303520e-01,  5.843010752688173e-03
3659        ,  1.149999999999984e-02,  1.442771340526090e-01,  0.000000000000000e+00
3802        ,  3.640600000000001e+00,  3.517171616858659e+00,  3.553200000000000e-02
5067        ,  2.608600000000000e+00,  3.711726591206488e+00,  3.758155339805825e-02
5018        ,  1.576900000000000e+00,  1.275206925176750e+00,  1.191386138613862e-02
4723        ,  8.354000000000004e-01,  1.018907952319147e+00,  9.213861386138613e-03
4392        ,  4.559800000000000e+00,  5.267860412386143e+00,  5.397475728155340e-02
3324        ,  2.361700000000000e+00,  2.310498279351440e+00,  2.282021276595745e-02
3215        ,  2.198300000000000e+00,  1.861919155258398e+00,  1.809462365591398e-02
4996        ,  0.000000000000000e+00,  1.442771340526090e-01,  0.000000000000000e+00
3052        ,  4.224600000000000e+00,  4.086506843077962e+00,  4.152970297029702e-02
4918        ,  1.971800000000000e+00,  1.731856390275765e+00,  1.672446808510638e-02
3380        ,  3.602999999999998e-01,  7.678256904791698e-01,  6.568817204301075e-03
3474        ,  3.947700000000000e+00,  3.590841510919996e+00,  3.630808080808081e-02
3677        ,  0.000000000000000e+00,  1.442771340526090e-01,  0.000000000000000e+00
3637        ,  3.929200000000000e+00,  3.587954739157671e+00,  3.627766990291262e-02
5278        ,  1.021200000000000e+00,  1.442771340526090e-01,  0.000000000000000e+00
5105        ,  1.147400000000000e+00,  1.505693183425251e+00,  1.434193548387097e-02
4114        ,  2.924900000000000e+00,  3.445712418089648e+00,  3.477920792079207e-02
5258        ,  3.733000000000000e-01,  8.884328200209589e-01,  7.839361702127654e-03
3833        ,  2.096400000000000e+00,  1.895136527292169e+00,  1.844455445544555e-02
3095        ,  0.000000000000000e+00,  1.442771340526090e-01,  0.000000000000000e+00
3011        ,  0.000000000000000e+00,  1.442771340526090e-01,  0.000000000000000e+00
5315        ,  1.127500000000000e+00,  1.249856785291786e+00,  1.164680851063830e-02
5049        ,  3.301000000000000e+00,  3.149657498947203e+00,  3.166039603960396e-02
3618        ,  3.023200000000000e+00,  7.361050152716493e-01,  6.234653465346532e-03
4357        ,  2.144500000000000e+00,  1.442771340526090e-01,  0.000000000000000e+00
3352        ,  2.475100000000000e+00,  2.105664469793462e+00,  2.066237623762376e-02
4411        ,  0.000000000000000e+00,  1.442771340526090e-01,  0.000000000000000e+00
5077        ,  1.153900000000000e+00,  1.263526805772034e+00,  1.179081632653061e-02
4616        ,  3.628800000000000e+00,  3.181429268841229e+00,  3.199509803921569e-02
3554        ,  3.720300000000000e+00,  3.416670840307104e+00,  3.447326732673268e-02
4259        ,  0.000000000000000e+00,  1.442771340526090e-01,  0.000000000000000e+00
3487        ,  0.000000000000000e+00,  1.442771340526090e-01,  0.000000000000000e+00
5549        ,  2.207500000000000e+00,  3.236914542244830e+00,  3.257961165048543e-02
3735        ,  4.644100000000000e+00,  4.225430465607163e+00,  4.299320388349515e-02
5911        ,  1.002100000000000e+00,  1.702686114918533e+00,  1.641717171717172e-02
4467        ,  1.254100000000000e+00,  1.059747260520087e+00,  9.644086021505377e-03
3445        ,  0.000000000000000e+00,  1.442771340526090e-01,  0.000000000000000e+00
4870        ,  2.521100000000000e+00,  2.585800909505644e+00,  2.572040816326530e-02
3325        ,  6.866999999999999e-01,  2.065062652311070e+00,  2.023465346534653e-02
3261        ,  0.000000000000000e+00,  1.442771340526090e-01,  0.000000000000000e+00
4281        ,  2.025100000000000e+00,  1.732206404939517e+00,  1.672815533980582e-02
3654        ,  0.000000000000000e+00,  1.442771340526090e-01,  0.000000000000000e+00
4235        ,  2.754999999999999e-01,  3.789653976148898e-01,  2.472340425531917e-03
4924        ,  3.480100000000000e+00,  3.670991551291688e+00,  3.715242718446602e-02
4935        ,  3.557399999999999e+00,  3.556105980796461e+00,  3.594215686274510e-02
3332        ,  0.000000000000000e+00,  1.442771340526090e-01,  0.000000000000000e+00
3039        ,  1.061300000000000e+00,  1.348490222708439e+00,  1.268586956521740e-02
4388        ,  0.000000000000000e+00,  1.442771340526090e-01,  0.000000000000000e+00
5842        ,  5.800000000000005e-02,  1.442771340526090e-01,  0.000000000000000e+00
3142        ,  0.000000000000000e+00,  1.442771340526090e-01,  0.000000000000000e+00
4664        ,  1.383200000000000e+00,  2.054895894300610e+00,  2.012755102040817e-02
4389        ,  1.188300000000000e+00,  1.260357186375319e+00,  1.175742574257426e-02
3399        ,  0.000000000000000e+00,  1.442771340526090e-01,  0.000000000000000e+00
3008        ,  0.000000000000000e+00,  1.442771340526090e-01,  0.000000000000000e+00
3515        ,  0.000000000000000e+00,  1.442771340526090e-01,  0.000000000000000e+00
4016        ,  1.261500000000000e+00,  2.170682354340138e+00,  2.134731182795700e-02
3628        ,  1.788400000000000e+00,  1.670843218504343e+00,  1.608172043010753e-02
5619        ,  0.000000000000000e+00,  1.442771340526090e-01,  0.000000000000000e+00
3269        ,  0.000000000000000e+00,  1.442771340526090e-01,  0.000000000000000e+00
4525        ,  1.162800000000000e+00,  1.585035969128679e+00,  1.517777777777777e-02
3019        ,  3.700100000000000e+00,  2.543449807369815e+00,  2.527425742574257e-02
4112        ,  5.923999999999998e-01,  1.442771340526090e-01,  0.000000000000000e+00
4500        ,  0.000000000000000e+00,  1.442771340526090e-01,  0.000000000000000e+00
5530        ,  0.000000000000000e+00,  1.731587361949551e-01,  3.042553191489357e-04
3940        ,  2.413200000000000e+00,  2.016566036984880e+00,  1.972376237623763e-02
5810        ,  1.667300000000000e+00,  1.826806910470260e+00,  1.772473118279570e-02
4207        ,  1.619500000000000e+00,  2.884147928605169e+00,  2.886336633663367e-02
4780        ,  3.433200000000000e+00,  3.413193369828287e+00,  3.443663366336634e-02
3303        ,  0.000000000000000e+00,  1.442771340526090e-01,  0.000000000000000e+00
4231        ,  3.127200000000000e+00,  3.163379409485234e+00,  3.180495049504951e-02
3819        ,  0.000000000000000e+00,  1.442771340526090e-01,  0.000000000000000e+00
5097        ,  1.196899999999999e+00,  1.256315801764803e+00,  1.171485148514852e-02
4562        ,  2.138600000000000e+00,  2.146647758600241e+00,  2.109411764705883e-02
4323        ,  0.000000000000000e+00,  1.442771340526090e-01,  0.000000000000000e+00
3021        ,  0.000000000000000e+00,  1.442771340526090e-01,  0.000000000000000e+00
5719        ,  2.343600000000000e+00,  1.900775668609167e+00,  1.850396039603960e-02
3743        ,  0.000000000000000e+00,  1.442771340526090e-01,  0.000000000000000e+00
5328        ,  0.000000000000000e+00,  1.442771340526090e-01,  0.000000000000000e+00
3455        ,  0.000000000000000e+00,  1.442771340526090e-01,  0.000000000000000e+00
5400        ,  3.421000000000000e+00,  3.138849144756287e+00,  3.154653465346534e-02
3626        ,  3.394699999999999e+00,  3.313952775503984e+00,  3.339117647058824e-02
4443        ,  2.707600000000000e+00,  2.763376318732774e+00,  2.759108910891089e-02
3567        ,  3.290600000000000e+00,  3.300272329240342e+00,  3.324705882352941e-02
4372        ,  0.000000000000000e+00,  1.442771340526090e-01,  0.000000000000000e+00
5702        ,  3.637999999999995e-01,  4.819142704096832e-01,  3.556862745098039e-03
3207        ,  0.000000000000000e+00,  1.442771340526090e-01,  0.000000000000000e+00
4597        ,  2.728600000000000e+00,  1.810790010900043e+00,  1.755600000000000e-02
5883        ,  5.354999999999999e-01,  6.449328337206857e-01,  5.274193548387096e-03
3138        ,  0.000000000000000e+00,  1.442771340526090e-01,  0.000000000000000e+00
3539        ,  2.172700000000000e+00,  2.308383848742576e+00,  2.279793814432990e-02
5478        ,  5.165000000000000e+00,  5.141968863690175e+00,  5.264854368932038e-02
3753        ,  0.000000000000000e+00,  1.442771340526090e-01,  0.000000000000000e+00
3195        ,  8.440000000000003e-02,  1.442771340526090e-01,  0.000000000000000e+00
4979        ,  1.930300000000000e+00,  1.986224162355700e+00,  1.940412371134021e-02
5128        ,  4.194100000000000e+00,  4.223402929683802e+00,  4.297184466019417e-02
5207        ,  0.000000000000000e+00,  1.442771340526090e-01,  0.000000000000000e+00
5603        ,  1.377800000000001e+00,  1.603062234335275e+00,  1.536767676767677e-02
4572        ,  2.515200000000000e+00,  2.279444008045647e+00,  2.249306930693069e-02
5198        ,  3.256600000000000e+00,  3.100221026734845e+00,  3.113960396039604e-02
