# c0 + a0 * (mp_bandgap / max:mendeleev_number)
# Property Label: $bandgap$; Unit of the Property: eV
# RMSE: 0.463523214159913; Max AE: 3.49074172691843
# Coefficients
# Task   a0                      c0
# all ,  9.580870584614433e+01,  1.292651032753225e-01, 
# Feature Rung, Units, and Expressions
# 0;  1; eV;                                               0|21|div; (mp_bandgap / max:mendeleev_number); $\left(\frac{ mp_{bandgap} }{ max:mendeleev_{number} } \right)$; (mp_bandgap ./ max:mendeleev_number); mp_bandgap,max:mendeleev_number
# Number of Samples Per Task
# Task, n_samples               
# all , 1016                  

# Sample ID , Property Value        ,  Property Value (EST) ,  Feature 0 Value      
3577        ,  5.216900000000000e+00,  4.754665203257367e+00,  4.827745098039216e-02
3033        ,  0.000000000000000e+00,  1.221010049397377e+00,  1.139504950495050e-02
3404        ,  2.820000000000000e-02,  1.292651032753225e-01,  0.000000000000000e+00
5293        ,  2.833800000000000e+00,  2.926786295821722e+00,  2.919902912621360e-02
3707        ,  1.609999999999999e+00,  1.742396283606855e+00,  1.683700000000000e-02
5075        ,  0.000000000000000e+00,  1.292651032753225e-01,  0.000000000000000e+00
5016        ,  3.666500000000000e+00,  2.934524655156318e+00,  2.927979797979798e-02
4329        ,  2.076200000000000e+00,  1.626129486142992e+00,  1.562346938775510e-02
3574        ,  2.645500000000000e+00,  2.378113607725366e+00,  2.347227722772277e-02
3908        ,  1.994499999999999e+00,  1.675579671590173e+00,  1.613960396039604e-02
4303        ,  0.000000000000000e+00,  1.292651032753225e-01,  0.000000000000000e+00
4983        ,  0.000000000000000e+00,  3.490741726918428e+00,  3.508529411764706e-02
4042        ,  1.349900000000000e+00,  1.582193935016586e+00,  1.516489361702128e-02
4750        ,  9.359000000000002e-01,  2.970918138530066e-01,  1.751685393258426e-03
4141        ,  3.190800000000000e+00,  3.426128045535468e+00,  3.441089108910891e-02
4420        ,  0.000000000000000e+00,  1.292651032753225e-01,  0.000000000000000e+00
4136        ,  0.000000000000000e+00,  1.292651032753225e-01,  0.000000000000000e+00
4617        ,  2.861800000000000e+00,  2.762961052891512e+00,  2.748910891089109e-02
3836        ,  2.259999999999995e-02,  2.101818037562510e-01,  8.445652173913055e-04
5832        ,  3.573500000000000e+00,  3.404701751864439e+00,  3.418725490196078e-02
4712        ,  1.100500000000000e+00,  1.114446451669600e+00,  1.028279569892473e-02
4913        ,  1.940700000000000e+00,  1.738948137961099e+00,  1.680101010101010e-02
4046        ,  0.000000000000000e+00,  6.461578143205112e-01,  5.395049504950497e-03
4636        ,  3.054200000000000e+00,  2.491275265946335e+00,  2.465339805825243e-02
5195        ,  2.369000000000003e-01,  2.755911267494340e-01,  1.527272727272730e-03
4525        ,  1.162800000000000e+00,  1.583428349784580e+00,  1.517777777777777e-02
5751        ,  5.041900000000000e+00,  5.044065676860495e+00,  5.129805825242718e-02
5102        ,  3.760100000000000e+00,  3.726788077694272e+00,  3.754901960784314e-02
5500        ,  1.070000000000002e-01,  2.356981408588611e-01,  1.110891089108912e-03
3022        ,  0.000000000000000e+00,  1.292651032753225e-01,  0.000000000000000e+00
4533        ,  1.544200000000000e+00,  1.403805471343436e+00,  1.330297029702970e-02
5095        ,  9.836999999999998e-01,  6.623099030738711e-01,  5.563636363636365e-03
5258        ,  3.733000000000000e-01,  8.803442026160002e-01,  7.839361702127654e-03
3426        ,  3.814500000000001e+00,  3.742107054618147e+00,  3.770891089108910e-02
5717        ,  8.259000000000003e-01,  4.090109719079454e+00,  4.134117647058824e-02
5108        ,  2.033300000000000e+00,  1.859457614732164e+00,  1.805882352941176e-02
5105        ,  1.147400000000000e+00,  1.503347381313896e+00,  1.434193548387097e-02
4721        ,  2.367300000000000e+00,  3.308565713838487e+00,  3.318383838383838e-02
4062        ,  5.457999999999998e-01,  3.048204672228164e-01,  1.832352941176471e-03
3583        ,  1.527200000000000e+00,  1.685796002876822e+00,  1.624623655913979e-02
5228        ,  8.589000000000000e-01,  9.981611706243249e-01,  9.069072164948460e-03
3315        ,  3.259000000000000e+00,  3.694297561799873e+00,  3.720990099009901e-02
3746        ,  0.000000000000000e+00,  1.292651032753225e-01,  0.000000000000000e+00
3201        ,  0.000000000000000e+00,  5.593850380314169e-01,  4.489361702127656e-03
5331        ,  1.814300000000000e+00,  1.191887997224341e+00,  1.109108910891089e-02
3126        ,  0.000000000000000e+00,  1.292651032753225e-01,  0.000000000000000e+00
3598        ,  9.411999999999998e-01,  1.008238834335098e+00,  9.174257425742571e-03
5120        ,  8.623000000000001e-01,  2.002572232221687e+00,  1.955257731958763e-02
4244        ,  6.532000000000000e-01,  1.292651032753225e-01,  0.000000000000000e+00
4710        ,  0.000000000000000e+00,  1.292651032753225e-01,  0.000000000000000e+00
5371        ,  4.331500000000000e+00,  3.583975259919610e+00,  3.605841584158416e-02
4218        ,  2.750400000000000e+00,  2.785917198252668e+00,  2.772871287128713e-02
5277        ,  4.523999999999999e-01,  8.629131537843131e-01,  7.657425742574261e-03
5825        ,  2.044100000000000e+00,  2.203319736534036e+00,  2.164787234042553e-02
3969        ,  2.773000000000000e+00,  1.834185766812701e+00,  1.779504950495049e-02
3495        ,  1.237600000000000e+00,  4.558388640627176e-01,  3.408602150537634e-03
3278        ,  1.245800000000000e+00,  9.514686316173416e-01,  8.581720430107525e-03
4278        ,  7.349000000000001e-01,  1.292651032753225e-01,  0.000000000000000e+00
4647        ,  3.913400000000000e+00,  3.664420312676017e+00,  3.689805825242719e-02
4958        ,  3.220400000000000e+00,  3.132156580765961e+00,  3.134257425742575e-02
3444        ,  2.131800000000000e+00,  2.177003339978688e+00,  2.137319587628866e-02
4837        ,  2.507100000000000e+00,  2.624756327003827e+00,  2.604660194174757e-02
4994        ,  3.688700000000000e+00,  4.155697111538137e+00,  4.202574257425742e-02
5893        ,  4.026400000000000e+00,  3.733704748971934e+00,  3.762121212121212e-02
5161        ,  4.347900000000000e+00,  4.240491815216394e+00,  4.291078431372550e-02
3743        ,  0.000000000000000e+00,  1.292651032753225e-01,  0.000000000000000e+00
4189        ,  1.018400000000000e+00,  1.059368430821308e+00,  9.707920792079208e-03
4450        ,  5.732999999999999e-01,  3.617541011849556e-01,  2.426595744680851e-03
4947        ,  8.538999999999999e-01,  9.057107080758801e-01,  8.104123711340208e-03
4749        ,  2.372800000000001e+00,  2.274252952983707e+00,  2.238823529411765e-02
5135        ,  1.470899999999999e+00,  1.292651032753225e-01,  0.000000000000000e+00
3721        ,  1.803700000000000e+00,  1.638784490940130e+00,  1.575555555555556e-02
4848        ,  7.781000000000002e-01,  7.116659030552179e-01,  6.078787878787878e-03
5490        ,  2.288300000000000e+00,  2.176513683728147e+00,  2.136808510638298e-02
5388        ,  1.719900000000000e+00,  1.666892907950784e+00,  1.604893617021277e-02
5732        ,  5.205000000000001e-01,  4.084641688987066e-01,  2.914130434782614e-03
4953        ,  2.663900000000000e+00,  2.519837478842451e+00,  2.495151515151515e-02
3082        ,  3.936999999999999e-01,  1.292651032753225e-01,  0.000000000000000e+00
4256        ,  2.726200000000000e+00,  2.708818699476912e+00,  2.692400000000000e-02
4685        ,  7.060000000000000e-01,  6.246888306023196e-01,  5.170967741935475e-03
4747        ,  3.408700000000000e+00,  2.755467104612457e+00,  2.741089108910891e-02
5067        ,  2.608600000000000e+00,  3.729905098031051e+00,  3.758155339805825e-02
3965        ,  4.246200000000000e+00,  3.468625372485044e+00,  3.485445544554455e-02
3422        ,  9.169000000000000e-01,  8.960405225099435e-01,  8.003191489361702e-03
3134        ,  0.000000000000000e+00,  1.292651032753225e-01,  0.000000000000000e+00
5875        ,  4.952999999999994e-01,  3.400442561368400e-01,  2.200000000000000e-03
4937        ,  0.000000000000000e+00,  1.292651032753225e-01,  0.000000000000000e+00
4121        ,  1.252800000000000e+00,  1.034609943468987e+00,  9.449504950495052e-03
3358        ,  0.000000000000000e+00,  1.292651032753225e-01,  0.000000000000000e+00
3180        ,  1.234700000000000e+00,  1.496475720530833e+00,  1.427021276595745e-02
5476        ,  0.000000000000000e+00,  1.292651032753225e-01,  0.000000000000000e+00
3830        ,  6.069000000000000e-01,  6.368537005364934e-01,  5.297938144329897e-03
3277        ,  1.579500000000000e+00,  1.697470154497425e+00,  1.636808510638298e-02
4178        ,  2.596900000000000e+00,  2.160502685374598e+00,  2.120097087378641e-02
4700        ,  7.430000000000003e-02,  1.292651032753225e-01,  0.000000000000000e+00
5159        ,  2.832700000000000e+00,  2.571612890587589e+00,  2.549191919191919e-02
4672        ,  6.372000000000000e-01,  6.103955548116038e-01,  5.021782178217823e-03
5042        ,  3.263400000000000e+00,  3.079888663022173e+00,  3.079702970297029e-02
5909        ,  1.706400000000000e+00,  1.452709278154176e+00,  1.381340206185567e-02
3034        ,  1.700700000000000e+00,  2.065925975384459e+00,  2.021382978723404e-02
3339        ,  0.000000000000000e+00,  1.735001866127977e-01,  4.617021276595756e-04
4575        ,  2.957400000000000e+00,  2.299471817932015e+00,  2.265145631067961e-02
5517        ,  1.991000000000000e+00,  1.711626511413475e+00,  1.651584158415842e-02
5696        ,  0.000000000000000e+00,  1.292651032753225e-01,  0.000000000000000e+00
4993        ,  7.869999999999999e-01,  7.478358740295553e-01,  6.456310679611651e-03
4049        ,  4.949900000000000e+00,  6.135168705574353e+00,  6.268640776699029e-02
3296        ,  6.007300000000000e+00,  5.857107951197983e+00,  5.978415841584158e-02
5474        ,  0.000000000000000e+00,  1.292651032753225e-01,  0.000000000000000e+00
4069        ,  2.483500000000000e+00,  2.394239825541054e+00,  2.364059405940594e-02
3067        ,  0.000000000000000e+00,  8.459331950254417e-01,  7.480198019801981e-03
3245        ,  0.000000000000000e+00,  1.292651032753225e-01,  0.000000000000000e+00
3972        ,  9.501000000000001e-01,  6.134596381966972e-01,  5.053763440860217e-03
5077        ,  1.153900000000000e+00,  1.258927956389810e+00,  1.179081632653061e-02
3503        ,  7.069999999999999e-01,  3.840593447631874e-01,  2.659405940594059e-03
4802        ,  0.000000000000000e+00,  1.292651032753225e-01,  0.000000000000000e+00
4651        ,  3.520400000000000e+00,  3.593261419499026e+00,  3.615533980582524e-02
3793        ,  0.000000000000000e+00,  1.292651032753225e-01,  0.000000000000000e+00
3873        ,  3.645000000000000e+00,  3.574843823617922e+00,  3.596310679611650e-02
4895        ,  2.159000000000000e-01,  8.242203946093193e-01,  7.253571428571428e-03
5431        ,  0.000000000000000e+00,  1.292651032753225e-01,  0.000000000000000e+00
5297        ,  1.494600000000000e+00,  1.575786841342506e+00,  1.509801980198020e-02
3520        ,  8.754999999999997e-01,  1.011838418311795e+00,  9.211827956989252e-03
4859        ,  0.000000000000000e+00,  1.292651032753225e-01,  0.000000000000000e+00
5591        ,  4.297800000000001e+00,  4.105231535785514e+00,  4.149900990099010e-02
5160        ,  4.105000000000000e+00,  3.999074541106938e+00,  4.039100000000000e-02
5202        ,  3.249999999999975e-02,  1.797824209032896e-01,  5.272727272727287e-04
3573        ,  2.447999999999999e-01,  6.387839548975307e-01,  5.318085106382982e-03
3838        ,  1.593100000000000e+00,  1.036492008314185e+00,  9.469148936170211e-03
4112        ,  5.923999999999998e-01,  1.292651032753225e-01,  0.000000000000000e+00
3399        ,  0.000000000000000e+00,  1.292651032753225e-01,  0.000000000000000e+00
5658        ,  1.245900000000000e+00,  1.417650255729585e+00,  1.344747474747475e-02
5582        ,  0.000000000000000e+00,  6.254173299785699e-01,  5.178571428571429e-03
5068        ,  2.732000000000000e+00,  2.496491578505253e+00,  2.470784313725490e-02
4409        ,  2.585300000000000e+00,  2.210306082337416e+00,  2.172079207920792e-02
4907        ,  3.617400000000000e+00,  3.579991135518087e+00,  3.601683168316831e-02
3741        ,  4.134000000000000e+00,  3.958078647002500e+00,  3.996310679611650e-02
3079        ,  3.068500000000000e+00,  2.311806394471450e+00,  2.278019801980198e-02
4684        ,  0.000000000000000e+00,  1.292651032753225e-01,  0.000000000000000e+00
4673        ,  1.365500000000000e+00,  1.306888024272393e+00,  1.229139784946237e-02
3508        ,  5.225600000000000e+00,  4.736051232693296e+00,  4.808316831683169e-02
4472        ,  1.962400000000000e+00,  1.598458406389266e+00,  1.533465346534653e-02
3173        ,  0.000000000000000e+00,  1.292651032753225e-01,  0.000000000000000e+00
3941        ,  1.333200000000000e+00,  1.101315770993065e+00,  1.014574468085106e-02
4023        ,  0.000000000000000e+00,  2.427464807489583e+00,  2.398737864077670e-02
3485        ,  1.129800000000000e+00,  1.263033075822963e+00,  1.183366336633663e-02
4565        ,  1.903700000000000e+00,  2.141247926044353e+00,  2.100000000000000e-02
4165        ,  0.000000000000000e+00,  1.292651032753225e-01,  0.000000000000000e+00
3463        ,  1.951400000000000e+00,  2.065346140190686e+00,  2.020777777777778e-02
5755        ,  1.744400000000000e+00,  1.573130758408157e+00,  1.507029702970297e-02
4114        ,  2.924900000000000e+00,  3.461416004520383e+00,  3.477920792079207e-02
3199        ,  2.250400000000000e+00,  1.717345364752742e+00,  1.657553191489361e-02
3686        ,  1.206600000000000e+00,  1.072738914683465e+00,  9.847474747474747e-03
4416        ,  8.491000000000000e-01,  1.021234668692447e+00,  9.309900990099011e-03
4562        ,  2.138600000000000e+00,  2.150265216006344e+00,  2.109411764705883e-02
3600        ,  1.261000000000001e-01,  2.704619738101955e-01,  1.473737373737371e-03
3272        ,  0.000000000000000e+00,  1.292651032753225e-01,  0.000000000000000e+00
5130        ,  3.741200000000000e+00,  3.006277221698800e+00,  3.002871287128714e-02
3567        ,  3.290600000000000e+00,  3.314622782348309e+00,  3.324705882352941e-02
3337        ,  0.000000000000000e+00,  1.292651032753225e-01,  0.000000000000000e+00
3222        ,  0.000000000000000e+00,  1.292651032753225e-01,  0.000000000000000e+00
4931        ,  7.595999999999998e-01,  9.976048229951733e-01,  9.063265306122448e-03
4792        ,  3.406700000000000e+00,  2.673033673542854e+00,  2.655049504950495e-02
4038        ,  0.000000000000000e+00,  3.620598736504222e-01,  2.429787234042555e-03
3618        ,  3.023200000000000e+00,  7.265991831893528e-01,  6.234653465346532e-03
3319        ,  9.309000000000001e-01,  3.383780177742984e-01,  2.182608695652175e-03
4531        ,  8.411000000000000e-01,  8.978951424312038e-01,  8.022549019607842e-03
4586        ,  1.556100000000000e+00,  1.847821667331717e+00,  1.793737373737373e-02
5773        ,  3.998000000000000e+00,  3.750350301906821e+00,  3.779494949494950e-02
3637        ,  3.929200000000000e+00,  3.604981707787001e+00,  3.627766990291262e-02
3000        ,  0.000000000000000e+00,  1.293670274304781e-01,  1.063829787236288e-06
4392        ,  4.559800000000000e+00,  5.300516746780709e+00,  5.397475728155340e-02
3459        ,  2.935700000000000e+00,  2.694092616808046e+00,  2.677029702970297e-02
3487        ,  0.000000000000000e+00,  1.292651032753225e-01,  0.000000000000000e+00
3897        ,  3.892500000000000e+00,  3.561635244753697e+00,  3.582524271844660e-02
3474        ,  3.947700000000000e+00,  3.607895337254775e+00,  3.630808080808081e-02
3858        ,  3.167000000000000e-01,  3.039974163135382e-01,  1.823762376237624e-03
4762        ,  2.902400000000000e+00,  3.532916343511485e+00,  3.552549019607843e-02
5355        ,  1.801200000000000e+00,  1.194354359949093e+00,  1.111683168316831e-02
3779        ,  3.920900000000000e+00,  3.520324129600043e+00,  3.539405940594059e-02
3537        ,  2.426400000000000e+00,  2.550664138353224e+00,  2.527326732673267e-02
5437        ,  3.014500000000000e+00,  2.981895240947997e+00,  2.977422680412371e-02
4845        ,  0.000000000000000e+00,  1.292651032753225e-01,  0.000000000000000e+00
3788        ,  7.426000000000001e-01,  6.906633498716658e-01,  5.859574468085104e-03
3211        ,  1.219999999999999e-02,  1.292651032753225e-01,  0.000000000000000e+00
3763        ,  0.000000000000000e+00,  1.292651032753225e-01,  0.000000000000000e+00
5299        ,  3.388300000000000e+00,  2.598094190752305e+00,  2.576831683168317e-02
5510        ,  3.329200000000000e+00,  3.390689258983921e+00,  3.404099999999999e-02
4560        ,  4.276800000000000e+00,  3.674946100421048e+00,  3.700792079207921e-02
4984        ,  0.000000000000000e+00,  1.292651032753225e-01,  0.000000000000000e+00
4289        ,  4.016000000000002e-01,  2.959343074056943e-01,  1.739603960396039e-03
3251        ,  0.000000000000000e+00,  1.292651032753225e-01,  0.000000000000000e+00
5409        ,  5.116999999999998e-01,  1.292651032753225e-01,  0.000000000000000e+00
3822        ,  1.651400000000000e+00,  1.150545137933159e+00,  1.065957446808510e-02
3675        ,  1.858500000000000e+00,  1.959310156798376e+00,  1.910103092783505e-02
4096        ,  3.949999999999998e-02,  1.359316082193098e+00,  1.283861386138614e-02
5417        ,  2.387700000000000e+00,  2.396516468056209e+00,  2.366435643564357e-02
3842        ,  2.475500000000000e+00,  2.479708779964198e+00,  2.453267326732674e-02
5072        ,  9.227000000000000e-01,  9.962873821024210e-01,  9.049514563106797e-03
5543        ,  4.231000000000000e-01,  8.287763061834639e-01,  7.301123595505618e-03
4233        ,  3.497600000000000e+00,  3.317418365436773e+00,  3.327623762376238e-02
3950        ,  0.000000000000000e+00,  1.292651032753225e-01,  0.000000000000000e+00
3912        ,  4.126200000000000e+00,  3.870452776410062e+00,  3.904851485148515e-02
4814        ,  2.224100000000000e+00,  2.215941509339939e+00,  2.177961165048543e-02
5735        ,  0.000000000000000e+00,  1.292651032753225e-01,  0.000000000000000e+00
3628        ,  1.788400000000000e+00,  1.670033925463424e+00,  1.608172043010753e-02
3928        ,  1.122600000000000e+00,  1.255995036823091e+00,  1.176020408163265e-02
4408        ,  7.400000000000002e-01,  1.292651032753225e-01,  0.000000000000000e+00
5400        ,  3.421000000000000e+00,  3.151697762354382e+00,  3.154653465346534e-02
4007        ,  2.537700000000000e+00,  2.155002641240086e+00,  2.114356435643564e-02
4743        ,  0.000000000000000e+00,  1.292651032753225e-01,  0.000000000000000e+00
3683        ,  2.536900000000000e+00,  2.251285647610223e+00,  2.214851485148515e-02
3502        ,  0.000000000000000e+00,  1.292651032753225e-01,  0.000000000000000e+00
3819        ,  0.000000000000000e+00,  1.292651032753225e-01,  0.000000000000000e+00
5413        ,  7.898000000000001e-01,  2.020802695837772e+00,  1.974285714285715e-02
4369        ,  2.673600000000000e+00,  3.446943852221371e+00,  3.462815533980582e-02
4246        ,  3.542900000000000e+00,  3.376800791040423e+00,  3.389603960396040e-02
4229        ,  6.249999999999996e-01,  3.695457487290687e-01,  2.507920792079209e-03
3575        ,  2.196800000000000e+00,  1.495060892159269e+00,  1.425544554455445e-02
3284        ,  0.000000000000000e+00,  1.292651032753225e-01,  0.000000000000000e+00
3465        ,  1.376900000000000e+00,  1.333893574107191e+00,  1.257326732673267e-02
5768        ,  1.701800000000000e+00,  1.987648224225056e+00,  1.939680851063830e-02
5370        ,  3.720300000000000e+00,  4.052399062272394e+00,  4.094757281553398e-02
3481        ,  8.867999999999998e-01,  1.292651032753225e-01,  0.000000000000000e+00
4214        ,  7.783000000000002e-01,  9.555426088454037e-01,  8.624242424242425e-03
5898        ,  3.282200000000000e+00,  3.099992495232192e+00,  3.100686274509803e-02
3138        ,  0.000000000000000e+00,  1.292651032753225e-01,  0.000000000000000e+00
5907        ,  7.605000000000004e-01,  8.061868111150118e-01,  7.065346534653467e-03
4686        ,  5.896000000000001e-01,  2.035960273768751e+00,  1.990106382978724e-02
4305        ,  7.780300000000000e+00,  6.495377886336531e+00,  6.644607843137255e-02
3982        ,  9.999999999976694e-05,  1.292651032753225e-01,  0.000000000000000e+00
5631        ,  1.302400000000000e+00,  3.732336463823937e+00,  3.760693069306931e-02
4050        ,  5.382100000000000e+00,  4.995510196810313e+00,  5.079126213592233e-02
4808        ,  8.830000000000001e-01,  6.899005626459860e-01,  5.851612903225802e-03
5136        ,  1.867100000000000e+00,  1.548253191349813e+00,  1.481063829787234e-02
3462        ,  9.331000000000000e-01,  7.689411010310693e-01,  6.676595744680853e-03
5529        ,  0.000000000000000e+00,  1.292651032753225e-01,  0.000000000000000e+00
5715        ,  3.863600000000000e+00,  4.431448068411266e+00,  4.490388349514563e-02
3854        ,  3.373500000000000e+00,  3.087382611301228e+00,  3.087524752475247e-02
4487        ,  2.786700000000000e+00,  2.562515902355734e+00,  2.539696969696970e-02
3434        ,  0.000000000000000e+00,  1.292651032753225e-01,  0.000000000000000e+00
3531        ,  4.588000000000001e-01,  4.826240936541129e-01,  3.688172043010752e-03
3569        ,  2.146999999999997e-01,  1.292651032753225e-01,  0.000000000000000e+00
5601        ,  8.203000000000000e-01,  1.193322396990835e+00,  1.110606060606061e-02
3809        ,  4.851000000000000e+00,  4.489832151087135e+00,  4.551326530612245e-02
5281        ,  1.805600000000000e+00,  1.924761020494130e+00,  1.874042553191490e-02
5141        ,  1.826300000000000e+00,  1.373450237808025e+00,  1.298613861386139e-02
4791        ,  3.607100000000000e+00,  4.224854732795454e+00,  4.274757281553399e-02
4765        ,  2.740200000000000e+00,  2.774940255216629e+00,  2.761414141414141e-02
3860        ,  1.860999999999999e-01,  1.292651032753225e-01,  0.000000000000000e+00
3765        ,  2.134000000000000e+00,  2.006922184918648e+00,  1.959797979797980e-02
4742        ,  2.144300000000000e+00,  1.616719455654351e+00,  1.552525252525253e-02
4331        ,  3.055899999999999e+00,  1.292651032753225e-01,  0.000000000000000e+00
3539        ,  2.172700000000000e+00,  2.313506052844019e+00,  2.279793814432990e-02
3696        ,  2.420000000000000e-02,  1.292651032753225e-01,  0.000000000000000e+00
4181        ,  1.362600000000000e+00,  1.380856465990169e+00,  1.306344086021505e-02
5467        ,  0.000000000000000e+00,  1.238505683832332e+00,  1.157765957446808e-02
4372        ,  0.000000000000000e+00,  1.292651032753225e-01,  0.000000000000000e+00
4944        ,  2.979200000000000e+00,  3.063382026848068e+00,  3.062474226804124e-02
5633        ,  4.619200000000000e+00,  4.292864823076280e+00,  4.345742574257425e-02
4156        ,  3.097000000000000e+00,  3.091726646100368e+00,  3.092058823529412e-02
4869        ,  2.777500000000000e+00,  4.257225052828908e+00,  4.308543689320388e-02
3643        ,  1.559600000000000e+00,  1.261744391207780e+00,  1.182021276595745e-02
3735        ,  4.644100000000000e+00,  4.248388327532419e+00,  4.299320388349515e-02
3952        ,  2.400100000000000e+00,  2.531786977498389e+00,  2.507623762376238e-02
3532        ,  2.109100000000000e+00,  2.185075312761206e+00,  2.145744680851063e-02
3155        ,  0.000000000000000e+00,  1.292651032753225e-01,  0.000000000000000e+00
3515        ,  0.000000000000000e+00,  1.292651032753225e-01,  0.000000000000000e+00
3130        ,  0.000000000000000e+00,  1.292651032753225e-01,  0.000000000000000e+00
3202        ,  0.000000000000000e+00,  1.292651032753225e-01,  0.000000000000000e+00
3273        ,  3.100000000000014e-02,  1.292651032753225e-01,  0.000000000000000e+00
5602        ,  1.740300000000000e+00,  1.466318280405426e+00,  1.395544554455446e-02
3424        ,  0.000000000000000e+00,  1.292651032753225e-01,  0.000000000000000e+00
4272        ,  2.407300000000000e+00,  2.427915162744401e+00,  2.399207920792079e-02
5826        ,  4.010000000000025e-02,  1.582032430002802e-01,  3.020408163265291e-04
5367        ,  0.000000000000000e+00,  1.292651032753225e-01,  0.000000000000000e+00
5269        ,  0.000000000000000e+00,  1.292651032753225e-01,  0.000000000000000e+00
4354        ,  2.761100000000000e+00,  2.627216242925341e+00,  2.607227722772277e-02
3784        ,  2.679300000000000e+00,  2.565462314701737e+00,  2.542772277227723e-02
3538        ,  1.800000000000246e-03,  1.292651032753225e-01,  0.000000000000000e+00
3579        ,  1.574400000000000e+00,  1.442437004537682e+00,  1.370618556701031e-02
3218        ,  0.000000000000000e+00,  1.292651032753225e-01,  0.000000000000000e+00
3617        ,  2.533399999999999e+00,  2.656540728517895e+00,  2.637835051546392e-02
3475        ,  0.000000000000000e+00,  1.292651032753225e-01,  0.000000000000000e+00
5391        ,  2.591300000000000e+00,  2.404294996649659e+00,  2.374554455445544e-02
3224        ,  0.000000000000000e+00,  1.292651032753225e-01,  0.000000000000000e+00
5396        ,  3.100000000000103e-03,  1.292651032753225e-01,  0.000000000000000e+00
4694        ,  2.325100000000000e+00,  3.039152234328656e+00,  3.037184466019418e-02
4889        ,  0.000000000000000e+00,  1.292651032753225e-01,  0.000000000000000e+00
3219        ,  0.000000000000000e+00,  1.292651032753225e-01,  0.000000000000000e+00
5472        ,  0.000000000000000e+00,  1.292651032753225e-01,  0.000000000000000e+00
3362        ,  0.000000000000000e+00,  1.292651032753225e-01,  0.000000000000000e+00
3973        ,  2.406300000000000e+00,  1.994309623711999e+00,  1.946633663366337e-02
3659        ,  1.149999999999984e-02,  1.292651032753225e-01,  0.000000000000000e+00
3527        ,  1.341400000000000e+00,  1.295448670834591e+00,  1.217200000000000e-02
4388        ,  0.000000000000000e+00,  1.292651032753225e-01,  0.000000000000000e+00
4001        ,  2.571800000000000e+00,  2.422627863116768e+00,  2.393689320388349e-02
5635        ,  2.510199999999999e+00,  2.310383492899478e+00,  2.276534653465347e-02
4527        ,  2.819700000000000e+00,  2.435503971128254e+00,  2.407128712871287e-02
5763        ,  3.147600000000001e+00,  4.152661588184596e+00,  4.199405940594060e-02
3800        ,  1.905300000000000e+00,  2.147159527043371e+00,  2.106170212765958e-02
4177        ,  2.914400000000000e+00,  2.819213095036822e+00,  2.807623762376237e-02
4152        ,  0.000000000000000e+00,  1.292651032753225e-01,  0.000000000000000e+00
3751        ,  2.705800000000000e+00,  2.420574750923628e+00,  2.391546391752577e-02
3519        ,  1.893400000000000e+00,  1.414647063320852e+00,  1.341612903225806e-02
5521        ,  0.000000000000000e+00,  1.292651032753225e-01,  0.000000000000000e+00
5838        ,  1.495700000000000e+00,  1.830583101130473e+00,  1.775744680851064e-02
3046        ,  0.000000000000000e+00,  1.292651032753225e-01,  0.000000000000000e+00
3398        ,  1.423800000000000e+00,  1.589678236689239e+00,  1.524301075268817e-02
3215        ,  2.198300000000000e+00,  1.862887578521469e+00,  1.809462365591398e-02
3866        ,  4.189600000000000e+00,  4.083252821504191e+00,  4.126960784313725e-02
4861        ,  0.000000000000000e+00,  1.292651032753225e-01,  0.000000000000000e+00
4013        ,  1.083500000000000e+00,  1.048649238979115e+00,  9.596039603960395e-03
4738        ,  4.309900000000000e+00,  3.759181873481817e+00,  3.788712871287129e-02
5730        ,  0.000000000000000e+00,  1.292651032753225e-01,  0.000000000000000e+00
5734        ,  1.483100000000000e+00,  1.660879382796610e+00,  1.598617021276596e-02
3608        ,  1.196200000000000e+00,  9.049926699352283e-01,  8.096629213483147e-03
3510        ,  2.562800000000000e+00,  1.321801700748507e+00,  1.244705882352941e-02
3516        ,  1.097000000000001e-01,  2.126864208908542e-01,  8.707070707070712e-04
4247        ,  1.700000000000035e-03,  8.814128300984039e-01,  7.850515463917525e-03
4235        ,  2.754999999999999e-01,  3.661368398566411e-01,  2.472340425531917e-03
3681        ,  1.421999999999999e-01,  1.292651032753225e-01,  0.000000000000000e+00
5806        ,  3.925800000000000e+00,  2.955527065631782e+00,  2.949900990099009e-02
5247        ,  0.000000000000000e+00,  1.292651032753225e-01,  0.000000000000000e+00
5512        ,  0.000000000000000e+00,  1.292651032753225e-01,  0.000000000000000e+00
3366        ,  0.000000000000000e+00,  1.292651032753225e-01,  0.000000000000000e+00
4075        ,  2.952200000000000e+00,  2.440246976368162e+00,  2.412079207920792e-02
4253        ,  0.000000000000000e+00,  1.292651032753225e-01,  0.000000000000000e+00
4596        ,  1.153000000000000e-01,  7.590606982353860e-01,  6.573469387755108e-03
4040        ,  3.755400000000000e+00,  4.767429665999881e+00,  4.841067961165049e-02
4733        ,  4.222000000000001e-01,  5.409301187207662e-01,  4.296739130434780e-03
4616        ,  3.628800000000000e+00,  3.194674039833088e+00,  3.199509803921569e-02
3341        ,  1.408900000000000e+00,  1.764128551969105e+00,  1.706382978723404e-02
4701        ,  2.185200000000000e+00,  2.120132803493795e+00,  2.077961165048544e-02
4948        ,  0.000000000000000e+00,  1.292651032753225e-01,  0.000000000000000e+00
4080        ,  2.228600000000000e+00,  2.689703885020751e+00,  2.672448979591837e-02
3985        ,  2.974100000000000e+00,  2.646429558520480e+00,  2.627281553398058e-02
3133        ,  0.000000000000000e+00,  1.292651032753225e-01,  0.000000000000000e+00
5530        ,  0.000000000000000e+00,  1.584154116497876e-01,  3.042553191489357e-04
4690        ,  1.719900000000000e+00,  1.712005951832668e+00,  1.651980198019802e-02
5282        ,  3.805300000000000e+00,  3.731014932363954e+00,  3.759313725490196e-02
3983        ,  0.000000000000000e+00,  1.292651032753225e-01,  0.000000000000000e+00
5532        ,  0.000000000000000e+00,  1.300744279303178e+00,  1.222727272727273e-02
4723        ,  8.354000000000004e-01,  1.012033238527025e+00,  9.213861386138613e-03
5654        ,  5.839999999999979e-02,  1.292651032753225e-01,  0.000000000000000e+00
3446        ,  1.277400000000000e+00,  1.253008504748164e+00,  1.172903225806452e-02
5584        ,  3.728300000000000e+00,  4.080211492416081e+00,  4.123786407766990e-02
3588        ,  0.000000000000000e+00,  1.292651032753225e-01,  0.000000000000000e+00
2988        ,  1.057200000000000e+00,  1.138620011779968e+00,  1.053510638297872e-02
2993        ,  0.000000000000000e+00,  1.292651032753225e-01,  0.000000000000000e+00
4902        ,  1.785500000000000e+00,  1.335664622043164e+00,  1.259175257731959e-02
3346        ,  2.480700000000000e+00,  1.098071353578958e+00,  1.011188118811881e-02
4032        ,  5.322200000000000e+00,  4.849064957546950e+00,  4.926274509803921e-02
3028        ,  0.000000000000000e+00,  1.292651032753225e-01,  0.000000000000000e+00
4048        ,  5.700300000000000e+00,  5.035508006047054e+00,  5.120873786407767e-02
4161        ,  5.473999999999997e-01,  6.683619244178545e-01,  5.626804123711343e-03
5577        ,  2.700600000000000e+00,  2.628139615222046e+00,  2.608191489361702e-02
4330        ,  2.371100000000000e+00,  2.303183424945091e+00,  2.269019607843137e-02
3418        ,  0.000000000000000e+00,  1.292651032753225e-01,  0.000000000000000e+00
3024        ,  0.000000000000000e+00,  1.292651032753225e-01,  0.000000000000000e+00
3545        ,  5.858400000000000e+00,  5.438869749142883e+00,  5.541881188118811e-02
3957        ,  2.369100000000000e+00,  1.754123838363052e+00,  1.695940594059406e-02
3168        ,  1.440000000000019e-02,  1.292651032753225e-01,  0.000000000000000e+00
3572        ,  1.227300000000000e+00,  1.463554218415615e+00,  1.392659574468085e-02
3081        ,  9.398000000000002e-01,  1.386091860497456e+00,  1.311808510638298e-02
4251        ,  0.000000000000000e+00,  1.292651032753225e-01,  0.000000000000000e+00
3343        ,  0.000000000000000e+00,  1.292651032753225e-01,  0.000000000000000e+00
3191        ,  0.000000000000000e+00,  1.292651032753225e-01,  0.000000000000000e+00
4348        ,  2.519400000000000e+00,  2.007961108793688e+00,  1.960882352941177e-02
3109        ,  0.000000000000000e+00,  1.292651032753225e-01,  0.000000000000000e+00
5357        ,  3.189999999999982e-02,  1.292651032753225e-01,  0.000000000000000e+00
3062        ,  1.324800000000000e+00,  1.081273975021796e+00,  9.936559139784949e-03
5336        ,  4.309000000000003e-01,  5.775739585514393e-01,  4.679207920792078e-03
3833        ,  2.096400000000000e+00,  1.905425705516121e+00,  1.853861386138614e-02
5052        ,  0.000000000000000e+00,  1.292651032753225e-01,  0.000000000000000e+00
3857        ,  2.970300000000000e+00,  3.014475845042069e+00,  3.011428571428571e-02
4016        ,  1.261500000000000e+00,  2.174523422805972e+00,  2.134731182795700e-02
5423        ,  0.000000000000000e+00,  1.292651032753225e-01,  0.000000000000000e+00
4210        ,  3.155900000000000e+00,  2.990751784546833e+00,  2.986666666666666e-02
3089        ,  0.000000000000000e+00,  1.292651032753225e-01,  0.000000000000000e+00
3142        ,  0.000000000000000e+00,  1.292651032753225e-01,  0.000000000000000e+00
5291        ,  4.676600000000000e+00,  4.946675662277085e+00,  5.028155339805825e-02
3456        ,  1.118800000000000e+00,  9.663815735471899e-01,  8.737373737373740e-03
3584        ,  3.670800000000000e+00,  3.963938791146488e+00,  4.002427184466020e-02
4259        ,  0.000000000000000e+00,  1.292651032753225e-01,  0.000000000000000e+00
3288        ,  0.000000000000000e+00,  1.292651032753225e-01,  0.000000000000000e+00
3177        ,  1.162500000000000e+00,  1.521811441712351e+00,  1.453465346534653e-02
5495        ,  3.851200000000000e+00,  3.807098316418246e+00,  3.838725490196079e-02
4457        ,  5.621100000000000e+00,  5.175407320214628e+00,  5.266893203883496e-02
3326        ,  1.114300000000000e+00,  7.876951455796760e-01,  6.872340425531914e-03
4850        ,  2.079800000000000e+00,  2.308271144174076e+00,  2.274329896907217e-02
3886        ,  1.935600000000000e+00,  1.913963114947955e+00,  1.862772277227722e-02
4630        ,  2.287500000000000e+00,  1.630331401601449e+00,  1.566732673267327e-02
4401        ,  0.000000000000000e+00,  1.292651032753225e-01,  0.000000000000000e+00
3289        ,  0.000000000000000e+00,  1.292651032753225e-01,  0.000000000000000e+00
3217        ,  3.489100000000000e+00,  3.193934454258737e+00,  3.198737864077670e-02
4695        ,  2.482000000000000e+00,  2.320697632094182e+00,  2.287300000000000e-02
3120        ,  0.000000000000000e+00,  1.292651032753225e-01,  0.000000000000000e+00
5237        ,  1.472900000000000e+00,  1.335843252005808e+00,  1.259361702127659e-02
3167        ,  0.000000000000000e+00,  1.292651032753225e-01,  0.000000000000000e+00
3768        ,  4.322000000000000e+00,  3.987794726045389e+00,  4.027326732673268e-02
3266        ,  1.678000000000000e+00,  5.576533365438254e-01,  4.471287128712873e-03
3405        ,  2.360100000000000e+00,  2.163979011156870e+00,  2.123725490196078e-02
4149        ,  0.000000000000000e+00,  1.443362135044270e+00,  1.371584158415841e-02
3543        ,  2.136700000000000e+00,  1.904172341152724e+00,  1.852553191489362e-02
5174        ,  1.404900000000000e+00,  1.321561760483430e+00,  1.244455445544554e-02
5780        ,  9.264000000000001e-01,  1.015291784041846e+00,  9.247872340425529e-03
3159        ,  9.429000000000001e-01,  8.340706361754165e-01,  7.356382978723409e-03
3698        ,  4.599200000000000e+00,  4.394725045607931e+00,  4.452058823529412e-02
5516        ,  0.000000000000000e+00,  1.292651032753225e-01,  0.000000000000000e+00
4391        ,  2.476800000000000e+00,  2.527840992726631e+00,  2.503505154639175e-02
5554        ,  1.662000000000000e+00,  1.174599238549850e+00,  1.091063829787234e-02
3492        ,  0.000000000000000e+00,  1.292651032753225e-01,  0.000000000000000e+00
5335        ,  4.263500000000000e+00,  4.829937870202413e+00,  4.906310679611650e-02
5262        ,  2.010999999999994e-01,  2.132605026724762e-01,  8.766990291262135e-04
3626        ,  3.394699999999999e+00,  3.328430507602607e+00,  3.339117647058824e-02
3389        ,  6.611000000000002e-01,  7.474191161904948e-01,  6.451960784313726e-03
5294        ,  0.000000000000000e+00,  1.292651032753225e-01,  0.000000000000000e+00
4836        ,  2.266100000000000e+00,  2.230924874716345e+00,  2.193600000000000e-02
3498        ,  3.940200000000000e+00,  3.615373954607802e+00,  3.638613861386138e-02
3186        ,  0.000000000000000e+00,  1.292651032753225e-01,  0.000000000000000e+00
5236        ,  1.808000000000001e-01,  1.292651032753225e-01,  0.000000000000000e+00
3406        ,  0.000000000000000e+00,  1.292651032753225e-01,  0.000000000000000e+00
4952        ,  4.310000000000036e-02,  2.461908300018415e-01,  1.220408163265307e-03
3108        ,  0.000000000000000e+00,  1.292651032753225e-01,  0.000000000000000e+00
3144        ,  2.984600000000000e+00,  2.446128302865648e+00,  2.418217821782178e-02
4447        ,  2.571900000000000e+00,  2.588039019643699e+00,  2.566336633663366e-02
3036        ,  0.000000000000000e+00,  1.516688996053250e+00,  1.448118811881188e-02
4963        ,  4.657000000000000e+00,  5.048902621233311e+00,  5.134854368932039e-02
3722        ,  0.000000000000000e+00,  1.292651032753225e-01,  0.000000000000000e+00
3719        ,  0.000000000000000e+00,  1.292651032753225e-01,  0.000000000000000e+00
4956        ,  3.796700000000000e+00,  4.221878151642952e+00,  4.271650485436893e-02
5085        ,  0.000000000000000e+00,  1.292651032753225e-01,  0.000000000000000e+00
4434        ,  1.092800000000000e+00,  6.206134761000097e-01,  5.128431372549020e-03
4730        ,  1.903900000000000e+00,  2.083049233450579e+00,  2.039255319148936e-02
3116        ,  0.000000000000000e+00,  1.292651032753225e-01,  0.000000000000000e+00
5503        ,  8.586999999999998e-01,  7.166141260712509e-01,  6.130434782608696e-03
3128        ,  0.000000000000000e+00,  1.292651032753225e-01,  0.000000000000000e+00
3734        ,  1.765000000000000e+00,  1.868628608500325e+00,  1.815454545454545e-02
4176        ,  4.014700000000000e+00,  3.977333406332745e+00,  4.016407766990291e-02
5220        ,  2.462000000000000e-01,  8.717825735829411e-01,  7.750000000000001e-03
3700        ,  6.755000000000000e-01,  7.746673853843493e-01,  6.736363636363637e-03
5849        ,  0.000000000000000e+00,  1.292651032753225e-01,  0.000000000000000e+00
5193        ,  3.476700000000000e+00,  3.363102217539366e+00,  3.375306122448980e-02
5450        ,  1.609300000000000e+00,  1.616913008595455e+00,  1.552727272727273e-02
5797        ,  0.000000000000000e+00,  1.292651032753225e-01,  0.000000000000000e+00
4031        ,  3.750400000000000e+00,  3.775018906123653e+00,  3.805242718446601e-02
4290        ,  4.068000000000001e-01,  5.122960783495897e-01,  3.997872340425541e-03
4717        ,  0.000000000000000e+00,  1.292651032753225e-01,  0.000000000000000e+00
3091        ,  0.000000000000000e+00,  1.292651032753225e-01,  0.000000000000000e+00
4753        ,  7.596999999999996e-01,  1.378842891038368e+00,  1.304242424242424e-02
3393        ,  8.523999999999998e-01,  2.517937926407803e-01,  1.278888888888889e-03
3361        ,  0.000000000000000e+00,  1.292651032753225e-01,  0.000000000000000e+00
3229        ,  5.016000000000003e-01,  6.261453596582517e-01,  5.186170212765955e-03
3602        ,  1.873300000000000e+00,  1.161248183374534e+00,  1.077128712871287e-02
5049        ,  3.301000000000000e+00,  3.162606674406171e+00,  3.166039603960396e-02
3407        ,  2.927999999999997e-01,  1.292651032753225e-01,  0.000000000000000e+00
5766        ,  2.967000000000000e+00,  2.589841361634865e+00,  2.568217821782178e-02
2999        ,  1.144500000000000e+00,  1.078245591676142e+00,  9.904950495049504e-03
3723        ,  6.068800000000000e+00,  5.619878160023806e+00,  5.730808080808081e-02
4238        ,  5.243000000000000e+00,  5.121456786825536e+00,  5.210582524271844e-02
3415        ,  1.425400000000000e+00,  1.380218129494326e-01,  9.139784946236746e-05
3990        ,  0.000000000000000e+00,  1.292651032753225e-01,  0.000000000000000e+00
3627        ,  2.072800000000000e+00,  1.681563681706254e+00,  1.620206185567009e-02
5456        ,  0.000000000000000e+00,  1.292651032753225e-01,  0.000000000000000e+00
5207        ,  0.000000000000000e+00,  1.292651032753225e-01,  0.000000000000000e+00
3922        ,  1.836800000000000e+00,  1.792637040911105e+00,  1.736138613861386e-02
3738        ,  1.802400000000000e+00,  1.725091600544558e+00,  1.665638297872340e-02
4262        ,  2.272100000000000e+00,  1.656623307152691e+00,  1.594174757281553e-02
5623        ,  3.708000000000000e+00,  4.113294644693357e+00,  4.158316831683168e-02
3798        ,  1.146800000000000e+00,  1.287225429996648e+00,  1.208617021276596e-02
5627        ,  1.765000000000000e+00,  1.521549062699080e+00,  1.453191489361702e-02
4279        ,  3.202400000000000e+00,  3.148472518791245e+00,  3.151287128712871e-02
3867        ,  1.943600000000000e+00,  1.908237432700090e+00,  1.856796116504855e-02
3283        ,  0.000000000000000e+00,  1.292651032753225e-01,  0.000000000000000e+00
5770        ,  1.462100000000000e+00,  1.045563258123022e+00,  9.563829787234043e-03
4222        ,  2.760500000000000e+00,  2.502409175042809e+00,  2.476960784313725e-02
4509        ,  2.598600000000000e+00,  1.321277180169035e+00,  1.244158415841584e-02
4777        ,  1.779300000000000e+00,  1.842304378973352e+00,  1.787978723404255e-02
4390        ,  2.926900000000000e+00,  3.501162388430814e+00,  3.519405940594059e-02
4157        ,  1.256900000000000e+00,  1.746206373252473e+00,  1.687676767676767e-02
5125        ,  9.231000000000000e-01,  1.118940576634554e+00,  1.032970297029703e-02
3581        ,  3.809500000000000e+00,  3.625352685049434e+00,  3.649029126213592e-02
4706        ,  3.862500000000000e+00,  3.979688587811657e+00,  4.018865979381443e-02
3533        ,  0.000000000000000e+00,  1.292651032753225e-01,  0.000000000000000e+00
4798        ,  1.230200000000000e+00,  1.153185074466691e+00,  1.068712871287129e-02
5097        ,  1.196899999999999e+00,  1.251649863247184e+00,  1.171485148514852e-02
5017        ,  3.460900000000000e+00,  3.484561870091135e+00,  3.502079207920792e-02
3421        ,  8.106000000000000e-01,  1.292651032753225e-01,  0.000000000000000e+00
5157        ,  4.291200000000000e+00,  4.277303022884141e+00,  4.329499999999999e-02
3601        ,  2.851500000000000e+00,  2.926228186855627e+00,  2.919320388349515e-02
4476        ,  3.099999999999881e-03,  1.292651032753225e-01,  0.000000000000000e+00
3225        ,  2.281000000000004e-01,  1.292651032753225e-01,  0.000000000000000e+00
3835        ,  1.736000000000000e+00,  1.761366407364391e+00,  1.703500000000000e-02
5439        ,  3.011300000000000e+00,  2.874137095714959e+00,  2.864950495049505e-02
4661        ,  5.475600000000000e+00,  5.114414654332482e+00,  5.203232323232324e-02
5134        ,  2.371200000000000e+00,  2.160504527318380e+00,  2.120099009900990e-02
5729        ,  3.487600000000000e+00,  3.160519752100612e+00,  3.163861386138614e-02
3709        ,  2.167100000000000e+00,  1.826056836607650e+00,  1.771020408163265e-02
3853        ,  0.000000000000000e+00,  1.292651032753225e-01,  0.000000000000000e+00
4891        ,  2.943400000000000e+00,  1.292651032753225e-01,  0.000000000000000e+00
3365        ,  8.793000000000000e-01,  1.187199862045051e+00,  1.104215686274510e-02
3367        ,  2.085999999999997e-01,  3.831581737676051e-01,  2.650000000000002e-03
5429        ,  3.010400000000000e+00,  2.745506793608650e+00,  2.730693069306931e-02
3342        ,  0.000000000000000e+00,  1.292651032753225e-01,  0.000000000000000e+00
3119        ,  7.066900000000000e+00,  6.483374363075454e+00,  6.632079207920792e-02
3232        ,  9.213999999999998e-01,  8.973799500438553e-01,  8.017171717171716e-03
4451        ,  1.030000000000000e-01,  1.292651032753225e-01,  0.000000000000000e+00
5642        ,  5.254999999999996e-01,  8.604808670195366e-01,  7.632038834951457e-03
4442        ,  8.890999999999998e-01,  6.890764017354820e-01,  5.843010752688173e-03
4987        ,  2.826900000000000e+00,  2.693556936216244e+00,  2.676470588235294e-02
3658        ,  2.646900000000000e+00,  2.243886559435966e+00,  2.207128712871288e-02
5128        ,  4.194100000000000e+00,  4.246341927990074e+00,  4.297184466019417e-02
3810        ,  2.148500000000000e+00,  2.264168457161853e+00,  2.228297872340425e-02
3801        ,  0.000000000000000e+00,  1.292651032753225e-01,  0.000000000000000e+00
4708        ,  4.946400000000000e+00,  4.362017839474142e+00,  4.417920792079209e-02
3568        ,  3.916600000000000e+00,  4.492260763362018e+00,  4.553861386138614e-02
3623        ,  2.059900000000000e+00,  1.979810256693600e+00,  1.931500000000000e-02
2981        ,  2.159200000000000e+00,  1.442898269131807e+00,  1.371100000000000e-02
5702        ,  3.637999999999995e-01,  4.700435197555299e-01,  3.556862745098039e-03
3761        ,  3.577100000000000e+00,  2.953743323661166e+00,  2.948039215686275e-02
5376        ,  2.012700000000000e+00,  2.040411634643907e+00,  1.994752475247525e-02
3084        ,  8.620000000000028e-02,  1.031463749993182e+00,  9.416666666666667e-03
5459        ,  6.888000000000001e-01,  7.008578669161856e-01,  5.965979381443299e-03
4786        ,  1.332600000000000e+00,  1.096463381802527e+00,  1.009509803921569e-02
3275        ,  0.000000000000000e+00,  1.293670274304781e-01,  1.063829787236288e-06
3725        ,  0.000000000000000e+00,  1.292651032753225e-01,  0.000000000000000e+00
3197        ,  1.631300000000000e+00,  1.720505013562563e+00,  1.660851063829788e-02
4597        ,  2.728600000000000e+00,  1.811282743110232e+00,  1.755600000000000e-02
3140        ,  0.000000000000000e+00,  1.292651032753225e-01,  0.000000000000000e+00
5779        ,  0.000000000000000e+00,  1.292651032753225e-01,  0.000000000000000e+00
3287        ,  5.146999999999995e-01,  4.813858122861024e-01,  3.675247524752475e-03
4663        ,  1.831000000000000e+00,  1.412710705671427e+00,  1.339591836734694e-02
4399        ,  4.730000000000034e-02,  1.292651032753225e-01,  0.000000000000000e+00
3101        ,  0.000000000000000e+00,  1.292651032753225e-01,  0.000000000000000e+00
4436        ,  1.310000000000011e-02,  1.292651032753225e-01,  0.000000000000000e+00
3204        ,  3.863100000000000e+00,  3.171438443544648e+00,  3.175257731958763e-02
4697        ,  9.560000000000013e-02,  1.292651032753225e-01,  0.000000000000000e+00
5819        ,  0.000000000000000e+00,  1.292651032753225e-01,  0.000000000000000e+00
4996        ,  0.000000000000000e+00,  1.292651032753225e-01,  0.000000000000000e+00
3796        ,  3.416900000000000e+00,  2.988271300253082e+00,  2.984077669902913e-02
4679        ,  0.000000000000000e+00,  9.496027060865443e-01,  8.562244897959186e-03
4497        ,  1.327300000000000e+00,  1.527968068731371e+00,  1.459891304347826e-02
3790        ,  0.000000000000000e+00,  1.292651032753225e-01,  0.000000000000000e+00
5645        ,  2.352200000000000e+00,  2.102355283077107e+00,  2.059405940594060e-02
3550        ,  2.619400000000000e+00,  1.812367942709124e+00,  1.756732673267327e-02
3677        ,  0.000000000000000e+00,  1.292651032753225e-01,  0.000000000000000e+00
3265        ,  0.000000000000000e+00,  1.292651032753225e-01,  0.000000000000000e+00
3029        ,  0.000000000000000e+00,  1.292651032753225e-01,  0.000000000000000e+00
3305        ,  0.000000000000000e+00,  1.292651032753225e-01,  0.000000000000000e+00
4582        ,  0.000000000000000e+00,  1.292651032753225e-01,  0.000000000000000e+00
5556        ,  1.465900000000000e+00,  1.526732947149460e+00,  1.458602150537634e-02
5555        ,  0.000000000000000e+00,  1.292651032753225e-01,  0.000000000000000e+00
3271        ,  0.000000000000000e+00,  1.292651032753225e-01,  0.000000000000000e+00
4810        ,  2.130700000000000e+00,  2.368640716196213e+00,  2.337340425531915e-02
4118        ,  3.832100000000000e+00,  3.791036268673450e+00,  3.821960784313725e-02
3826        ,  3.180200000000001e+00,  3.213230027680040e+00,  3.218877551020408e-02
5238        ,  2.869999999999995e-02,  1.292651032753225e-01,  0.000000000000000e+00
4790        ,  1.588000000000000e+00,  6.568311061119945e-01,  5.506451612903224e-03
3785        ,  1.859500000000000e+00,  1.706337555995951e+00,  1.646063829787234e-02
5313        ,  3.138300000000000e+00,  3.082165305537329e+00,  3.082079207920792e-02
3979        ,  1.458900000000000e+00,  1.593620541044560e+00,  1.528415841584158e-02
4516        ,  0.000000000000000e+00,  1.292651032753225e-01,  0.000000000000000e+00
3384        ,  0.000000000000000e+00,  1.292651032753225e-01,  0.000000000000000e+00
4281        ,  2.025100000000000e+00,  1.731968017575387e+00,  1.672815533980582e-02
3260        ,  0.000000000000000e+00,  1.292651032753225e-01,  0.000000000000000e+00
4979        ,  1.930300000000000e+00,  1.988349084137311e+00,  1.940412371134021e-02
5265        ,  0.000000000000000e+00,  1.292651032753225e-01,  0.000000000000000e+00
3292        ,  0.000000000000000e+00,  1.292651032753225e-01,  0.000000000000000e+00
4213        ,  0.000000000000000e+00,  1.292651032753225e-01,  0.000000000000000e+00
3172        ,  0.000000000000000e+00,  1.292651032753225e-01,  0.000000000000000e+00
3043        ,  8.247000000000004e-01,  1.013551000203795e+00,  9.229702970297030e-03
3947        ,  5.163000000000002e-01,  5.053612387733244e-01,  3.925490196078431e-03
4634        ,  1.984300000000000e+00,  1.712290532147061e+00,  1.652277227722772e-02
5350        ,  5.800999999999998e-01,  6.347794914408552e-01,  5.276288659793815e-03
5760        ,  2.773000000000000e+00,  2.932950360689820e+00,  2.926336633663366e-02
3774        ,  7.475999999999998e-01,  8.093133618418440e-01,  7.097979797979799e-03
3752        ,  3.178199999999999e+00,  3.059861797697185e+00,  3.058800000000000e-02
3023        ,  2.116900000000000e+00,  1.930563633287634e+00,  1.880099009900990e-02
4664        ,  1.383200000000000e+00,  2.057659718392871e+00,  2.012755102040817e-02
5619        ,  0.000000000000000e+00,  1.292651032753225e-01,  0.000000000000000e+00
3100        ,  1.347000000000000e+00,  1.382320666756704e+00,  1.307872340425532e-02
4624        ,  1.861999999999995e-01,  1.635096011074592e-01,  3.574257425742574e-04
3594        ,  6.517999999999999e-01,  8.924022733193939e-01,  7.965217391304348e-03
3802        ,  3.640600000000001e+00,  3.533540039400523e+00,  3.553200000000000e-02
4541        ,  9.722000000000000e-01,  8.194998658228138e-01,  7.204301075268816e-03
5479        ,  1.344900000000000e+00,  1.094241776539185e+00,  1.007191011235955e-02
3619        ,  0.000000000000000e+00,  1.292651032753225e-01,  0.000000000000000e+00
4250        ,  2.172900000000000e+00,  2.168857316546253e+00,  2.128817204301075e-02
5507        ,  2.815200000000000e+00,  3.195339218323056e+00,  3.200204081632653e-02
3730        ,  5.054000000000003e-01,  5.960881343113825e-01,  4.872448979591833e-03
3432        ,  0.000000000000000e+00,  1.292651032753225e-01,  0.000000000000000e+00
3113        ,  1.532700000000000e+00,  9.656466472807230e-01,  8.729702970297029e-03
3380        ,  3.602999999999998e-01,  7.586149785592964e-01,  6.568817204301075e-03
3718        ,  0.000000000000000e+00,  1.292651032753225e-01,  0.000000000000000e+00
3638        ,  3.944000000000000e+00,  3.741718404480042e+00,  3.770485436893204e-02
4921        ,  3.986700000000000e+00,  3.537800708907563e+00,  3.557647058823529e-02
3279        ,  0.000000000000000e+00,  1.292651032753225e-01,  0.000000000000000e+00
3015        ,  0.000000000000000e+00,  1.292651032753225e-01,  0.000000000000000e+00
5896        ,  0.000000000000000e+00,  1.292651032753225e-01,  0.000000000000000e+00
3558        ,  0.000000000000000e+00,  1.292651032753225e-01,  0.000000000000000e+00
4739        ,  2.321700000000000e+00,  1.900967280590607e+00,  1.849207920792079e-02
4610        ,  1.037200000000000e+00,  1.010808217173664e+00,  9.201075268817206e-03
3997        ,  2.932200000000000e+00,  2.819350319848618e+00,  2.807766990291263e-02
3090        ,  0.000000000000000e+00,  1.292651032753225e-01,  0.000000000000000e+00
3445        ,  0.000000000000000e+00,  1.292651032753225e-01,  0.000000000000000e+00
5229        ,  4.162100000000001e+00,  4.485525695921348e+00,  4.546831683168317e-02
4590        ,  0.000000000000000e+00,  1.292651032753225e-01,  0.000000000000000e+00
5025        ,  2.353300000000000e+00,  2.210568342627152e+00,  2.172352941176471e-02
5683        ,  0.000000000000000e+00,  1.292651032753225e-01,  0.000000000000000e+00
5123        ,  5.819999999999992e-02,  9.311463991660421e-01,  8.369607843137254e-03
3596        ,  0.000000000000000e+00,  1.292651032753225e-01,  0.000000000000000e+00
5621        ,  2.851700000000000e+00,  3.118002866366540e+00,  3.119484536082474e-02
3040        ,  0.000000000000000e+00,  1.292651032753225e-01,  0.000000000000000e+00
4287        ,  1.774800000000000e+00,  1.774139320475464e+00,  1.716831683168317e-02
5502        ,  4.470800000000000e+00,  4.762592721627065e+00,  4.836019417475728e-02
4144        ,  7.689000000000000e-01,  4.251265525241225e-01,  3.088043478260870e-03
4851        ,  0.000000000000000e+00,  1.292651032753225e-01,  0.000000000000000e+00
5533        ,  0.000000000000000e+00,  1.292651032753225e-01,  0.000000000000000e+00
5918        ,  0.000000000000000e+00,  1.292651032753225e-01,  0.000000000000000e+00
4203        ,  1.323500000000000e+00,  1.491251607950904e+00,  1.421568627450980e-02
4291        ,  4.773200000000000e+00,  4.433959558758689e+00,  4.493009708737864e-02
3303        ,  0.000000000000000e+00,  1.292651032753225e-01,  0.000000000000000e+00
4702        ,  4.318700000000000e+00,  3.886901901855214e+00,  3.922020202020202e-02
3733        ,  0.000000000000000e+00,  1.292651032753225e-01,  0.000000000000000e+00
4584        ,  0.000000000000000e+00,  1.292651032753225e-01,  0.000000000000000e+00
3633        ,  4.639500000000000e+00,  4.177276855378692e+00,  4.225098039215687e-02
4175        ,  6.012000000000000e-01,  4.682588477838861e-01,  3.538235294117647e-03
4340        ,  0.000000000000000e+00,  1.292651032753225e-01,  0.000000000000000e+00
4275        ,  3.135000000000000e+00,  2.214829012134192e+00,  2.176800000000000e-02
3674        ,  4.303999999999999e-01,  3.255688103622599e-01,  2.048913043478265e-03
3607        ,  1.498500000000000e+00,  1.414274929440344e+00,  1.341224489795918e-02
3663        ,  0.000000000000000e+00,  1.292651032753225e-01,  0.000000000000000e+00
3112        ,  0.000000000000000e+00,  1.292651032753225e-01,  0.000000000000000e+00
5665        ,  1.656300000000000e+00,  1.379236704200713e+00,  1.304653465346535e-02
3797        ,  5.508700000000000e+00,  5.396790543431933e+00,  5.497961165048544e-02
4482        ,  1.776600000000000e+00,  2.907717572813509e+00,  2.900000000000000e-02
3313        ,  3.882800000000000e+00,  3.435719350731610e+00,  3.451100000000000e-02
5121        ,  2.568900000000000e+00,  2.712155096762849e+00,  2.695882352941176e-02
4041        ,  2.202900000000001e+00,  2.221746024975869e+00,  2.184019607843137e-02
3182        ,  0.000000000000000e+00,  1.292651032753225e-01,  0.000000000000000e+00
3672        ,  0.000000000000000e+00,  1.292651032753225e-01,  0.000000000000000e+00
4012        ,  0.000000000000000e+00,  1.292651032753225e-01,  0.000000000000000e+00
3139        ,  1.653300000000000e+00,  1.622352052147842e+00,  1.558404255319149e-02
4534        ,  1.043000000000000e+00,  1.176415152579457e+00,  1.092959183673469e-02
5091        ,  3.107900000000000e+00,  3.511405437805234e+00,  3.530097087378641e-02
5746        ,  1.736800000000000e+00,  2.403600701414540e+00,  2.373829787234043e-02
3794        ,  0.000000000000000e+00,  1.841106991729623e-01,  5.724489795918371e-04
5163        ,  8.546999999999993e-01,  1.002262647732814e+00,  9.111881188118813e-03
5757        ,  5.346700000000000e+00,  5.675193899351845e+00,  5.788543689320388e-02
5312        ,  4.080400000000000e+00,  3.865520050960557e+00,  3.899702970297030e-02
5178        ,  1.411000000000000e+00,  8.243418111720272e-01,  7.254838709677415e-03
3001        ,  0.000000000000000e+00,  1.292651032753225e-01,  0.000000000000000e+00
3639        ,  3.916900000000000e+00,  4.096768725076871e+00,  4.141067961165049e-02
3461        ,  1.653900000000000e+00,  1.656005009964764e+00,  1.593529411764706e-02
3914        ,  1.235300000000000e+00,  2.019531764025527e+00,  1.972959183673470e-02
3054        ,  2.297200000000000e+00,  1.391283937510079e+00,  1.317227722772277e-02
4514        ,  3.202900000000000e+00,  3.091366735702751e+00,  3.091683168316832e-02
3268        ,  0.000000000000000e+00,  1.292651032753225e-01,  0.000000000000000e+00
3670        ,  5.524000000000000e+00,  5.269063454274035e+00,  5.364646464646464e-02
3961        ,  1.207400000000000e+00,  1.369466113406502e+00,  1.294455445544554e-02
4500        ,  0.000000000000000e+00,  1.292651032753225e-01,  0.000000000000000e+00
3436        ,  6.292000000000000e-01,  2.129093329859452e-01,  8.730337078651696e-04
4208        ,  9.359000000000002e-01,  6.749004260743544e-01,  5.695049504950495e-03
5271        ,  0.000000000000000e+00,  1.292651032753225e-01,  0.000000000000000e+00
5364        ,  0.000000000000000e+00,  1.292651032753225e-01,  0.000000000000000e+00
3883        ,  6.357800000000000e+00,  6.414595261265437e+00,  6.560291262135921e-02
5671        ,  3.270300000000000e+00,  2.431022296177055e+00,  2.402450980392157e-02
4172        ,  2.572000000000000e+00,  1.822779787811769e+00,  1.767599999999999e-02
4207        ,  1.619500000000000e+00,  2.894626878351362e+00,  2.886336633663367e-02
4680        ,  2.538000000000000e+00,  2.535486521585518e+00,  2.511485148514852e-02
5485        ,  6.596000000000002e-01,  6.735968330877985e-01,  5.681443298969076e-03
4546        ,  3.642200000000000e+00,  5.086667994605674e+00,  5.174271844660194e-02
5822        ,  0.000000000000000e+00,  1.292651032753225e-01,  0.000000000000000e+00
3252        ,  4.925999999999999e-01,  2.863707768402364e-01,  1.639784946236558e-03
4655        ,  5.565700000000001e+00,  5.251353360163082e+00,  5.346161616161616e-02
4849        ,  3.854400000000000e+00,  3.833304815370279e+00,  3.866078431372549e-02
5883        ,  5.354999999999999e-01,  6.345787615283740e-01,  5.274193548387096e-03
3419        ,  4.336800000000000e+00,  3.913333263782941e+00,  3.949607843137255e-02
5131        ,  2.770000000000028e-02,  1.637941814218537e-01,  3.603960396039604e-04
3544        ,  0.000000000000000e+00,  1.292651032753225e-01,  0.000000000000000e+00
5684        ,  4.439300000000000e+00,  5.505528773659256e+00,  5.611456310679613e-02
3011        ,  0.000000000000000e+00,  1.292651032753225e-01,  0.000000000000000e+00
3823        ,  1.302100000000000e+00,  1.385480315566523e+00,  1.311170212765957e-02
3524        ,  1.959900000000000e+00,  1.815893413614251e+00,  1.760412371134020e-02
4360        ,  1.576000000000000e-01,  3.229567240632492e-01,  2.021649484536082e-03
5480        ,  2.703000000000000e+00,  2.105770246849840e+00,  2.062970297029703e-02
5208        ,  0.000000000000000e+00,  1.292651032753225e-01,  0.000000000000000e+00
4677        ,  0.000000000000000e+00,  1.669698345092686e+00,  1.607821782178218e-02
3360        ,  4.618000000000002e-01,  1.292651032753225e-01,  0.000000000000000e+00
3285        ,  0.000000000000000e+00,  1.292651032753225e-01,  0.000000000000000e+00
5246        ,  1.909999999999989e-02,  1.292651032753225e-01,  0.000000000000000e+00
3154        ,  0.000000000000000e+00,  1.292651032753225e-01,  0.000000000000000e+00
4506        ,  1.594500000000000e+00,  1.780640265104291e+00,  1.723617021276596e-02
4336        ,  0.000000000000000e+00,  1.292651032753225e-01,  0.000000000000000e+00
4345        ,  1.651000000000000e+00,  1.397263995953376e+00,  1.323469387755102e-02
3021        ,  0.000000000000000e+00,  1.292651032753225e-01,  0.000000000000000e+00
3580        ,  1.859800000000000e+00,  1.459678073069554e+00,  1.388613861386138e-02
4284        ,  2.943400000000000e+00,  2.712746856416604e+00,  2.696500000000000e-02
5284        ,  5.591300000000000e+00,  5.346581407185916e+00,  5.445555555555556e-02
5632        ,  2.338000000000005e-01,  1.292651032753225e-01,  0.000000000000000e+00
4033        ,  5.497999999999998e-01,  8.452885334969151e-01,  7.473469387755099e-03
5362        ,  1.485500000000000e+00,  1.102719498714068e+00,  1.016039603960396e-02
3554        ,  3.720300000000000e+00,  3.432104232137752e+00,  3.447326732673268e-02
3693        ,  2.168900000000000e+00,  2.004363785670554e+00,  1.957127659574468e-02
3758        ,  0.000000000000000e+00,  1.292651032753225e-01,  0.000000000000000e+00
3349        ,  2.150700000000000e+00,  1.085473559661351e+00,  9.980392156862743e-03
4688        ,  2.151000000000000e+00,  2.291178358278054e+00,  2.256489361702128e-02
5215        ,  1.232400000000000e+00,  1.152756268074593e+00,  1.068265306122449e-02
4896        ,  0.000000000000000e+00,  1.292651032753225e-01,  0.000000000000000e+00
5805        ,  3.861999999999999e-01,  5.170434322979647e-01,  4.047422680412374e-03
3143        ,  0.000000000000000e+00,  5.867007116130842e-01,  4.774468085106386e-03
4893        ,  2.208000000000006e-01,  2.616898095735575e-01,  1.382178217821782e-03
4220        ,  1.188700000000000e+00,  1.254137521097503e+00,  1.174081632653061e-02
4868        ,  0.000000000000000e+00,  1.346221491936018e-01,  5.591397849462705e-05
3241        ,  3.769000000000000e-01,  7.729857744356550e-01,  6.718811881188122e-03
4404        ,  2.805900000000000e+00,  2.213721046110150e+00,  2.175643564356436e-02
3967        ,  2.306200000000000e+00,  2.176941365477231e+00,  2.137254901960784e-02
4232        ,  0.000000000000000e+00,  5.759114618694097e-01,  4.661855670103092e-03
5330        ,  5.059900000000001e+00,  4.638097944477892e+00,  4.706078431372549e-02
3781        ,  1.123700000000000e+00,  1.238505683832332e+00,  1.157765957446808e-02
3926        ,  7.533000000000000e-01,  7.019539159621135e-01,  5.977419354838703e-03
4074        ,  2.853600000000000e+00,  4.364102919835918e+00,  4.420097087378640e-02
5511        ,  1.303200000000000e+00,  1.426202135678333e+00,  1.353673469387755e-02
3184        ,  0.000000000000000e+00,  1.292651032753225e-01,  0.000000000000000e+00
4294        ,  1.687000000000000e+00,  1.543360831902351e+00,  1.475957446808511e-02
4495        ,  0.000000000000000e+00,  1.292651032753225e-01,  0.000000000000000e+00
3188        ,  8.198000000000000e-01,  6.740209079287796e-01,  5.685869565217386e-03
4125        ,  1.822700000000000e+00,  1.601049903720348e+00,  1.536170212765958e-02
4076        ,  3.507100000000000e+00,  3.173539766484673e+00,  3.177450980392157e-02
3597        ,  2.477700000000000e+00,  2.178857939296723e+00,  2.139255319148936e-02
3438        ,  1.828700000000000e+00,  1.804959368524387e+00,  1.749000000000000e-02
4731        ,  1.348900000000000e+00,  1.257910630163862e+00,  1.178019801980198e-02
4475        ,  4.044100000000000e+00,  4.090857326027833e+00,  4.134897959183673e-02
4579        ,  0.000000000000000e+00,  1.292651032753225e-01,  0.000000000000000e+00
3063        ,  4.020500000000000e+00,  3.929835202013711e+00,  3.966831683168317e-02
5403        ,  1.062500000000000e+00,  5.495902276359814e-01,  4.387128712871288e-03
4856        ,  4.825800000000000e+00,  3.689175116140773e+00,  3.715643564356436e-02
4602        ,  3.186700000000000e+00,  3.049248849172367e+00,  3.047722772277228e-02
4374        ,  4.502000000000002e-01,  1.292651032753225e-01,  0.000000000000000e+00
4881        ,  3.677999999999999e-01,  3.818431523148149e-01,  2.636274509803923e-03
3430        ,  0.000000000000000e+00,  1.292651032753225e-01,  0.000000000000000e+00
5168        ,  0.000000000000000e+00,  1.292651032753225e-01,  0.000000000000000e+00
3717        ,  1.106800000000000e+00,  1.298427630183374e+00,  1.220309278350515e-02
4508        ,  4.478999999999997e-01,  1.292651032753225e-01,  0.000000000000000e+00
5514        ,  0.000000000000000e+00,  1.292651032753225e-01,  0.000000000000000e+00
3496        ,  4.153700000000000e+00,  4.005238854637446e+00,  4.045533980582524e-02
3509        ,  0.000000000000000e+00,  1.292651032753225e-01,  0.000000000000000e+00
3237        ,  9.591000000000000e-01,  9.216234854539668e-01,  8.270212765957442e-03
3959        ,  2.491400000000000e+00,  1.981313789354651e+00,  1.933069306930693e-02
3070        ,  9.367000000000001e-01,  9.345678531587124e-01,  8.405319148936172e-03
4270        ,  7.806999999999999e-01,  9.288409266190357e-01,  8.345544554455443e-03
4498        ,  0.000000000000000e+00,  1.292651032753225e-01,  0.000000000000000e+00
3754        ,  7.879000000000000e-01,  8.570202117637904e-01,  7.595918367346940e-03
4804        ,  4.575000000000000e-01,  4.600089867548314e-01,  3.452127659574468e-03
4119        ,  3.041100000000000e+00,  2.614524329292103e+00,  2.593980582524271e-02
3644        ,  5.740000000000003e-01,  6.662728995429616e-01,  5.605000000000002e-03
3518        ,  1.070500000000000e+00,  1.123353008781984e+00,  1.037575757575758e-02
3017        ,  0.000000000000000e+00,  1.292651032753225e-01,  0.000000000000000e+00
4193        ,  4.166600000000000e+00,  4.038725392603091e+00,  4.080485436893205e-02
3039        ,  1.061300000000000e+00,  1.344681848851791e+00,  1.268586956521740e-02
4671        ,  1.044100000000000e+00,  8.547444274401991e-01,  7.572164948453610e-03
4489        ,  1.591999999999998e-01,  4.110251145540371e-01,  2.940860215053762e-03
5520        ,  0.000000000000000e+00,  1.292651032753225e-01,  0.000000000000000e+00
4703        ,  0.000000000000000e+00,  1.292651032753225e-01,  0.000000000000000e+00
3864        ,  2.564400000000000e+00,  2.493693738132743e+00,  2.467864077669903e-02
4337        ,  0.000000000000000e+00,  1.292651032753225e-01,  0.000000000000000e+00
5030        ,  2.814400000000000e+00,  2.664847154401583e+00,  2.646504854368932e-02
3401        ,  2.284600000000000e+00,  2.052508600435401e+00,  2.007378640776699e-02
4395        ,  9.707000000000000e-01,  5.313492481361529e-01,  4.196739130434791e-03
3783        ,  2.028500000000000e+00,  1.488267148365116e+00,  1.418453608247423e-02
4783        ,  0.000000000000000e+00,  1.292651032753225e-01,  0.000000000000000e+00
4061        ,  1.667600000000000e+00,  1.701571340304869e+00,  1.641089108910891e-02
4195        ,  5.205000000000000e+00,  6.160283609048585e+00,  6.294854368932039e-02
5733        ,  3.228000000000000e-01,  4.793834392043845e-01,  3.654347826086955e-03
3200        ,  0.000000000000000e+00,  1.223760992436524e+00,  1.142376237623762e-02
4713        ,  3.813500000000000e+00,  5.046763203529950e+00,  5.132621359223301e-02
4838        ,  3.014200000000000e+00,  2.858959478947253e+00,  2.849108910891089e-02
5828        ,  3.484800000000000e+00,  2.899451723681684e+00,  2.891372549019608e-02
3302        ,  1.491900000000000e+00,  1.402869763901932e+00,  1.329320388349515e-02
4858        ,  3.400500000000000e+00,  3.305275313839731e+00,  3.314949494949495e-02
4024        ,  4.102000000000000e+00,  4.071651058686964e+00,  4.114851485148514e-02
3286        ,  0.000000000000000e+00,  1.292651032753225e-01,  0.000000000000000e+00
3491        ,  8.259000000000001e-01,  9.921360870608039e-01,  9.006185567010310e-03
3791        ,  2.952400000000000e+00,  2.415148108639801e+00,  2.385882352941177e-02
5280        ,  9.822000000000002e-01,  2.438189907000606e-01,  1.195652173913047e-03
3825        ,  1.613500000000001e+00,  1.563879502733144e+00,  1.497373737373737e-02
5053        ,  0.000000000000000e+00,  1.292651032753225e-01,  0.000000000000000e+00
3762        ,  3.050900000000000e+00,  3.059861797697185e+00,  3.058800000000000e-02
3250        ,  1.199900000000000e+00,  1.292651032753225e-01,  0.000000000000000e+00
3012        ,  0.000000000000000e+00,  1.292651032753225e-01,  0.000000000000000e+00
5063        ,  0.000000000000000e+00,  1.292651032753225e-01,  0.000000000000000e+00
3895        ,  0.000000000000000e+00,  1.487171738562065e-01,  2.030303030303053e-04
4129        ,  2.116100000000000e+00,  1.997155426855944e+00,  1.949603960396040e-02
5264        ,  0.000000000000000e+00,  1.292651032753225e-01,  0.000000000000000e+00
5320        ,  0.000000000000000e+00,  1.292651032753225e-01,  0.000000000000000e+00
4778        ,  3.289100000000000e+00,  3.000016454782120e+00,  2.996336633663366e-02
3460        ,  0.000000000000000e+00,  1.292651032753225e-01,  0.000000000000000e+00
3363        ,  3.151200000000000e+00,  2.646852284618561e+00,  2.627722772277228e-02
3025        ,  0.000000000000000e+00,  1.292651032753225e-01,  0.000000000000000e+00
3704        ,  2.006600000000000e+00,  2.496036453260179e+00,  2.470309278350516e-02
5803        ,  2.048100000000000e+00,  2.203816876801020e+00,  2.165306122448980e-02
3368        ,  0.000000000000000e+00,  1.292651032753225e-01,  0.000000000000000e+00
3042        ,  0.000000000000000e+00,  1.292651032753225e-01,  0.000000000000000e+00
4312        ,  5.035999999999996e-01,  4.463824336155804e-01,  3.309900990099010e-03
4974        ,  1.457600000000000e+00,  1.301567931221026e+00,  1.223586956521739e-02
3753        ,  0.000000000000000e+00,  1.292651032753225e-01,  0.000000000000000e+00
5374        ,  2.020000000000000e+00,  1.859228834479415e+00,  1.805643564356435e-02
5835        ,  0.000000000000000e+00,  1.292651032753225e-01,  0.000000000000000e+00
4198        ,  4.097700000000001e+00,  3.793373249655267e+00,  3.824400000000000e-02
5614        ,  1.138500000000000e+00,  1.154607976038663e+00,  1.070198019801980e-02
4087        ,  0.000000000000000e+00,  1.292651032753225e-01,  0.000000000000000e+00
5415        ,  1.726200000000000e+00,  1.693858841784368e+00,  1.633039215686274e-02
5560        ,  3.030600000000000e+00,  2.465954064768465e+00,  2.438910891089109e-02
4422        ,  4.267999999999996e-01,  6.527980216563827e-01,  5.464356435643567e-03
3253        ,  0.000000000000000e+00,  1.292651032753225e-01,  0.000000000000000e+00
4771        ,  2.747500000000000e+00,  2.322241005999248e+00,  2.288910891089109e-02
4604        ,  2.293100000000000e+00,  2.557913872319926e+00,  2.534893617021276e-02
3240        ,  1.162500000000000e+00,  1.222965927846824e+00,  1.141546391752578e-02
5703        ,  3.516900000000001e+00,  3.156345907489492e+00,  3.159504950495049e-02
3813        ,  0.000000000000000e+00,  1.292651032753225e-01,  0.000000000000000e+00
5209        ,  1.572700000000000e+00,  1.287211182534099e+00,  1.208602150537634e-02
5328        ,  0.000000000000000e+00,  1.292651032753225e-01,  0.000000000000000e+00
3161        ,  0.000000000000000e+00,  1.292651032753225e-01,  0.000000000000000e+00
3977        ,  3.184500000000000e+00,  3.198337313880146e+00,  3.203333333333334e-02
5496        ,  2.170000000000000e+00,  2.352916025661144e+00,  2.320927835051546e-02
3077        ,  2.134800000000000e+00,  1.774518760894656e+00,  1.717227722772277e-02
3239        ,  9.895999999999999e-01,  1.235428785326697e+00,  1.154554455445544e-02
3652        ,  1.815100000000000e+00,  1.724480055613625e+00,  1.665000000000000e-02
5796        ,  1.643200000000000e+00,  1.415852704652803e+00,  1.342871287128713e-02
3332        ,  0.000000000000000e+00,  1.292651032753225e-01,  0.000000000000000e+00
5181        ,  0.000000000000000e+00,  1.292651032753225e-01,  0.000000000000000e+00
2997        ,  0.000000000000000e+00,  1.292651032753225e-01,  0.000000000000000e+00
4903        ,  1.562900000000000e+00,  1.927662255536838e+00,  1.877070707070707e-02
5700        ,  2.603800000000000e+00,  2.075320153209631e+00,  2.031188118811882e-02
5019        ,  1.267900000000000e+00,  1.361810232221276e+00,  1.286464646464647e-02
3728        ,  0.000000000000000e+00,  1.292651032753225e-01,  0.000000000000000e+00
3412        ,  4.977500000000000e+00,  4.944571948514316e+00,  5.025959595959596e-02
5471        ,  2.481200000000000e+00,  1.985582494070569e+00,  1.937524752475248e-02
5698        ,  2.943900000000000e+00,  2.892634816150600e+00,  2.884257425742574e-02
4055        ,  1.163999999999996e-01,  2.931833643665475e-01,  1.710891089108909e-03
3563        ,  0.000000000000000e+00,  7.851192442039289e-01,  6.845454545454548e-03
5843        ,  9.450000000000003e-02,  9.688009853109810e-01,  8.762626262626262e-03
3757        ,  1.403600000000000e+00,  1.390909336892152e+00,  1.316836734693877e-02
4089        ,  4.025900000000000e+00,  4.083252821504191e+00,  4.126960784313725e-02
5695        ,  2.888000000000000e+00,  1.967748794368514e+00,  1.918910891089109e-02
3906        ,  1.246300000000000e+00,  1.402387669777098e+00,  1.328817204301075e-02
4715        ,  0.000000000000000e+00,  1.292651032753225e-01,  0.000000000000000e+00
5548        ,  0.000000000000000e+00,  1.292651032753225e-01,  0.000000000000000e+00
5285        ,  3.423700000000000e+00,  2.903396788040054e+00,  2.895490196078431e-02
3230        ,  0.000000000000000e+00,  1.292651032753225e-01,  0.000000000000000e+00
3651        ,  2.001500000000000e+00,  2.039361033483238e+00,  1.993655913978494e-02
4769        ,  1.221900000000000e+00,  1.334518237988787e+00,  1.257978723404255e-02
5682        ,  3.568200000000000e+00,  3.332717550494123e+00,  3.343592233009709e-02
4131        ,  8.060000000000000e-01,  5.538109922989359e-01,  4.431182795698921e-03
3745        ,  2.101100000000000e+00,  1.237246427334766e+00,  1.156451612903226e-02
3293        ,  2.504400000000000e+00,  2.725201988176603e+00,  2.709500000000000e-02
5240        ,  1.568900000000000e+00,  1.090897083853073e+00,  1.003700000000000e-02
4324        ,  0.000000000000000e+00,  1.616484458513191e-01,  3.379999999999983e-04
4839        ,  2.247100000000000e+00,  1.909694410232038e+00,  1.858316831683168e-02
3316        ,  0.000000000000000e+00,  1.292651032753225e-01,  0.000000000000000e+00
4618        ,  9.976000000000003e-01,  1.152563893780432e+00,  1.068064516129032e-02
3479        ,  2.809000000000000e+00,  2.531881837603188e+00,  2.507722772277228e-02
5562        ,  3.304500000000000e+00,  3.229746446249772e+00,  3.236116504854369e-02
3645        ,  0.000000000000000e+00,  1.292651032753225e-01,  0.000000000000000e+00
3194        ,  0.000000000000000e+00,  1.292651032753225e-01,  0.000000000000000e+00
3324        ,  2.361700000000000e+00,  2.315640155515367e+00,  2.282021276595745e-02
4502        ,  7.188000000000000e+00,  6.521208664873481e+00,  6.671568627450980e-02
3402        ,  0.000000000000000e+00,  1.292651032753225e-01,  0.000000000000000e+00
5728        ,  3.545400000000000e+00,  4.030818848916757e+00,  4.072233009708738e-02
5687        ,  3.023600000000000e+00,  2.856587976327299e+00,  2.846633663366337e-02
5254        ,  4.435099999999999e+00,  6.029468761616244e+00,  6.158316831683168e-02
4550        ,  0.000000000000000e+00,  1.292651032753225e-01,  0.000000000000000e+00
3353        ,  1.561700000000000e+00,  1.509799414215075e+00,  1.440927835051547e-02
2987        ,  0.000000000000000e+00,  1.292651032753225e-01,  0.000000000000000e+00
4225        ,  6.553999999999998e-01,  3.520713064451857e-01,  2.325531914893616e-03
4755        ,  2.301300000000000e+00,  2.278131057268103e+00,  2.242871287128713e-02
5482        ,  9.074999999999998e-01,  9.417035735565160e-01,  8.479797979797980e-03
5538        ,  0.000000000000000e+00,  1.292651032753225e-01,  0.000000000000000e+00
5212        ,  0.000000000000000e+00,  1.292651032753225e-01,  0.000000000000000e+00
5595        ,  1.449800000000000e+00,  1.442430957280844e+00,  1.370612244897960e-02
3514        ,  0.000000000000000e+00,  1.292651032753225e-01,  0.000000000000000e+00
4109        ,  3.027700000000000e+00,  2.824430400800721e+00,  2.813069306930693e-02
4239        ,  4.587000000000003e-01,  5.487364866927981e-01,  4.378217821782179e-03
4805        ,  8.720000000000001e-01,  6.860767628896693e-01,  5.811702127659570e-03
4065        ,  0.000000000000000e+00,  1.292651032753225e-01,  0.000000000000000e+00
4072        ,  9.394999999999998e-01,  9.265642841038800e-01,  8.321782178217822e-03
5492        ,  0.000000000000000e+00,  1.292651032753225e-01,  0.000000000000000e+00
5501        ,  0.000000000000000e+00,  1.292651032753225e-01,  0.000000000000000e+00
5626        ,  2.421200000000000e+00,  2.540027223132540e+00,  2.516224489795918e-02
4412        ,  0.000000000000000e+00,  1.292651032753225e-01,  0.000000000000000e+00
4901        ,  1.536700000000000e+00,  1.710321657971918e+00,  1.650222222222223e-02
3917        ,  4.013700000000000e+00,  3.862901337158402e+00,  3.896969696969697e-02
4190        ,  0.000000000000000e+00,  1.292651032753225e-01,  0.000000000000000e+00
3963        ,  0.000000000000000e+00,  1.292651032753225e-01,  0.000000000000000e+00
5146        ,  3.059299999999999e+00,  3.121816829342962e+00,  3.123465346534654e-02
5315        ,  1.127500000000000e+00,  1.245130753917437e+00,  1.164680851063830e-02
3834        ,  0.000000000000000e+00,  1.292651032753225e-01,  0.000000000000000e+00
5018        ,  1.576900000000000e+00,  1.270716744311615e+00,  1.191386138613862e-02
3870        ,  1.333400000000000e+00,  5.802300414857881e-01,  4.706930693069307e-03
5337        ,  8.550000000000000e-01,  9.722839507358351e-01,  8.798979591836733e-03
4310        ,  1.386300000000000e+00,  1.405102199766308e+00,  1.331650485436893e-02
5629        ,  8.353000000000002e-01,  8.981532222308848e-01,  8.025242718446603e-03
3775        ,  7.872000000000000e-01,  9.583491264914021e-01,  8.653535353535358e-03
3146        ,  0.000000000000000e+00,  1.292651032753225e-01,  0.000000000000000e+00
4918        ,  1.971800000000000e+00,  1.731614746474509e+00,  1.672446808510638e-02
3936        ,  7.376000000000000e-01,  9.269214614372527e-01,  8.325510204081633e-03
4572        ,  2.515200000000000e+00,  2.284296964079982e+00,  2.249306930693069e-02
4645        ,  3.145100000000000e+00,  2.655584254061257e+00,  2.636836734693877e-02
4955        ,  4.844999999999997e-01,  1.292651032753225e-01,  0.000000000000000e+00
3631        ,  3.243400000000000e+00,  3.349575940963351e+00,  3.361188118811882e-02
4411        ,  0.000000000000000e+00,  1.292651032753225e-01,  0.000000000000000e+00
4587        ,  0.000000000000000e+00,  1.292651032753225e-01,  0.000000000000000e+00
3642        ,  5.232000000000000e-01,  7.484809347548603e-01,  6.463043478260877e-03
4357        ,  2.144500000000000e+00,  1.292651032753225e-01,  0.000000000000000e+00
5777        ,  6.503000000000001e-01,  7.730409481700781e-01,  6.719387755102042e-03
5478        ,  5.165000000000000e+00,  5.173453938833298e+00,  5.264854368932038e-02
4935        ,  3.557399999999999e+00,  3.572836637614046e+00,  3.594215686274510e-02
4094        ,  1.604600000000000e+00,  1.294526630615954e+00,  1.216237623762377e-02
4037        ,  1.423100000000000e+00,  1.181263665486947e+00,  1.098019801980198e-02
4269        ,  0.000000000000000e+00,  1.292651032753225e-01,  0.000000000000000e+00
3151        ,  1.532600000000000e+00,  1.308433325979589e+00,  1.230752688172043e-02
4437        ,  0.000000000000000e+00,  1.292651032753225e-01,  0.000000000000000e+00
3656        ,  2.389100000000000e+00,  2.031874225212072e+00,  1.985841584158416e-02
3799        ,  3.415900000000000e+00,  2.972247554103999e+00,  2.967352941176470e-02
5062        ,  4.345800000000000e+00,  4.512931977460996e+00,  4.575436893203883e-02
4389        ,  1.188300000000000e+00,  1.255728847753505e+00,  1.175742574257426e-02
3320        ,  0.000000000000000e+00,  1.292651032753225e-01,  0.000000000000000e+00
4990        ,  3.729400000000000e+00,  3.274731318277599e+00,  3.283069306930693e-02
3051        ,  3.296900000000000e+00,  3.585818977062868e+00,  3.607765957446808e-02
4912        ,  0.000000000000000e+00,  1.292651032753225e-01,  0.000000000000000e+00
3369        ,  0.000000000000000e+00,  1.292651032753225e-01,  0.000000000000000e+00
3612        ,  2.530999999999999e-01,  4.037521069314414e-01,  2.864948453608250e-03
3673        ,  0.000000000000000e+00,  1.292651032753225e-01,  0.000000000000000e+00
3630        ,  3.936000000000000e+00,  3.901337568782939e+00,  3.937087378640777e-02
5274        ,  2.598400000000000e+00,  5.075040724478715e+00,  5.162135922330097e-02
5098        ,  2.883100000000000e+00,  2.467201374231555e+00,  2.440212765957447e-02
4104        ,  3.053999999999999e+00,  3.216955459555212e+00,  3.222765957446808e-02
5253        ,  4.834600000000000e+00,  4.689569781342196e+00,  4.759801980198020e-02
3828        ,  3.228500000000000e+00,  3.235838675310353e+00,  3.242475247524752e-02
3008        ,  0.000000000000000e+00,  1.292651032753225e-01,  0.000000000000000e+00
5311        ,  0.000000000000000e+00,  1.292651032753225e-01,  0.000000000000000e+00
3613        ,  5.574700000000000e+00,  5.339740939628804e+00,  5.438415841584159e-02
3295        ,  0.000000000000000e+00,  1.292651032753225e-01,  0.000000000000000e+00
4347        ,  3.522500000000000e+00,  3.925074526754282e+00,  3.961862745098040e-02
3348        ,  0.000000000000000e+00,  1.292651032753225e-01,  0.000000000000000e+00
4407        ,  3.911400000000000e+00,  3.403783425510098e+00,  3.417766990291262e-02
5070        ,  2.822200000000000e+00,  2.462064800471740e+00,  2.434851485148515e-02
3548        ,  0.000000000000000e+00,  1.292651032753225e-01,  0.000000000000000e+00
4252        ,  1.628000000000003e-01,  1.292651032753225e-01,  0.000000000000000e+00
3484        ,  1.768600000000000e+00,  2.197745430935069e+00,  2.158969072164948e-02
5542        ,  4.253000000000000e-01,  1.292651032753225e-01,  0.000000000000000e+00
3732        ,  0.000000000000000e+00,  1.292651032753225e-01,  0.000000000000000e+00
5911        ,  1.002100000000000e+00,  1.702173079151468e+00,  1.641717171717172e-02
4464        ,  2.394400000000000e+00,  1.961582887556633e+00,  1.912475247524752e-02
3440        ,  2.282500000000000e+00,  2.509305132661225e+00,  2.484158415841585e-02
4866        ,  4.522399999999999e+00,  4.084304291500770e+00,  4.128058252427184e-02
3322        ,  0.000000000000000e+00,  1.292651032753225e-01,  0.000000000000000e+00
3256        ,  1.546800000000000e+00,  5.452266628152658e-01,  4.341584158415840e-03
4277        ,  2.930600000000000e+00,  2.598378771066699e+00,  2.577128712871287e-02
3649        ,  1.546300000000000e+00,  1.063542275432427e+00,  9.751485148514852e-03
4231        ,  3.127200000000000e+00,  3.176456249706703e+00,  3.180495049504951e-02
5198        ,  3.256600000000000e+00,  3.112710259282338e+00,  3.113960396039604e-02
3940        ,  2.413200000000000e+00,  2.018973250959522e+00,  1.972376237623763e-02
4920        ,  3.948700000000000e+00,  3.587390223692344e+00,  3.609405940594059e-02
4925        ,  4.453400000000000e+00,  5.198940914951592e+00,  5.291456310679611e-02
3327        ,  1.875800000000000e+00,  1.353170358382239e+00,  1.277446808510638e-02
4382        ,  1.551700000000000e+00,  1.531042278510260e+00,  1.463100000000000e-02
3812        ,  9.600000000000053e-03,  1.292651032753225e-01,  0.000000000000000e+00
3141        ,  3.993400000000000e+00,  3.795133853200320e+00,  3.826237623762376e-02
4658        ,  2.303800000000000e+00,  2.382816090202059e+00,  2.352135922330097e-02
3939        ,  0.000000000000000e+00,  1.292651032753225e-01,  0.000000000000000e+00
4383        ,  5.411300000000000e+00,  5.081831050232859e+00,  5.169223300970874e-02
3007        ,  1.782999999999997e-01,  1.963304184021369e+00,  1.914271844660194e-02
3512        ,  2.296399999999999e+00,  2.230669384834088e+00,  2.193333333333334e-02
3624        ,  1.820700000000000e+00,  1.670914279163281e+00,  1.609090909090909e-02
5603        ,  1.377800000000001e+00,  1.601622326248292e+00,  1.536767676767677e-02
3267        ,  2.079300000000000e+00,  8.876827417871944e-01,  7.915957446808506e-03
4512        ,  7.999000000000001e-01,  4.763272520037020e-01,  3.622448979591832e-03
3018        ,  0.000000000000000e+00,  1.757425180262183e-01,  4.851063829787267e-04
4102        ,  1.217700000000000e+00,  1.233434683123683e+00,  1.152473118279570e-02
5256        ,  1.496700000000000e+00,  1.530518388352761e+00,  1.462553191489362e-02
4496        ,  1.123700000000000e+00,  4.866979781547996e-01,  3.730693069306931e-03
5524        ,  0.000000000000000e+00,  1.292651032753225e-01,  0.000000000000000e+00
3934        ,  1.132800000000000e+00,  9.829111863539887e-01,  8.909900990099010e-03
5810        ,  1.667300000000000e+00,  1.827448659369778e+00,  1.772473118279570e-02
4197        ,  1.164100000000000e+00,  9.333942116493483e-01,  8.393069306930699e-03
4773        ,  2.457200000000000e+00,  2.130550837527551e+00,  2.088834951456311e-02
3301        ,  1.573000000000000e+00,  1.292651032753225e-01,  0.000000000000000e+00
4813        ,  4.401000000000000e+00,  3.434471902026199e+00,  3.449797979797980e-02
3814        ,  2.086700000000000e+00,  1.905425705516121e+00,  1.853861386138614e-02
5086        ,  4.665000000000000e+00,  4.028489711003800e+00,  4.069801980198020e-02
4553        ,  3.322600000000000e+00,  3.229767628603271e+00,  3.236138613861386e-02
4307        ,  0.000000000000000e+00,  1.292651032753225e-01,  0.000000000000000e+00
3411        ,  0.000000000000000e+00,  1.292651032753225e-01,  0.000000000000000e+00
3019        ,  3.700100000000000e+00,  2.550758998458022e+00,  2.527425742574257e-02
5704        ,  2.854299999999999e+00,  3.150597580726569e+00,  3.153505154639175e-02
5317        ,  4.574800000000001e+00,  4.264717242888898e+00,  4.316363636363636e-02
3449        ,  5.802000000000000e-01,  6.610992294272697e-01,  5.551000000000001e-03
5394        ,  6.362999999999999e-01,  1.406582818741651e+00,  1.333195876288660e-02
3622        ,  0.000000000000000e+00,  1.292651032753225e-01,  0.000000000000000e+00
4439        ,  0.000000000000000e+00,  1.292651032753225e-01,  0.000000000000000e+00
4365        ,  4.376200000000001e+00,  4.970116238853035e+00,  5.052621359223301e-02
5697        ,  1.888100000000000e+00,  1.394907785149944e+00,  1.321010101010101e-02
3203        ,  2.789999999999981e-02,  1.292651032753225e-01,  0.000000000000000e+00
4589        ,  1.158500000000000e+00,  1.329116257765547e+00,  1.252340425531915e-02
5184        ,  1.397900000000000e+00,  1.426069808667579e+00,  1.353535353535353e-02
5874        ,  4.438800000000000e+00,  5.020625100284545e+00,  5.105339805825242e-02
3136        ,  1.730999999999998e-01,  4.886929149041911e-01,  3.751515151515151e-03
5473        ,  0.000000000000000e+00,  1.292651032753225e-01,  0.000000000000000e+00
3749        ,  2.032700000000000e+00,  2.060116298540597e+00,  2.015319148936170e-02
3192        ,  1.573799999999999e+00,  1.720810786028029e+00,  1.661170212765958e-02
4965        ,  2.943700000000000e+00,  2.678440699516349e+00,  2.660693069306931e-02
5122        ,  0.000000000000000e+00,  1.292651032753225e-01,  0.000000000000000e+00
5199        ,  0.000000000000000e+00,  1.322526865759011e-01,  3.118279569892368e-05
5599        ,  1.938499999999999e+00,  1.995954517487984e+00,  1.948350515463918e-02
4563        ,  0.000000000000000e+00,  1.292651032753225e-01,  0.000000000000000e+00
