# c0 + a0 * ((min:vdw_radius * mp_bandgap) / cbrt(min:period))
# Property Label: $bandgap$; Unit of the Property: eV
# RMSE: 0.48538967266972; Max AE: 4.33037374092429
# Coefficients
# Task   a0                      c0
# all ,  8.011572693608429e-03,  1.494194776453145e-01, 
# Feature Rung, Units, and Expressions
# 0;  2; eV * pm;                                          20|0|mult|10|cbrt|div; ((min:vdw_radius * mp_bandgap) / cbrt(min:period)); $\left(\frac{ \left(min:vdw_{radius} mp_{bandgap}\right) }{ \left(\sqrt[3]{ min:period }\right) } \right)$; ((min:vdw_radius .* mp_bandgap) ./ nthroot(min:period, 3)); min:vdw_radius,mp_bandgap,min:period
# Number of Samples Per Task
# Task, n_mats_train            
# all , 1014                  

# Sample ID , Property Value        ,  Property Value (EST) ,  Feature 0 Value      
3266        ,  1.678000000000000e+00,  5.859071343661771e-01,  5.448214394523177e+01
4239        ,  4.587000000000003e-01,  5.768216959844762e-01,  5.334810463370568e+01
3034        ,  1.700700000000000e+00,  2.049300140420294e+00,  2.371420363308554e+02
3402        ,  0.000000000000000e+00,  1.494194776453145e-01,  0.000000000000000e+00
3895        ,  0.000000000000000e+00,  1.689588885281074e-01,  2.438898282528386e+00
5388        ,  1.719900000000000e+00,  1.657845333054153e+00,  1.882808673273662e+02
3975        ,  1.985400000000000e+00,  1.835928140648488e+00,  2.105090632640277e+02
4837        ,  2.507100000000000e+00,  2.513698672110711e+00,  2.951080000000000e+02
5529        ,  0.000000000000000e+00,  1.494194776453145e-01,  0.000000000000000e+00
4451        ,  1.030000000000000e-01,  1.494194776453145e-01,  0.000000000000000e+00
4305        ,  7.780300000000000e+00,  6.484633726595975e+00,  7.907578812840137e+02
4944        ,  2.979200000000000e+00,  3.117942906048444e+00,  3.705294256109533e+02
4056        ,  2.421900000000000e+00,  2.355587557960169e+00,  2.753726596121281e+02
3594        ,  6.517999999999999e-01,  8.336277220460910e-01,  8.540248844607409e+01
5230        ,  2.302000000000000e-01,  1.003709740520847e+00,  1.066320303823841e+02
5512        ,  0.000000000000000e+00,  1.494194776453145e-01,  0.000000000000000e+00
4489        ,  1.591999999999998e-01,  1.494194776453145e-01,  0.000000000000000e+00
3914        ,  1.235300000000000e+00,  2.082696284905681e+00,  2.413105243122514e+02
5849        ,  0.000000000000000e+00,  1.494194776453145e-01,  0.000000000000000e+00
5700        ,  2.603800000000000e+00,  2.132268077651625e+00,  2.474980476165699e+02
4149        ,  0.000000000000000e+00,  1.488361795748527e+00,  1.671260274741575e+02
3977        ,  3.184500000000000e+00,  3.262671351869596e+00,  3.885943488608685e+02
5832        ,  3.573500000000000e+00,  3.408958482811799e+00,  4.068538263113957e+02
3860        ,  1.860999999999999e-01,  1.494194776453145e-01,  0.000000000000000e+00
5825        ,  2.044100000000000e+00,  2.184084579840359e+00,  2.539657542916992e+02
3683        ,  2.536900000000000e+00,  2.311560505290509e+00,  2.698772276472176e+02
4119        ,  3.041100000000000e+00,  2.504004669151444e+00,  2.938980000000000e+02
5350        ,  5.800999999999998e-01,  6.242003870998727e-01,  5.926188622532687e+01
5125        ,  9.231000000000000e-01,  1.157806484414304e+00,  1.258662993314001e+02
3088        ,  1.459500000000000e+00,  9.969377242023540e-01,  1.057867511123232e+02
3447        ,  1.737800000000000e+00,  1.667563655538715e+00,  1.894939028768426e+02
3023        ,  2.116900000000000e+00,  1.984774684348694e+00,  2.290880051762635e+02
4765        ,  2.740200000000000e+00,  2.806973779703954e+00,  3.317144340684590e+02
4685        ,  7.060000000000000e-01,  6.105665883140803e-01,  5.756012312497213e+01
5367        ,  0.000000000000000e+00,  1.494194776453145e-01,  0.000000000000000e+00
4091        ,  5.020000000000000e-01,  6.476366163083259e-01,  6.218718318071123e+01
4848        ,  7.781000000000002e-01,  7.344352721360925e-01,  7.302134260823709e+01
3748        ,  5.403900000000000e+00,  4.826494802772503e+00,  5.837899129166641e+02
5254        ,  4.435099999999999e+00,  6.161176731936928e+00,  7.503841610384122e+02
5773        ,  3.998000000000000e+00,  3.786763442826677e+00,  4.540112290416097e+02
5108        ,  2.033300000000000e+00,  1.871214335124786e+00,  2.149134662228186e+02
5284        ,  5.591300000000000e+00,  5.390161667208680e+00,  6.541464940765487e+02
4269        ,  0.000000000000000e+00,  1.494194776453145e-01,  0.000000000000000e+00
4641        ,  4.323000000000001e-01,  4.254937227677775e-01,  3.445943208412911e+01
5628        ,  0.000000000000000e+00,  1.494194776453145e-01,  0.000000000000000e+00
3602        ,  1.873300000000000e+00,  1.200913989927480e+00,  1.312469539371515e+02
3203        ,  2.789999999999981e-02,  1.494194776453145e-01,  0.000000000000000e+00
3128        ,  0.000000000000000e+00,  1.494194776453145e-01,  0.000000000000000e+00
5676        ,  4.641999999999999e-01,  1.494194776453145e-01,  0.000000000000000e+00
3581        ,  3.809500000000000e+00,  3.461684034227315e+00,  4.134349999999999e+02
3339        ,  0.000000000000000e+00,  1.928144677850094e-01,  5.416538275227172e+00
4743        ,  0.000000000000000e+00,  1.494194776453145e-01,  0.000000000000000e+00
3180        ,  1.234700000000000e+00,  1.490664633714130e+00,  1.674134664145095e+02
5373        ,  3.522100000000000e+00,  3.156892889187910e+00,  3.753911406111230e+02
4011        ,  0.000000000000000e+00,  1.494194776453145e-01,  0.000000000000000e+00
4560        ,  4.276800000000000e+00,  3.762137731168875e+00,  4.509374615555520e+02
3973        ,  2.406300000000000e+00,  2.049725903417874e+00,  2.371951798288754e+02
3866        ,  4.189600000000000e+00,  4.084216140272804e+00,  4.911391075271200e+02
3283        ,  0.000000000000000e+00,  1.494194776453145e-01,  0.000000000000000e+00
4284        ,  2.943400000000000e+00,  2.807123223739755e+00,  3.317330875889994e+02
3835        ,  1.736000000000000e+00,  1.828410143868893e+00,  2.095706711321567e+02
3489        ,  2.194900000000000e+00,  2.325487699592152e+00,  2.716156122109318e+02
3712        ,  0.000000000000000e+00,  1.494194776453145e-01,  0.000000000000000e+00
5650        ,  4.359699999999999e+00,  4.386044348459622e+00,  5.288131348036391e+02
3446        ,  1.277400000000000e+00,  1.195415044951388e+00,  1.305605787164062e+02
4672        ,  6.372000000000000e-01,  6.396465358579395e-01,  6.118986583042858e+01
5001        ,  3.887400000000000e+00,  3.987920540314122e+00,  4.791195448717745e+02
4958        ,  3.220400000000000e+00,  3.209085833082787e+00,  3.819058345284005e+02
3871        ,  2.856000000000001e-01,  3.118483956339528e-01,  2.027428623573782e+01
5893        ,  4.026400000000000e+00,  3.770043150926974e+00,  4.519242116058144e+02
4716        ,  3.336500000000000e+00,  3.271427404957223e+00,  3.896872744851486e+02
5360        ,  2.079200000000000e+00,  1.263789181462779e+00,  1.390950000000000e+02
4850        ,  2.079800000000000e+00,  2.195949693252389e+00,  2.554467510779477e+02
4956        ,  3.796700000000000e+00,  4.026844406752535e+00,  4.839780000000000e+02
3642        ,  5.232000000000000e-01,  7.045917239890674e-01,  6.929628770474305e+01
5895        ,  2.015800000000000e+00,  4.043303053002576e+00,  4.860323589728857e+02
4395        ,  9.707000000000000e-01,  5.220640484305751e-01,  4.651328584742839e+01
4190        ,  0.000000000000000e+00,  1.494194776453145e-01,  0.000000000000000e+00
4195        ,  5.205000000000000e+00,  5.863329203735701e+00,  7.132070000000000e+02
3452        ,  0.000000000000000e+00,  1.494194776453145e-01,  0.000000000000000e+00
3615        ,  3.120000000000012e-02,  1.640065406685661e-01,  1.820749006607543e+00
5582        ,  0.000000000000000e+00,  6.232672997432868e-01,  5.914541878600246e+01
3084        ,  8.620000000000028e-02,  9.917645752991413e-01,  1.051410415742521e+02
4262        ,  2.272100000000000e+00,  1.596469737564869e+00,  1.806200000000000e+02
4065        ,  0.000000000000000e+00,  1.494194776453145e-01,  0.000000000000000e+00
5625        ,  8.441999999999998e-01,  1.617007737089419e+00,  1.831835415554471e+02
3791        ,  2.952400000000000e+00,  2.424207732347834e+00,  2.839377912051311e+02
3770        ,  7.553000000000001e-01,  1.494194776453145e-01,  0.000000000000000e+00
4450        ,  5.732999999999999e-01,  3.774931470200699e-01,  2.846802720228836e+01
4869        ,  2.777500000000000e+00,  4.060332780611818e+00,  4.881579999999999e+02
3136        ,  1.730999999999998e-01,  5.104611294796032e-01,  4.506501602641950e+01
4745        ,  0.000000000000000e+00,  1.494194776453145e-01,  0.000000000000000e+00
3197        ,  1.631300000000000e+00,  1.710439261195811e+00,  1.948456118729180e+02
5724        ,  0.000000000000000e+00,  1.494194776453145e-01,  0.000000000000000e+00
5875        ,  4.952999999999994e-01,  3.641837764127538e-01,  2.680675904479737e+01
5642        ,  5.254999999999996e-01,  8.421881800343289e-01,  8.647100000000000e+01
3361        ,  0.000000000000000e+00,  1.494194776453145e-01,  0.000000000000000e+00
3183        ,  1.126200000000000e+00,  1.191099217911076e+00,  1.300218796113284e+02
4240        ,  1.907300000000000e+00,  1.842923966115386e+00,  2.113822782661806e+02
5318        ,  2.948200000000000e+00,  2.863003567031199e+00,  3.387080406261259e+02
3279        ,  0.000000000000000e+00,  1.494194776453145e-01,  0.000000000000000e+00
3707        ,  1.609999999999999e+00,  1.808895019013462e+00,  2.071348042179114e+02
4605        ,  8.457000000000000e-01,  7.075940165210854e-01,  6.967103217088429e+01
3035        ,  2.801000000000000e-01,  1.591814912256526e-01,  1.218489047490790e+00
5370        ,  3.720300000000000e+00,  3.866276466827235e+00,  4.639360000000000e+02
4447        ,  2.571900000000000e+00,  2.654680784599423e+00,  3.127053080293195e+02
4889        ,  0.000000000000000e+00,  1.494194776453145e-01,  0.000000000000000e+00
4038        ,  0.000000000000000e+00,  3.777931123896993e-01,  2.850546871110332e+01
3302        ,  1.491900000000000e+00,  1.356058464175067e+00,  1.506120000000000e+02
3475        ,  0.000000000000000e+00,  1.494194776453145e-01,  0.000000000000000e+00
4953        ,  2.663900000000000e+00,  2.550725585241060e+00,  2.997296784826641e+02
3969        ,  2.773000000000000e+00,  1.886574626946480e+00,  2.168307292133858e+02
5229        ,  4.162100000000001e+00,  4.588042741505404e+00,  5.540264606724706e+02
3068        ,  4.846000000000000e+00,  4.872375376369568e+00,  5.895167003217972e+02
3250        ,  1.199900000000000e+00,  1.494194776453145e-01,  0.000000000000000e+00
3509        ,  0.000000000000000e+00,  1.494194776453145e-01,  0.000000000000000e+00
5085        ,  0.000000000000000e+00,  1.494194776453145e-01,  0.000000000000000e+00
4930        ,  7.380000000000009e-02,  7.341720417663662e-01,  7.298848634145988e+01
4805        ,  8.720000000000001e-01,  6.956564157401359e-01,  6.818098755199526e+01
4252        ,  1.628000000000003e-01,  1.494194776453145e-01,  0.000000000000000e+00
4859        ,  0.000000000000000e+00,  1.494194776453145e-01,  0.000000000000000e+00
4901        ,  1.536700000000000e+00,  1.634448034223073e+00,  1.853604296398013e+02
3503        ,  7.069999999999999e-01,  4.139603803124980e-01,  3.301984676220092e+01
5307        ,  0.000000000000000e+00,  1.494194776453145e-01,  0.000000000000000e+00
4272        ,  2.407300000000000e+00,  2.491529508128029e+00,  2.923408574138299e+02
5162        ,  0.000000000000000e+00,  1.494194776453145e-01,  0.000000000000000e+00
5909        ,  1.706400000000000e+00,  1.489164806865984e+00,  1.672262588704348e+02
5855        ,  0.000000000000000e+00,  1.494194776453145e-01,  0.000000000000000e+00
3622        ,  0.000000000000000e+00,  1.494194776453145e-01,  0.000000000000000e+00
3842        ,  2.475500000000000e+00,  2.544302373621739e+00,  2.989279368190772e+02
3813        ,  0.000000000000000e+00,  1.494194776453145e-01,  0.000000000000000e+00
3401        ,  2.284600000000000e+00,  1.971539524788841e+00,  2.274360000000000e+02
4464        ,  2.394400000000000e+00,  2.016380411485036e+00,  2.330330142706148e+02
5833        ,  5.220599999999999e+00,  5.595814853333528e+00,  6.798160091630082e+02
5256        ,  1.496700000000000e+00,  1.524060778199518e+00,  1.715819543959055e+02
3666        ,  4.611900000000000e+00,  5.505973003737298e+00,  6.686020000000000e+02
4401        ,  0.000000000000000e+00,  1.494194776453145e-01,  0.000000000000000e+00
3081        ,  9.398000000000002e-01,  1.382377135277979e+00,  1.538970817323182e+02
4753        ,  7.596999999999996e-01,  1.404607902116056e+00,  1.566719135522694e+02
3512        ,  2.296399999999999e+00,  2.260259118983426e+00,  2.634738174468695e+02
4475        ,  4.044100000000000e+00,  3.932919270168276e+00,  4.722543172505204e+02
3178        ,  0.000000000000000e+00,  1.494194776453145e-01,  0.000000000000000e+00
4452        ,  1.246100000000000e+00,  8.919124313498463e-01,  9.267755309726978e+01
4851        ,  0.000000000000000e+00,  1.494194776453145e-01,  0.000000000000000e+00
4688        ,  2.151000000000000e+00,  2.270274629380491e+00,  2.647239478245237e+02
3725        ,  0.000000000000000e+00,  1.494194776453145e-01,  0.000000000000000e+00
5751        ,  5.041900000000000e+00,  4.805801608179388e+00,  5.812070000000000e+02
3488        ,  3.973200000000000e+00,  3.171680889958124e+00,  3.772369705543516e+02
4840        ,  3.246200000000000e+00,  3.331449290436332e+00,  3.971791724900176e+02
5501        ,  0.000000000000000e+00,  1.494194776453145e-01,  0.000000000000000e+00
4061        ,  1.667600000000000e+00,  1.751452894418631e+00,  1.999649105164341e+02
3468        ,  3.429900000000000e+00,  3.284862255330164e+00,  3.913642049564477e+02
5755        ,  1.744400000000000e+00,  1.620583920282216e+00,  1.836299187312605e+02
4118        ,  3.832100000000000e+00,  3.793417888284820e+00,  4.548418331829729e+02
3201        ,  0.000000000000000e+00,  5.713707642570932e-01,  5.266772239967418e+01
3689        ,  1.522999999999999e-01,  7.316788363437444e-01,  7.267728584213583e+01
4310        ,  1.386300000000000e+00,  1.358173519366180e+00,  1.508760000000000e+02
5787        ,  2.082800000000000e+00,  1.496517545991090e+00,  1.681440236347702e+02
5017        ,  3.460900000000000e+00,  3.568153956359581e+00,  4.267245158296706e+02
3275        ,  0.000000000000000e+00,  1.495194661018578e-01,  1.248050293833776e-02
5898        ,  3.282200000000000e+00,  3.105728161548855e+00,  3.690047880688970e+02
3568        ,  3.916600000000000e+00,  4.594905147091583e+00,  5.548830222801128e+02
4102        ,  1.217700000000000e+00,  1.179419455203994e+00,  1.285640181958788e+02
3341        ,  1.408900000000000e+00,  1.753234320596247e+00,  2.001872671305153e+02
3225        ,  2.281000000000004e-01,  1.494194776453145e-01,  0.000000000000000e+00
4937        ,  0.000000000000000e+00,  1.494194776453145e-01,  0.000000000000000e+00
4839        ,  2.247100000000000e+00,  1.963510892391521e+00,  2.264338706173726e+02
3619        ,  0.000000000000000e+00,  1.494194776453145e-01,  0.000000000000000e+00
4244        ,  6.532000000000000e-01,  1.494194776453145e-01,  0.000000000000000e+00
3322        ,  0.000000000000000e+00,  1.494194776453145e-01,  0.000000000000000e+00
3797        ,  5.508700000000000e+00,  5.139980328375184e+00,  6.229190000000001e+02
5806        ,  3.925800000000000e+00,  3.029116830245265e+00,  3.594422047617880e+02
4535        ,  1.017200000000000e+00,  8.459390659243782e-01,  8.693918346827729e+01
3001        ,  0.000000000000000e+00,  1.494194776453145e-01,  0.000000000000000e+00
4868        ,  0.000000000000000e+00,  1.549077329266792e-01,  6.850409390584686e-01
3462        ,  9.331000000000000e-01,  7.769470309096570e-01,  7.832763644084253e+01
3491        ,  8.259000000000001e-01,  9.598309713918993e-01,  1.011551070856693e+02
5163        ,  8.546999999999993e-01,  1.038922556653751e+00,  1.110272742976014e+02
3481        ,  8.867999999999998e-01,  1.494194776453145e-01,  0.000000000000000e+00
4049        ,  4.949900000000000e+00,  5.839534832835685e+00,  7.102370000000001e+02
5896        ,  0.000000000000000e+00,  1.494194776453145e-01,  0.000000000000000e+00
4354        ,  2.761100000000000e+00,  2.694598721319025e+00,  3.176878424512374e+02
3907        ,  1.832000000000000e+00,  1.152280060493856e+00,  1.251764942042673e+02
3543        ,  2.136700000000000e+00,  2.142594751736088e+00,  2.487870172707680e+02
3529        ,  3.656900000000000e+00,  3.682632686725592e+00,  4.410136866010151e+02
5749        ,  1.189500000000000e+00,  1.035992582697525e+00,  1.106615565954375e+02
3611        ,  1.296200000000000e+00,  1.373889226300323e+00,  1.528376257051104e+02
5459        ,  6.888000000000001e-01,  7.043494692111603e-01,  6.926604959954550e+01
3217        ,  3.489100000000000e+00,  3.052949618544801e+00,  3.624170000000000e+02
4680        ,  2.538000000000000e+00,  2.601134690307272e+00,  3.060217146401126e+02
3692        ,  1.994200000000000e+00,  2.035001791134634e+00,  2.353573244106768e+02
5730        ,  0.000000000000000e+00,  1.494194776453145e-01,  0.000000000000000e+00
5371        ,  4.331500000000000e+00,  3.669446928955565e+00,  4.393678477283869e+02
5636        ,  2.208800000000000e+00,  1.467774578989993e+00,  1.645563426512315e+02
3253        ,  0.000000000000000e+00,  1.494194776453145e-01,  0.000000000000000e+00
5413        ,  7.898000000000001e-01,  1.955923450443653e+00,  2.254868103786355e+02
3824        ,  2.338300000000000e+00,  2.298756188313891e+00,  2.682790000000001e+02
5357        ,  3.189999999999982e-02,  1.494194776453145e-01,  0.000000000000000e+00
5584        ,  3.728300000000000e+00,  3.892626529416513e+00,  4.672250000000001e+02
3710        ,  3.456000000000000e+00,  3.313181760073125e+00,  3.948990296189705e+02
4749        ,  2.372800000000001e+00,  2.283996424735499e+00,  2.664366946071816e+02
3853        ,  0.000000000000000e+00,  1.494194776453145e-01,  0.000000000000000e+00
4604        ,  2.293100000000000e+00,  2.531944420153719e+00,  2.973854240140846e+02
4755        ,  2.301300000000000e+00,  2.338913474035416e+00,  2.732914098297908e+02
5285        ,  3.423700000000000e+00,  2.910086650327111e+00,  3.445849246158917e+02
4303        ,  0.000000000000000e+00,  1.494194776453145e-01,  0.000000000000000e+00
3150        ,  0.000000000000000e+00,  1.494194776453145e-01,  0.000000000000000e+00
3950        ,  0.000000000000000e+00,  1.494194776453145e-01,  0.000000000000000e+00
5107        ,  2.169700000000000e+00,  4.087035352399615e+00,  4.914910000000000e+02
5441        ,  3.915400000000000e+00,  3.901615513978741e+00,  4.683470000000000e+02
3251        ,  0.000000000000000e+00,  1.494194776453145e-01,  0.000000000000000e+00
3917        ,  4.013700000000000e+00,  3.899819835148508e+00,  4.681228643778310e+02
3965        ,  4.246200000000000e+00,  3.551916151592286e+00,  4.246977221665176e+02
3695        ,  1.607300000000000e+00,  9.867950266223102e-01,  1.045207453019864e+02
3680        ,  2.891000000000000e+00,  2.970482680723145e+00,  3.521235231789699e+02
3633        ,  4.639500000000000e+00,  4.177783819552768e+00,  5.028181726568182e+02
4977        ,  0.000000000000000e+00,  1.494194776453145e-01,  0.000000000000000e+00
4879        ,  4.412000000000000e+00,  4.557106368624396e+00,  5.501650000000000e+02
5403        ,  1.062500000000000e+00,  5.776915783827241e-01,  5.345668286566031e+01
3959        ,  2.491400000000000e+00,  2.036484360244544e+00,  2.355423778535661e+02
3665        ,  1.944300000000001e+00,  1.999949299518130e+00,  2.309820921114719e+02
3506        ,  1.599000000000000e+00,  1.079561744392112e+00,  1.160998348662377e+02
5281        ,  1.805600000000000e+00,  2.165715310215837e+00,  2.516729123832463e+02
5869        ,  4.138300000000000e+00,  3.908401316050227e+00,  4.691940000000000e+02
4232        ,  0.000000000000000e+00,  6.013033712438787e-01,  5.640389357748369e+01
3579        ,  1.574400000000000e+00,  1.382755193002554e+00,  1.539442706849786e+02
3199        ,  2.250400000000000e+00,  1.707339619042975e+00,  1.944587162818302e+02
3286        ,  0.000000000000000e+00,  1.494194776453145e-01,  0.000000000000000e+00
5768        ,  1.701800000000000e+00,  1.972509005795211e+00,  2.275570100742322e+02
5291        ,  4.676600000000000e+00,  4.713532325467101e+00,  5.696900000000001e+02
3486        ,  7.329999999999992e-02,  1.494194776453145e-01,  0.000000000000000e+00
5647        ,  3.195000000000000e+00,  2.976719504365116e+00,  3.529020000000000e+02
4658        ,  2.303800000000000e+00,  2.284479565773880e+00,  2.664970000000000e+02
4386        ,  1.767900000000000e+00,  1.597773670728159e+00,  1.807827562044504e+02
4931        ,  7.595999999999998e-01,  9.787231930885043e-01,  1.035132235777879e+02
5559        ,  3.416700000000000e+00,  2.854270468197427e+00,  3.376179801389085e+02
3393        ,  8.523999999999998e-01,  2.645061911263945e-01,  1.436505888199645e+01
3139        ,  1.653300000000000e+00,  1.614150377544828e+00,  1.828268875433240e+02
4492        ,  1.135700000000000e+00,  1.068069783365169e+00,  1.146654147509324e+02
4563        ,  0.000000000000000e+00,  1.494194776453145e-01,  0.000000000000000e+00
5631        ,  1.302400000000000e+00,  3.820613159051099e+00,  4.582363315925017e+02
4514        ,  3.202900000000000e+00,  3.167524785166496e+00,  3.767182078905684e+02
4055        ,  1.163999999999996e-01,  3.164368981089216e-01,  2.084702053528795e+01
5780        ,  9.264000000000001e-01,  1.018619130374270e+00,  1.084930120427412e+02
4399        ,  4.730000000000034e-02,  1.494194776453145e-01,  0.000000000000000e+00
3479        ,  2.809000000000000e+00,  2.597461853514670e+00,  3.055632732163043e+02
3466        ,  8.565000000000000e-01,  1.102856369409191e+00,  1.190074568660559e+02
5826        ,  4.010000000000025e-02,  1.770567102248217e-01,  3.449663834612145e+00
5763        ,  3.147600000000001e+00,  4.248885259788509e+00,  5.116930144581621e+02
3440        ,  2.282500000000000e+00,  2.574458296761001e+00,  3.026919821935042e+02
3534        ,  0.000000000000000e+00,  5.894686748913902e-01,  5.492669343150860e+01
3574        ,  2.645500000000000e+00,  2.440786368230232e+00,  2.860071272164768e+02
3733        ,  0.000000000000000e+00,  1.494194776453145e-01,  0.000000000000000e+00
3658        ,  2.646900000000000e+00,  2.304021524505693e+00,  2.689362163036108e+02
4695        ,  2.482000000000000e+00,  2.403810643394179e+00,  2.813918380279318e+02
3968        ,  3.180000000000000e+00,  2.976079439109983e+00,  3.528221074146599e+02
5590        ,  2.527500000000000e+00,  1.773973183173273e+00,  2.027758802992594e+02
4965        ,  2.943700000000000e+00,  2.746791665213901e+00,  3.242025363685148e+02
4770        ,  2.630999999999999e-01,  8.092877416870893e-01,  8.236438578011189e+01
3864        ,  2.564400000000000e+00,  2.389527306932473e+00,  2.796090000000000e+02
5202        ,  3.249999999999975e-02,  2.001636193409254e-01,  6.333855241193064e+00
4744        ,  1.614900000000000e+00,  1.588609690417362e+00,  1.796389133334860e+02
3545        ,  5.858400000000000e+00,  5.559411419548954e+00,  6.752721530218017e+02
3700        ,  6.755000000000000e-01,  7.977196327564808e-01,  8.092046092627672e+01
4175        ,  6.012000000000000e-01,  4.867678837605919e-01,  4.210763841466625e+01
5492        ,  0.000000000000000e+00,  1.494194776453145e-01,  0.000000000000000e+00
5359        ,  1.056300000000000e+00,  1.230098384426603e+00,  1.348897336528502e+02
4377        ,  4.062600000000000e+00,  4.491363403100645e+00,  5.419589999999999e+02
4075        ,  2.952200000000000e+00,  2.504094476102722e+00,  2.939092096531745e+02
4948        ,  0.000000000000000e+00,  1.494194776453145e-01,  0.000000000000000e+00
5633        ,  4.619200000000000e+00,  4.391739280300783e+00,  5.295239729947103e+02
4041        ,  2.202900000000001e+00,  2.231744344098636e+00,  2.599146192750125e+02
4910        ,  0.000000000000000e+00,  1.494194776453145e-01,  0.000000000000000e+00
3741        ,  4.134000000000000e+00,  3.776915385002726e+00,  4.527820000000000e+02
5199        ,  0.000000000000000e+00,  1.522003606167001e-01,  3.471082492460259e-01
3958        ,  3.969900000000000e+00,  3.777681399090840e+00,  4.528776134478721e+02
3537        ,  2.426400000000000e+00,  2.616599266276124e+00,  3.079519943193060e+02
3156        ,  1.755100000000000e+00,  9.973215891305953e-01,  1.058346649168809e+02
3519        ,  1.893400000000000e+00,  1.326979072555357e+00,  1.469823266846834e+02
5109        ,  0.000000000000000e+00,  1.494194776453145e-01,  0.000000000000000e+00
3131        ,  6.086400000000000e+00,  5.521382043299234e+00,  6.705253476561013e+02
3204        ,  3.863100000000000e+00,  3.537028385324716e+00,  4.228394395499911e+02
4783        ,  0.000000000000000e+00,  1.494194776453145e-01,  0.000000000000000e+00
3007        ,  1.782999999999997e-01,  1.887025444443966e+00,  2.168870000000000e+02
3982        ,  9.999999999976694e-05,  1.494194776453145e-01,  0.000000000000000e+00
3276        ,  1.351600000000000e+00,  7.960227147506365e-01,  8.070865257469075e+01
5510        ,  3.329200000000000e+00,  3.504542534229807e+00,  4.187845738778834e+02
5602        ,  1.740300000000000e+00,  1.511751966901417e+00,  1.700455754889375e+02
5228        ,  8.589000000000000e-01,  1.019624884153305e+00,  1.086185496640670e+02
4312        ,  5.035999999999996e-01,  4.725324617945270e-01,  4.033078104714566e+01
4346        ,  2.214600000000000e+00,  1.220148056288741e+00,  1.336477392881482e+02
5274        ,  2.598400000000000e+00,  4.835147998956076e+00,  5.848700000000000e+02
4358        ,  3.600000000000003e-02,  1.494194776453145e-01,  0.000000000000000e+00
3583        ,  1.527200000000000e+00,  1.598259505737308e+00,  1.808433978571856e+02
3222        ,  0.000000000000000e+00,  1.494194776453145e-01,  0.000000000000000e+00
3620        ,  9.683000000000000e-01,  1.283388563300335e+00,  1.415413838233899e+02
3484        ,  1.768600000000000e+00,  2.092143550681140e+00,  2.424897267156692e+02
5246        ,  1.909999999999989e-02,  1.494194776453145e-01,  0.000000000000000e+00
3226        ,  0.000000000000000e+00,  1.494194776453145e-01,  0.000000000000000e+00
4565        ,  1.903700000000000e+00,  2.070954094152953e+00,  2.398448706632375e+02
5473        ,  0.000000000000000e+00,  1.494194776453145e-01,  0.000000000000000e+00
3365        ,  8.793000000000000e-01,  1.202219449403799e+00,  1.314099006551361e+02
4647        ,  3.913400000000000e+00,  3.498697500071787e+00,  4.180550000000000e+02
3663        ,  0.000000000000000e+00,  1.494194776453145e-01,  0.000000000000000e+00
3532        ,  2.109100000000000e+00,  2.087756811789610e+00,  2.419421764331848e+02
3492        ,  0.000000000000000e+00,  1.494194776453145e-01,  0.000000000000000e+00
5277        ,  4.523999999999999e-01,  8.969384185397238e-01,  9.330489399300765e+01
4570        ,  0.000000000000000e+00,  1.494194776453145e-01,  0.000000000000000e+00
4007        ,  2.537700000000000e+00,  2.213457101488100e+00,  2.576320159323348e+02
5635        ,  2.510199999999999e+00,  2.371775697969228e+00,  2.773932541480766e+02
5843        ,  9.450000000000003e-02,  9.927248975867402e-01,  1.052609084623557e+02
3809        ,  4.851000000000000e+00,  4.435768516556473e+00,  5.350196775136016e+02
4679        ,  0.000000000000000e+00,  9.884226164982619e-01,  1.047239001553712e+02
2989        ,  0.000000000000000e+00,  1.494194776453145e-01,  0.000000000000000e+00
4157        ,  1.256900000000000e+00,  1.773620855902529e+00,  2.027319030073821e+02
2992        ,  0.000000000000000e+00,  1.494194776453145e-01,  0.000000000000000e+00
4587        ,  0.000000000000000e+00,  1.494194776453145e-01,  0.000000000000000e+00
4161        ,  5.473999999999997e-01,  6.557411274700468e-01,  6.319878370805669e+01
3400        ,  6.249000000000002e-01,  2.443892700014025e-01,  1.185407609567772e+01
3218        ,  0.000000000000000e+00,  1.494194776453145e-01,  0.000000000000000e+00
4771        ,  2.747500000000000e+00,  2.383857397944894e+00,  2.789012851474464e+02
4881        ,  3.677999999999999e-01,  1.494194776453145e-01,  0.000000000000000e+00
5571        ,  2.085500000000000e+00,  1.720540128372916e+00,  1.961063964358745e+02
4741        ,  0.000000000000000e+00,  1.494194776453145e-01,  0.000000000000000e+00
4233        ,  3.497600000000000e+00,  3.397850313502592e+00,  4.054673108625540e+02
3613        ,  5.574700000000000e+00,  5.458408407752387e+00,  6.626650138670705e+02
3514        ,  0.000000000000000e+00,  1.494194776453145e-01,  0.000000000000000e+00
3520        ,  8.754999999999997e-01,  9.709306643991771e-01,  1.025405645272691e+02
3686        ,  1.206600000000000e+00,  1.097129510960468e+00,  1.182926336137759e+02
4534        ,  1.043000000000000e+00,  1.149495147101744e+00,  1.248288828801718e+02
5157        ,  4.291200000000000e+00,  4.416628218129601e+00,  5.326305962234646e+02
3368        ,  0.000000000000000e+00,  1.494194776453145e-01,  0.000000000000000e+00
4533        ,  1.544200000000000e+00,  1.448057244629705e+00,  1.620952360602599e+02
5696        ,  0.000000000000000e+00,  1.494194776453145e-01,  0.000000000000000e+00
5280        ,  9.822000000000002e-01,  2.504323062818193e-01,  1.260836448717392e+01
4042        ,  1.349900000000000e+00,  1.574754925666857e+00,  1.779095693856293e+02
3097        ,  9.430000000000005e-02,  1.494194776453145e-01,  0.000000000000000e+00
5025        ,  2.353300000000000e+00,  2.220620913694724e+00,  2.585261989449086e+02
4693        ,  4.030700000000000e+00,  3.652920274423749e+00,  4.373050000000000e+02
3343        ,  0.000000000000000e+00,  1.494194776453145e-01,  0.000000000000000e+00
4703        ,  0.000000000000000e+00,  1.494194776453145e-01,  0.000000000000000e+00
4225        ,  6.553999999999998e-01,  3.679942436484776e-01,  2.728237942314876e+01
3867        ,  1.943600000000000e+00,  1.834854083063188e+00,  2.103750000000000e+02
5800        ,  5.573999999999995e-01,  6.932178083833358e-01,  6.787660195255539e+01
4466        ,  0.000000000000000e+00,  1.494194776453145e-01,  0.000000000000000e+00
3987        ,  6.479999999999997e-02,  1.494194776453145e-01,  0.000000000000000e+00
5532        ,  0.000000000000000e+00,  1.183455655899783e+00,  1.290678144978220e+02
4730        ,  1.903900000000000e+00,  2.066098201119530e+00,  2.392387608244917e+02
4643        ,  0.000000000000000e+00,  1.494194776453145e-01,  0.000000000000000e+00
3449        ,  5.802000000000000e-01,  6.965329022538901e-01,  6.829039010593495e+01
5471        ,  2.481200000000000e+00,  2.040833772235784e+00,  2.360852690133393e+02
3593        ,  0.000000000000000e+00,  1.494194776453145e-01,  0.000000000000000e+00
2988        ,  1.057200000000000e+00,  1.139605162791391e+00,  1.235944205980980e+02
3510        ,  2.562800000000000e+00,  1.336167985276116e+00,  1.481292816050437e+02
3990        ,  0.000000000000000e+00,  1.494194776453145e-01,  0.000000000000000e+00
5435        ,  2.611900000000000e+00,  2.778475958606327e+00,  3.281573520587853e+02
5846        ,  0.000000000000000e+00,  1.494194776453145e-01,  0.000000000000000e+00
3349        ,  2.150700000000000e+00,  1.100986885307693e+00,  1.187741089114165e+02
4243        ,  2.519600000000000e+00,  2.282177810949688e+00,  2.662096962567502e+02
4167        ,  1.737100000000000e+00,  1.640204601042698e+00,  1.860789610742371e+02
4577        ,  1.650400000000000e+00,  7.459542038293430e-01,  7.445912918694968e+01
3025        ,  0.000000000000000e+00,  1.494194776453145e-01,  0.000000000000000e+00
3551        ,  1.471900000000000e+00,  1.310953625218687e+00,  1.449820393566467e+02
3960        ,  2.898200000000000e+00,  2.394295986723869e+00,  2.802042239309018e+02
3067        ,  0.000000000000000e+00,  8.796374241745697e-01,  9.114539360191009e+01
3170        ,  1.528999999999998e-01,  1.494194776453145e-01,  0.000000000000000e+00
3575        ,  2.196800000000000e+00,  1.541038007642431e+00,  1.737010426314098e+02
3082        ,  3.936999999999999e-01,  1.494194776453145e-01,  0.000000000000000e+00
4655        ,  5.565700000000001e+00,  5.294506043782471e+00,  6.422068129322307e+02
3346        ,  2.480700000000000e+00,  1.136542692457132e+00,  1.232121647725093e+02
3194        ,  0.000000000000000e+00,  1.494194776453145e-01,  0.000000000000000e+00
5052        ,  0.000000000000000e+00,  1.494194776453145e-01,  0.000000000000000e+00
4127        ,  2.794999999999999e-01,  3.276200734835684e-01,  2.224289819905410e+01
4220        ,  1.188700000000000e+00,  1.223723525144678e+00,  1.340940273008363e+02
5311        ,  0.000000000000000e+00,  1.494194776453145e-01,  0.000000000000000e+00
5337        ,  8.550000000000000e-01,  1.011619938416255e+00,  1.076193768370594e+02
3836        ,  2.259999999999995e-02,  2.244116639960390e-01,  9.360482544276568e+00
4382        ,  1.551700000000000e+00,  1.591468930977699e+00,  1.799958021329371e+02
4369        ,  2.673600000000000e+00,  3.292655873537565e+00,  3.923370000000000e+02
4238        ,  5.243000000000000e+00,  4.879123521471293e+00,  5.903589999999999e+02
4024        ,  4.102000000000000e+00,  4.166343085554757e+00,  5.013901466704676e+02
3752        ,  3.178199999999999e+00,  3.164210584099487e+00,  3.763045311764255e+02
4294        ,  1.687000000000000e+00,  1.536659323723945e+00,  1.731544977661327e+02
5374        ,  2.020000000000000e+00,  1.912091177295086e+00,  2.200156906840548e+02
5165        ,  7.931000000000000e-01,  5.885629112306376e-01,  5.481363652053840e+01
3143        ,  0.000000000000000e+00,  5.981676706106379e-01,  5.601249718714171e+01
4069        ,  2.483500000000000e+00,  2.457217480197138e+00,  2.880580493756197e+02
3315        ,  3.259000000000000e+00,  3.781855065529162e+00,  4.533985681465234e+02
3588        ,  0.000000000000000e+00,  1.494194776453145e-01,  0.000000000000000e+00
3830        ,  6.069000000000000e-01,  6.261484916521480e-01,  5.950504754043664e+01
4264        ,  0.000000000000000e+00,  1.494194776453145e-01,  0.000000000000000e+00
5491        ,  9.824000000000006e-01,  1.123100686249269e+00,  1.215343411139177e+02
3291        ,  2.689400000000000e+00,  2.243377734570403e+00,  2.613666925341178e+02
3179        ,  0.000000000000000e+00,  1.494194776453145e-01,  0.000000000000000e+00
5103        ,  3.941999999999997e-01,  1.531889680377225e-01,  4.705056718034029e-01
4465        ,  9.755000000000003e-01,  8.460986250421207e-01,  8.695909954765953e+01
3077        ,  2.134800000000000e+00,  1.825779512668928e+00,  2.092423172245570e+02
3897        ,  3.892500000000000e+00,  3.401316833980976e+00,  4.059000000000000e+02
5136        ,  1.867100000000000e+00,  1.541458769638013e+00,  1.737535619071716e+02
4657        ,  7.240000000000002e-01,  5.518783495763998e-01,  5.023469015667348e+01
4739        ,  2.321700000000000e+00,  1.954618761209431e+00,  2.253239598018365e+02
4171        ,  4.364300000000000e+00,  4.091919813704655e+00,  4.921006757143496e+02
3219        ,  0.000000000000000e+00,  1.494194776453145e-01,  0.000000000000000e+00
4584        ,  0.000000000000000e+00,  1.494194776453145e-01,  0.000000000000000e+00
3126        ,  0.000000000000000e+00,  1.494194776453145e-01,  0.000000000000000e+00
3883        ,  6.357800000000000e+00,  6.104269240923281e+00,  7.432809999999999e+02
4390        ,  2.926900000000000e+00,  3.585068336325513e+00,  4.288357592287882e+02
3407        ,  2.927999999999997e-01,  1.494194776453145e-01,  0.000000000000000e+00
3504        ,  0.000000000000000e+00,  1.494194776453145e-01,  0.000000000000000e+00
3723        ,  6.068800000000000e+00,  5.601653917540042e+00,  6.805448378749004e+02
4715        ,  0.000000000000000e+00,  1.494194776453145e-01,  0.000000000000000e+00
3548        ,  0.000000000000000e+00,  1.494194776453145e-01,  0.000000000000000e+00
3151        ,  1.532600000000000e+00,  1.247005218696407e+00,  1.370000352024188e+02
5399        ,  1.045000000000000e+00,  6.368204314048495e-01,  6.083711306125696e+01
4516        ,  0.000000000000000e+00,  1.494194776453145e-01,  0.000000000000000e+00
3161        ,  0.000000000000000e+00,  1.494194776453145e-01,  0.000000000000000e+00
3704        ,  2.006600000000000e+00,  2.349846204725242e+00,  2.746560271287823e+02
4747        ,  3.408700000000000e+00,  2.825274388255828e+00,  3.339987057404209e+02
5516        ,  0.000000000000000e+00,  1.494194776453145e-01,  0.000000000000000e+00
5554        ,  1.662000000000000e+00,  1.174901087951097e+00,  1.280000381353220e+02
5336        ,  4.309000000000003e-01,  6.062043903252958e-01,  5.701563602417299e+01
5265        ,  0.000000000000000e+00,  1.494194776453145e-01,  0.000000000000000e+00
3630        ,  3.936000000000000e+00,  3.723157732228614e+00,  4.460720000000000e+02
3392        ,  3.340500000000000e+00,  3.158914984236468e+00,  3.756435373783859e+02
5299        ,  3.388300000000000e+00,  2.664926066178788e+00,  3.139841183167851e+02
3502        ,  0.000000000000000e+00,  1.494194776453145e-01,  0.000000000000000e+00
3188        ,  8.198000000000000e-01,  6.906343158994702e-01,  6.755413187300076e+01
5297        ,  1.494600000000000e+00,  1.623290221076765e+00,  1.839677176751194e+02
4176        ,  4.014700000000000e+00,  3.795157736026072e+00,  4.550590000000000e+02
4955        ,  4.844999999999997e-01,  1.494194776453145e-01,  0.000000000000000e+00
4925        ,  4.453400000000000e+00,  4.952533562062826e+00,  5.995219999999999e+02
3109        ,  0.000000000000000e+00,  1.494194776453145e-01,  0.000000000000000e+00
3038        ,  0.000000000000000e+00,  1.494194776453145e-01,  0.000000000000000e+00
4974        ,  1.457600000000000e+00,  1.300002200846392e+00,  1.436150887227178e+02
3726        ,  5.565000000000002e-01,  1.494194776453145e-01,  0.000000000000000e+00
3722        ,  0.000000000000000e+00,  1.494194776453145e-01,  0.000000000000000e+00
4407        ,  3.911400000000000e+00,  3.251764806509387e+00,  3.872329999999999e+02
5091        ,  3.107900000000000e+00,  3.353728092180942e+00,  3.999600000000000e+02
4902        ,  1.785500000000000e+00,  1.289828797665932e+00,  1.423452502565978e+02
4733        ,  4.222000000000001e-01,  5.185072492223161e-01,  4.606932816966848e+01
3117        ,  0.000000000000000e+00,  1.494194776453145e-01,  0.000000000000000e+00
3133        ,  0.000000000000000e+00,  1.494194776453145e-01,  0.000000000000000e+00
3130        ,  0.000000000000000e+00,  1.494194776453145e-01,  0.000000000000000e+00
3738        ,  1.802400000000000e+00,  1.714938741740248e+00,  1.954072345051419e+02
5279        ,  2.576100000000000e+00,  2.644532156619865e+00,  3.114385619898489e+02
5335        ,  4.263500000000000e+00,  4.602932564431836e+00,  5.558850000000000e+02
3708        ,  3.914400000000000e+00,  3.142089627322988e+00,  3.735434057866320e+02
4104        ,  3.053999999999999e+00,  3.060673379507849e+00,  3.633810755015816e+02
5601        ,  8.203000000000000e-01,  1.218254416233900e+00,  1.334113762009915e+02
3657        ,  7.258000000000000e-01,  7.395096232178905e-01,  7.365472025777727e+01
5456        ,  0.000000000000000e+00,  1.494194776453145e-01,  0.000000000000000e+00
5503        ,  8.586999999999998e-01,  7.540830038468069e-01,  7.547376143561530e+01
3167        ,  0.000000000000000e+00,  1.494194776453145e-01,  0.000000000000000e+00
4293        ,  1.136700000000000e+00,  1.721437991415548e+00,  1.962184671961322e+02
5777        ,  6.503000000000001e-01,  8.078434639814672e-01,  8.218411184878074e+01
4496        ,  1.123700000000000e+00,  5.136102417117915e-01,  4.545808644500293e+01
3093        ,  0.000000000000000e+00,  1.494194776453145e-01,  0.000000000000000e+00
3461        ,  1.653900000000000e+00,  1.668749206932574e+00,  1.896418827353797e+02
4673        ,  1.365500000000000e+00,  1.245566830952586e+00,  1.368204964528088e+02
3395        ,  2.411100000000000e+00,  2.380474521951707e+00,  2.784790364676228e+02
3231        ,  1.677200000000000e+00,  1.668744074817348e+00,  1.896412421476421e+02
5651        ,  5.059999999999998e-01,  5.047181105297012e-01,  4.434817562946677e+01
3608        ,  1.196200000000000e+00,  8.222367005099428e-01,  8.398066754126774e+01
3191        ,  0.000000000000000e+00,  1.494194776453145e-01,  0.000000000000000e+00
5053        ,  0.000000000000000e+00,  1.494194776453145e-01,  0.000000000000000e+00
5766        ,  2.967000000000000e+00,  2.656517202995725e+00,  3.129345287412237e+02
3000        ,  0.000000000000000e+00,  1.494194776453145e-01,  0.000000000000000e+00
3728        ,  0.000000000000000e+00,  1.494194776453145e-01,  0.000000000000000e+00
3419        ,  4.336800000000000e+00,  3.915121303292327e+00,  4.700327850299930e+02
3631        ,  3.243400000000000e+00,  3.430615883836599e+00,  4.095570909328449e+02
5095        ,  9.836999999999998e-01,  6.848576624334844e-01,  6.683309323465771e+01
5209        ,  1.572700000000000e+00,  1.227251360347942e+00,  1.345343697077745e+02
3928        ,  1.122600000000000e+00,  1.225497536695389e+00,  1.343154584253553e+02
4307        ,  0.000000000000000e+00,  1.494194776453145e-01,  0.000000000000000e+00
3745        ,  2.101100000000000e+00,  1.180743489964422e+00,  1.287292834703840e+02
3230        ,  0.000000000000000e+00,  1.494194776453145e-01,  0.000000000000000e+00
3801        ,  0.000000000000000e+00,  1.494194776453145e-01,  0.000000000000000e+00
4963        ,  4.657000000000000e+00,  4.810384227760133e+00,  5.817790000000000e+02
4299        ,  3.159100000000000e+00,  2.569432309571124e+00,  3.020646412977663e+02
5627        ,  1.765000000000000e+00,  1.515261794023727e+00,  1.704836701373341e+02
4285        ,  0.000000000000000e+00,  1.494194776453145e-01,  0.000000000000000e+00
3285        ,  0.000000000000000e+00,  1.494194776453145e-01,  0.000000000000000e+00
5770        ,  1.462100000000000e+00,  1.048315701967564e+00,  1.121997214154197e+02
4228        ,  0.000000000000000e+00,  1.494194776453145e-01,  0.000000000000000e+00
5070        ,  2.822200000000000e+00,  2.526324804057948e+00,  2.966839866920149e+02
4947        ,  8.538999999999999e-01,  1.059172757570860e+00,  1.135548929926504e+02
5131        ,  2.770000000000028e-02,  1.846013879744540e-01,  4.391386270164827e+00
4434        ,  1.092800000000000e+00,  6.383830443920633e-01,  6.103215753591554e+01
5901        ,  2.864800000000001e+00,  4.127488338433016e+00,  4.965403189764943e+02
2996        ,  0.000000000000000e+00,  1.494194776453145e-01,  0.000000000000000e+00
5415        ,  1.726200000000000e+00,  1.706419311577755e+00,  1.943438440213621e+02
5130        ,  3.741200000000000e+00,  3.080826506141117e+00,  3.658965774390908e+02
3586        ,  2.156900000000000e+00,  2.178203972716998e+00,  2.532317402162790e+02
4710        ,  0.000000000000000e+00,  1.494194776453145e-01,  0.000000000000000e+00
3538        ,  1.800000000000246e-03,  1.494194776453145e-01,  0.000000000000000e+00
4802        ,  0.000000000000000e+00,  1.494194776453145e-01,  0.000000000000000e+00
5102        ,  3.760100000000000e+00,  3.729481532013596e+00,  4.468613331343080e+02
5019        ,  1.267900000000000e+00,  1.387498766218686e+00,  1.545363608272695e+02
3426        ,  3.814500000000001e+00,  3.830568479831048e+00,  4.594789491359824e+02
5160        ,  4.105000000000000e+00,  4.130406386916612e+00,  4.969045481478684e+02
5248        ,  3.171000000000000e+00,  2.985236095933646e+00,  3.539650361720770e+02
5521        ,  0.000000000000000e+00,  1.494194776453145e-01,  0.000000000000000e+00
3227        ,  0.000000000000000e+00,  2.931028896977140e-01,  1.793448272235351e+01
3841        ,  1.915000000000000e+00,  1.676063086570474e+00,  1.905547970803666e+02
4794        ,  8.492000000000002e-01,  1.924514546654535e+00,  2.215663686638428e+02
5039        ,  8.927999999999998e-01,  1.494194776453145e-01,  0.000000000000000e+00
5729        ,  3.487600000000000e+00,  3.237985259424580e+00,  3.855130446788930e+02
3717        ,  1.106800000000000e+00,  1.332292022653321e+00,  1.476454861292956e+02
3858        ,  3.167000000000000e-01,  3.274554084867291e-01,  2.222234480671321e+01
3367        ,  2.085999999999997e-01,  4.216163628233936e-01,  3.397546219548575e+01
4738        ,  4.309900000000000e+00,  3.847966127796007e+00,  4.616505137750749e+02
3369        ,  0.000000000000000e+00,  1.494194776453145e-01,  0.000000000000000e+00
5429        ,  3.010400000000000e+00,  2.815125760276269e+00,  3.327319597009504e+02
5431        ,  0.000000000000000e+00,  1.494194776453145e-01,  0.000000000000000e+00
3345        ,  1.220300000000000e+00,  1.494194776453145e-01,  0.000000000000000e+00
3120        ,  0.000000000000000e+00,  1.494194776453145e-01,  0.000000000000000e+00
4457        ,  5.621100000000000e+00,  4.930237355256516e+00,  5.967390000000001e+02
4172        ,  2.572000000000000e+00,  1.891587896557434e+00,  2.174564827080716e+02
5121        ,  2.568900000000000e+00,  2.719773168794636e+00,  3.208301028336084e+02
4808        ,  8.830000000000001e-01,  6.712665511032945e-01,  6.513665835851499e+01
4444        ,  9.563000000000001e-01,  3.324782911755028e-01,  2.284929820036848e+01
3662        ,  2.304500000000000e+00,  2.426095021059822e+00,  2.841733615212431e+02
4731        ,  1.348900000000000e+00,  1.299404008129110e+00,  1.435404226440141e+02
3814        ,  2.086700000000000e+00,  1.949979388418775e+00,  2.247448758980785e+02
5174        ,  1.404900000000000e+00,  1.364258573598486e+00,  1.516355330486311e+02
3810        ,  2.148500000000000e+00,  2.243777688396575e+00,  2.614166145458711e+02
4712        ,  1.100500000000000e+00,  1.066439610588840e+00,  1.144619375013744e+02
2981        ,  2.159200000000000e+00,  1.500792593265595e+00,  1.686776326324039e+02
3590        ,  1.610000000000000e+00,  1.605451381825581e+00,  1.817410837876910e+02
5874        ,  4.438800000000000e+00,  4.783593528672705e+00,  5.784349999999999e+02
5382        ,  5.297999999999998e-01,  8.282177090781352e-01,  8.472721366859227e+01
3086        ,  1.589400000000000e+00,  1.470190918985126e+00,  1.648579488511054e+02
5467        ,  0.000000000000000e+00,  1.237593850203606e+00,  1.358253134776432e+02
5145        ,  8.130000000000002e-01,  8.882486040022115e-01,  9.222023622731767e+01
4547        ,  3.463000000000000e+00,  2.353840096415878e+00,  2.751545424444857e+02
3277        ,  1.579500000000000e+00,  1.685142181690412e+00,  1.916880446295252e+02
3200        ,  0.000000000000000e+00,  1.264608712199192e+00,  1.391972933658290e+02
3857        ,  2.970300000000000e+00,  2.904926261045385e+00,  3.439408077266018e+02
4247        ,  1.700000000000035e-03,  8.796409889247191e-01,  9.114583855201984e+01
3141        ,  3.993400000000000e+00,  3.884597842122226e+00,  4.662228637651641e+02
5779        ,  0.000000000000000e+00,  1.494194776453145e-01,  0.000000000000000e+00
3289        ,  0.000000000000000e+00,  1.494194776453145e-01,  0.000000000000000e+00
4669        ,  0.000000000000000e+00,  1.494194776453145e-01,  0.000000000000000e+00
4404        ,  2.805900000000000e+00,  2.273285679767598e+00,  2.650997854412140e+02
3672        ,  0.000000000000000e+00,  1.494194776453145e-01,  0.000000000000000e+00
3412        ,  4.977500000000000e+00,  4.986347175630964e+00,  6.037425962376293e+02
3103        ,  0.000000000000000e+00,  1.494194776453145e-01,  0.000000000000000e+00
4441        ,  4.190000000000000e+00,  4.196982276693046e+00,  5.052145132848693e+02
3209        ,  2.847000000000008e-01,  1.494194776453145e-01,  0.000000000000000e+00
3495        ,  1.237600000000000e+00,  4.533987541726568e-01,  3.794252241758409e+01
3533        ,  0.000000000000000e+00,  1.494194776453145e-01,  0.000000000000000e+00
5012        ,  0.000000000000000e+00,  1.494194776453145e-01,  0.000000000000000e+00
3799        ,  3.415900000000000e+00,  2.978603242647005e+00,  3.531371271534229e+02
4895        ,  2.159000000000000e-01,  7.982701325131737e-01,  8.098917399644982e+01
4502        ,  7.188000000000000e+00,  6.510339132991568e+00,  7.939664156603043e+02
3595        ,  1.518500000000000e+00,  1.653314427503844e+00,  1.877153222435747e+02
3794        ,  0.000000000000000e+00,  1.636115700510073e-01,  1.771448996152178e+00
5645        ,  2.352200000000000e+00,  2.159814353596143e+00,  2.509363582951330e+02
3267        ,  2.079300000000000e+00,  8.934335827823394e-01,  9.286742236397527e+01
3827        ,  1.014500000000000e+00,  1.048469857740167e+00,  1.122189630522991e+02
3313        ,  3.882800000000000e+00,  3.550866315452295e+00,  4.245666822096777e+02
4700        ,  7.430000000000003e-02,  1.494194776453145e-01,  0.000000000000000e+00
5556        ,  1.465900000000000e+00,  1.505762890652134e+00,  1.692980223581944e+02
5555        ,  0.000000000000000e+00,  1.494194776453145e-01,  0.000000000000000e+00
3273        ,  3.100000000000014e-02,  1.494194776453145e-01,  0.000000000000000e+00
4814        ,  2.224100000000000e+00,  2.126379190238211e+00,  2.467629999999999e+02
4123        ,  0.000000000000000e+00,  1.494194776453145e-01,  0.000000000000000e+00
3278        ,  1.245800000000000e+00,  9.172586100108536e-01,  9.584124886966516e+01
5245        ,  1.697300000000000e+00,  1.901169320517085e+00,  2.186524306606245e+02
3789        ,  4.554000000000000e+00,  4.033013317726613e+00,  4.847480000000000e+02
5317        ,  4.574800000000001e+00,  4.255965385560737e+00,  5.125767517770379e+02
3985        ,  2.974100000000000e+00,  2.534232332924429e+00,  2.976710000000000e+02
4326        ,  3.563700000000000e+00,  4.240544388104668e+00,  5.106519115433131e+02
4136        ,  0.000000000000000e+00,  1.494194776453145e-01,  0.000000000000000e+00
3390        ,  0.000000000000000e+00,  1.494194776453145e-01,  0.000000000000000e+00
3348        ,  0.000000000000000e+00,  1.494194776453145e-01,  0.000000000000000e+00
3265        ,  0.000000000000000e+00,  1.494194776453145e-01,  0.000000000000000e+00
3210        ,  7.141999999999999e-01,  7.329759088004527e-01,  7.283918569704736e+01
4984        ,  0.000000000000000e+00,  1.494194776453145e-01,  0.000000000000000e+00
4950        ,  1.466200000000001e+00,  1.021428255088986e+00,  1.088436454105139e+02
5269        ,  0.000000000000000e+00,  1.494194776453145e-01,  0.000000000000000e+00
3295        ,  0.000000000000000e+00,  1.494194776453145e-01,  0.000000000000000e+00
3054        ,  2.297200000000000e+00,  1.435298969455402e+00,  1.605027553249254e+02
4218        ,  2.750400000000000e+00,  2.856300193793339e+00,  3.378713293468026e+02
3173        ,  0.000000000000000e+00,  1.494194776453145e-01,  0.000000000000000e+00
3046        ,  0.000000000000000e+00,  1.494194776453145e-01,  0.000000000000000e+00
3952        ,  2.400100000000000e+00,  2.597365199914864e+00,  3.055512089683093e+02
4639        ,  4.481400000000000e+00,  4.509958263322511e+00,  5.442800000000001e+02
5526        ,  0.000000000000000e+00,  1.494194776453145e-01,  0.000000000000000e+00
5760        ,  2.773000000000000e+00,  3.006113273491597e+00,  3.565709137389879e+02
3779        ,  3.920900000000000e+00,  3.604592363486190e+00,  4.312727373237699e+02
3024        ,  0.000000000000000e+00,  1.494194776453145e-01,  0.000000000000000e+00
4846        ,  0.000000000000000e+00,  1.494194776453145e-01,  0.000000000000000e+00
3101        ,  0.000000000000000e+00,  1.494194776453145e-01,  0.000000000000000e+00
4636        ,  3.054200000000000e+00,  2.387235997142102e+00,  2.793230000000000e+02
5348        ,  7.317000000000000e-01,  4.102925446289074e-01,  3.256202957400804e+01
3597        ,  2.477700000000000e+00,  2.160087350270022e+00,  2.509704335865045e+02
4549        ,  4.942399999999999e+00,  4.737150441767858e+00,  5.726380000000000e+02
3623        ,  2.059900000000000e+00,  2.053129763416281e+00,  2.376200477204347e+02
4290        ,  4.068000000000001e-01,  5.251760973341933e-01,  4.690173004217444e+01
5507        ,  2.815200000000000e+00,  3.077658964667305e+00,  3.655012066929278e+02
3436        ,  6.292000000000000e-01,  2.219672131665213e-01,  9.055367565856939e+00
3384        ,  0.000000000000000e+00,  1.494194776453145e-01,  0.000000000000000e+00
3721        ,  1.803700000000000e+00,  1.665716646549794e+00,  1.892633602531210e+02
3017        ,  0.000000000000000e+00,  1.494194776453145e-01,  0.000000000000000e+00
5474        ,  0.000000000000000e+00,  1.494194776453145e-01,  0.000000000000000e+00
4804        ,  4.575000000000000e-01,  4.738820191275948e-01,  4.049923203482058e+01
3561        ,  0.000000000000000e+00,  1.494194776453145e-01,  0.000000000000000e+00
4742        ,  2.144300000000000e+00,  1.643552538682745e+00,  1.864968487684619e+02
3091        ,  0.000000000000000e+00,  1.494194776453145e-01,  0.000000000000000e+00
5334        ,  2.209999999999979e-02,  1.494194776453145e-01,  0.000000000000000e+00
5233        ,  6.469999999999976e-02,  1.494194776453145e-01,  0.000000000000000e+00
5193        ,  3.476700000000000e+00,  3.237880218405260e+00,  3.854999335179091e+02
5683        ,  0.000000000000000e+00,  1.494194776453145e-01,  0.000000000000000e+00
3457        ,  2.942700000000000e+00,  2.867028743371730e+00,  3.392104608742430e+02
4222        ,  2.760500000000000e+00,  2.511045268862407e+00,  2.947768036981277e+02
3042        ,  0.000000000000000e+00,  1.494194776453145e-01,  0.000000000000000e+00
5502        ,  4.470800000000000e+00,  4.539128399499938e+00,  5.479209999999999e+02
5533        ,  0.000000000000000e+00,  1.494194776453145e-01,  0.000000000000000e+00
3906        ,  1.246300000000000e+00,  1.334459193520676e+00,  1.479159911787080e+02
4210        ,  3.155900000000000e+00,  2.997017661046759e+00,  3.554356045066203e+02
3305        ,  0.000000000000000e+00,  1.494194776453145e-01,  0.000000000000000e+00
4705        ,  2.014900000000000e+00,  1.969945964504811e+00,  2.272370927011495e+02
3736        ,  4.481999999999999e-01,  6.835407931838945e-01,  6.666872235518726e+01
4589        ,  1.158500000000000e+00,  1.326483588070400e+00,  1.469204805898021e+02
3639        ,  3.916900000000000e+00,  3.908313188750598e+00,  4.691830000000000e+02
4347        ,  3.522500000000000e+00,  3.926805578926688e+00,  4.714912097464888e+02
5841        ,  3.369700000000000e+00,  3.338311696022511e+00,  3.980357340976598e+02
4279        ,  3.202400000000000e+00,  3.225710252249303e+00,  3.839808851835332e+02
3667        ,  2.740100000000000e+00,  2.700204630107734e+00,  3.183875688349450e+02
3113        ,  1.532700000000000e+00,  1.001614267128894e+00,  1.063704745715475e+02
5665        ,  1.656300000000000e+00,  1.430659596664746e+00,  1.599236714211675e+02
5148        ,  0.000000000000000e+00,  1.494194776453145e-01,  0.000000000000000e+00
3800        ,  1.905300000000000e+00,  2.128990940285125e+00,  2.470889971726896e+02
4490        ,  2.250200000000000e+00,  1.754642463212207e+00,  2.003630307002677e+02
5123        ,  5.819999999999992e-02,  9.474087663696491e-01,  9.960457443779600e+01
4048        ,  5.700300000000000e+00,  4.797693896613456e+00,  5.801949999999999e+02
3184        ,  0.000000000000000e+00,  1.494194776453145e-01,  0.000000000000000e+00
3675        ,  1.858500000000000e+00,  1.868204294052906e+00,  2.145377545882876e+02
4019        ,  1.387000000000000e-01,  1.494194776453145e-01,  0.000000000000000e+00
4026        ,  2.560600000000000e+00,  2.441963050212141e+00,  2.861540000000000e+02
5747        ,  9.680999999999997e-01,  1.494194776453145e-01,  0.000000000000000e+00
3140        ,  0.000000000000000e+00,  1.494194776453145e-01,  0.000000000000000e+00
4546        ,  3.642200000000000e+00,  4.846163911409787e+00,  5.862449999999999e+02
5820        ,  0.000000000000000e+00,  1.494194776453145e-01,  0.000000000000000e+00
4331        ,  3.055899999999999e+00,  1.494194776453145e-01,  0.000000000000000e+00
3798        ,  1.146800000000000e+00,  1.285388332431196e+00,  1.417909938821561e+02
5168        ,  0.000000000000000e+00,  1.494194776453145e-01,  0.000000000000000e+00
5757        ,  5.346700000000000e+00,  5.403745336166854e+00,  6.558420000000000e+02
5181        ,  0.000000000000000e+00,  1.494194776453145e-01,  0.000000000000000e+00
3006        ,  1.215300000000000e+00,  8.030440180673997e-01,  8.158504770774181e+01
3644        ,  5.740000000000003e-01,  7.018552090326442e-01,  6.895471744618365e+01
3465        ,  1.376900000000000e+00,  1.376823541573178e+00,  1.532038852879757e+02
3925        ,  4.481500000000000e+00,  4.415750180018368e+00,  5.325210000000000e+02
4527        ,  2.819700000000000e+00,  2.499261796112455e+00,  2.933059972534265e+02
3271        ,  0.000000000000000e+00,  1.494194776453145e-01,  0.000000000000000e+00
3674        ,  4.303999999999999e-01,  3.453985459971866e-01,  2.446199714423395e+01
3441        ,  2.360700000000000e+00,  2.126866286004609e+00,  2.468237990197464e+02
5065        ,  7.812999999999999e-01,  7.907161123536677e-01,  8.004628544654842e+01
3690        ,  2.423100000000000e+00,  2.308274282897127e+00,  2.694670432153890e+02
4214        ,  7.783000000000002e-01,  9.794069906666278e-01,  1.035985748071001e+02
5275        ,  0.000000000000000e+00,  1.494194776453145e-01,  0.000000000000000e+00
5366        ,  4.962000000000000e-01,  4.153887720498955e-01,  3.319813781590840e+01
3896        ,  5.040999999999999e+00,  4.328768535283862e+00,  5.216640000000000e+02
5671        ,  3.270300000000000e+00,  2.440004873005491e+00,  2.859095814218334e+02
4686        ,  5.896000000000001e-01,  2.019903534196630e+00,  2.334727684669919e+02
5490        ,  2.288300000000000e+00,  2.448427089646422e+00,  2.869608377684993e+02
4550        ,  0.000000000000000e+00,  1.494194776453145e-01,  0.000000000000000e+00
5822        ,  0.000000000000000e+00,  1.494194776453145e-01,  0.000000000000000e+00
3256        ,  1.546800000000000e+00,  5.732455127916789e-01,  5.290172745789221e+01
4661        ,  5.475600000000000e+00,  5.099723531013733e+00,  6.178941691832532e+02
4855        ,  1.489400000000000e+00,  1.685342158603499e+00,  1.917130056354018e+02
5656        ,  2.185500000000000e+00,  2.253259927025411e+00,  2.626001822411877e+02
5135        ,  1.470899999999999e+00,  1.494194776453145e-01,  0.000000000000000e+00
3550        ,  2.619400000000000e+00,  1.864344298991255e+00,  2.140559521745454e+02
5684        ,  4.439300000000000e+00,  5.243001141642296e+00,  6.357780000000001e+02
3012        ,  0.000000000000000e+00,  1.494194776453145e-01,  0.000000000000000e+00
3826        ,  3.180200000000001e+00,  3.391170224342503e+00,  4.046335058887293e+02
3531        ,  4.588000000000001e-01,  4.783308083988743e-01,  4.105452741082443e+01
4370        ,  8.121000000000000e-01,  1.010514510480029e+00,  1.074813979434636e+02
4032        ,  5.322200000000000e+00,  4.846311334248379e+00,  5.862634012358409e+02
5577        ,  2.700600000000000e+00,  2.955591419467039e+00,  3.502648043199391e+02
5212        ,  0.000000000000000e+00,  1.494194776453145e-01,  0.000000000000000e+00
4913        ,  1.940700000000000e+00,  1.766330030946264e+00,  2.018218663347969e+02
4684        ,  0.000000000000000e+00,  1.494194776453145e-01,  0.000000000000000e+00
5906        ,  0.000000000000000e+00,  3.402508762661631e+00,  4.060487758678900e+02
3155        ,  0.000000000000000e+00,  1.494194776453145e-01,  0.000000000000000e+00
4511        ,  3.130800000000000e+00,  2.809326544287949e+00,  3.320081048212529e+02
4340        ,  0.000000000000000e+00,  1.494194776453145e-01,  0.000000000000000e+00
3834        ,  0.000000000000000e+00,  1.494194776453145e-01,  0.000000000000000e+00
4348        ,  2.519400000000000e+00,  2.018997053348186e+00,  2.333596220370573e+02
3022        ,  0.000000000000000e+00,  1.494194776453145e-01,  0.000000000000000e+00
3584        ,  3.670800000000000e+00,  3.782467404879398e+00,  4.534750000000001e+02
5286        ,  3.213700000000000e+00,  3.120497085950689e+00,  3.708482369105478e+02
4039        ,  6.776000000000000e-01,  8.507379978327765e-01,  8.753818345141754e+01
5364        ,  0.000000000000000e+00,  1.494194776453145e-01,  0.000000000000000e+00
3560        ,  1.123000000000000e+00,  3.664242419296603e-01,  2.708641269116494e+01
3698        ,  4.599200000000000e+00,  4.394176604301138e+00,  5.298281984063201e+02
3762        ,  3.050900000000000e+00,  3.164210584099487e+00,  3.763045311764255e+02
3353        ,  1.561700000000000e+00,  1.446022207509785e+00,  1.618412238709249e+02
4694        ,  2.325100000000000e+00,  2.906305791960992e+00,  3.441130000000001e+02
5479        ,  1.344900000000000e+00,  1.070613127776670e+00,  1.149828735706632e+02
5805        ,  3.861999999999999e-01,  5.738178038431582e-01,  5.297316050523082e+01
4896        ,  0.000000000000000e+00,  1.494194776453145e-01,  0.000000000000000e+00
4227        ,  4.606999999999999e-01,  1.065730358148816e+00,  1.143734090105090e+02
4874        ,  2.149500000000000e+00,  1.377210155972400e+00,  1.532521422799555e+02
3245        ,  0.000000000000000e+00,  1.494194776453145e-01,  0.000000000000000e+00
5916        ,  9.017999999999997e-01,  1.078647186173741e+00,  1.159856802235293e+02
4408        ,  7.400000000000002e-01,  1.494194776453145e-01,  0.000000000000000e+00
4236        ,  1.189800000000000e+00,  1.425508266990686e+00,  1.592806853470137e+02
5331        ,  1.814300000000000e+00,  1.232133102664602e+00,  1.351437060395230e+02
3784        ,  2.679300000000000e+00,  2.631677227845755e+00,  3.098340170065194e+02
3934        ,  1.132800000000000e+00,  1.019205222293464e+00,  1.085661677066299e+02
4437        ,  0.000000000000000e+00,  1.494194776453145e-01,  0.000000000000000e+00
3823        ,  1.302100000000000e+00,  1.381777204538721e+00,  1.538221987146883e+02
4080        ,  2.228600000000000e+00,  2.594754346757806e+00,  3.052253237449072e+02
5511        ,  1.303200000000000e+00,  1.388053016157965e+00,  1.546055419931248e+02
4409        ,  2.585300000000000e+00,  2.269806150174606e+00,  2.646654725133955e+02
3187        ,  0.000000000000000e+00,  1.494194776453145e-01,  0.000000000000000e+00
4300        ,  4.141800000000000e+00,  3.898419306894388e+00,  4.679480512284431e+02
4498        ,  0.000000000000000e+00,  1.494194776453145e-01,  0.000000000000000e+00
3192        ,  1.573799999999999e+00,  1.710739226565440e+00,  1.948830533817329e+02
4131        ,  8.060000000000000e-01,  5.445925371308594e-01,  4.932527914285929e+01
4086        ,  1.453300000000000e+00,  7.379515328578570e-01,  7.346024029490100e+01
3601        ,  2.851500000000000e+00,  2.799319250210545e+00,  3.307590000000000e+02
3444        ,  2.131800000000000e+00,  2.221170225563367e+00,  2.585947637435630e+02
4129        ,  2.116100000000000e+00,  2.052625511412034e+00,  2.375571072687242e+02
4735        ,  0.000000000000000e+00,  1.494194776453145e-01,  0.000000000000000e+00
4482        ,  1.776600000000000e+00,  2.781781917584236e+00,  3.285700000000000e+02
4586        ,  1.556100000000000e+00,  1.875692405290252e+00,  2.154724164235750e+02
3064        ,  0.000000000000000e+00,  2.083126785491859e-01,  7.351016230665423e+00
5408        ,  2.319000000000000e+00,  1.590331343543149e+00,  1.798538091088386e+02
4861        ,  0.000000000000000e+00,  1.494194776453145e-01,  0.000000000000000e+00
4610        ,  1.037200000000000e+00,  1.005020700284412e+00,  1.067956636431309e+02
4383        ,  5.411300000000000e+00,  4.841581291829044e+00,  5.856730000000000e+02
4891        ,  2.943400000000000e+00,  1.494194776453145e-01,  0.000000000000000e+00
5178        ,  1.411000000000000e+00,  7.964062848156547e-01,  8.075652957458668e+01
5588        ,  0.000000000000000e+00,  1.494194776453145e-01,  0.000000000000000e+00
3720        ,  2.619999999999978e-02,  1.494194776453145e-01,  0.000000000000000e+00
4890        ,  2.595300000000000e+00,  2.709165022689370e+00,  3.195060000000000e+02
4512        ,  7.999000000000001e-01,  5.142384711712300e-01,  4.553650169297788e+01
5514        ,  0.000000000000000e+00,  1.494194776453145e-01,  0.000000000000000e+00
3501        ,  1.934100000000000e+00,  1.941860486035128e+00,  2.237314790665020e+02
5517        ,  1.991000000000000e+00,  1.761698175997995e+00,  2.012437208038997e+02
3513        ,  2.600500000000000e+00,  2.444362551423029e+00,  2.864535043922903e+02
3239        ,  9.895999999999999e-01,  1.276497104975247e+00,  1.406811958692088e+02
3963        ,  0.000000000000000e+00,  1.494194776453145e-01,  0.000000000000000e+00
3071        ,  0.000000000000000e+00,  1.494194776453145e-01,  0.000000000000000e+00
5146        ,  3.059299999999999e+00,  3.198550590704006e+00,  3.805908314969500e+02
4277        ,  2.930600000000000e+00,  2.665216026978204e+00,  3.140203110607700e+02
4506        ,  1.594500000000000e+00,  1.769432450556225e+00,  2.022091086065217e+02
3758        ,  0.000000000000000e+00,  1.494194776453145e-01,  0.000000000000000e+00
4810        ,  2.130700000000000e+00,  2.346265856353228e+00,  2.742091300576403e+02
4125        ,  1.822700000000000e+00,  1.593252790127326e+00,  1.802184624292170e+02
3651        ,  2.001500000000000e+00,  2.003305450410479e+00,  2.314010049792321e+02
3822        ,  1.651400000000000e+00,  1.151303812206931e+00,  1.250546394418805e+02
3521        ,  0.000000000000000e+00,  1.494194776453145e-01,  0.000000000000000e+00
3018        ,  0.000000000000000e+00,  1.950142138289572e-01,  5.691109339870049e+00
4198        ,  4.097700000000001e+00,  3.918795411842821e+00,  4.704913851939065e+02
3040        ,  0.000000000000000e+00,  1.494194776453145e-01,  0.000000000000000e+00
4677        ,  0.000000000000000e+00,  1.718977284884041e+00,  1.959113231901281e+02
4495        ,  0.000000000000000e+00,  1.494194776453145e-01,  0.000000000000000e+00
5520        ,  0.000000000000000e+00,  1.494194776453145e-01,  0.000000000000000e+00
3661        ,  4.347600000000000e+00,  3.971588589884717e+00,  4.770810000000000e+02
4706        ,  3.862500000000000e+00,  4.044994405587117e+00,  4.862434726517131e+02
3787        ,  0.000000000000000e+00,  1.494194776453145e-01,  0.000000000000000e+00
3249        ,  0.000000000000000e+00,  1.494194776453145e-01,  0.000000000000000e+00
4790        ,  1.588000000000000e+00,  6.404850533855416e-01,  6.129452911686060e+01
4553        ,  3.322600000000000e+00,  3.308542387282470e+00,  3.943199457152126e+02
4068        ,  6.594600000000000e+00,  5.507823677029521e+00,  6.688330000000001e+02
4203        ,  1.323500000000000e+00,  1.504795451231217e+00,  1.691772671135109e+02
3957        ,  2.369100000000000e+00,  1.804998988710783e+00,  2.066485039056410e+02
3015        ,  0.000000000000000e+00,  1.494194776453145e-01,  0.000000000000000e+00
3202        ,  0.000000000000000e+00,  1.494194776453145e-01,  0.000000000000000e+00
4841        ,  4.640900000000000e+00,  3.804058593288672e+00,  4.561700000000000e+02
5828        ,  3.484800000000000e+00,  2.906160733713966e+00,  3.440948939111491e+02
3304        ,  2.330000000000010e-02,  3.245284220095140e-01,  2.185700000000001e+01
4031        ,  3.750400000000000e+00,  3.603480859331491e+00,  4.311340000000000e+02
3288        ,  0.000000000000000e+00,  1.494194776453145e-01,  0.000000000000000e+00
3496        ,  4.153700000000000e+00,  3.821595925914980e+00,  4.583590000000000e+02
3796        ,  3.416900000000000e+00,  2.858100159063550e+00,  3.380960000000000e+02
5409        ,  5.116999999999998e-01,  1.494194776453145e-01,  0.000000000000000e+00
5518        ,  0.000000000000000e+00,  1.494194776453145e-01,  0.000000000000000e+00
5282        ,  3.805300000000000e+00,  3.733687871241965e+00,  4.473863660322464e+02
5063        ,  0.000000000000000e+00,  1.494194776453145e-01,  0.000000000000000e+00
3767        ,  0.000000000000000e+00,  1.494194776453145e-01,  0.000000000000000e+00
3252        ,  4.925999999999999e-01,  2.956555649337047e-01,  1.825310621035196e+01
3014        ,  1.998000000000002e-01,  1.494194776453145e-01,  0.000000000000000e+00
5068        ,  2.732000000000000e+00,  2.505156393942689e+00,  2.940417576410138e+02
3899        ,  3.063600000000000e+00,  2.451901532207845e+00,  2.873945157358970e+02
4141        ,  3.190800000000000e+00,  3.508615338879499e+00,  4.192929390647763e+02
5266        ,  2.960300000000000e+00,  3.084789303733134e+00,  3.663912116068840e+02
4921        ,  3.986700000000000e+00,  3.541411431402917e+00,  4.233865288975918e+02
5838        ,  1.495700000000000e+00,  1.818426794262332e+00,  2.083245550462943e+02
4786        ,  1.332600000000000e+00,  1.111923367301455e+00,  1.201391944460566e+02
5692        ,  2.643300000000000e+00,  2.382161712252192e+00,  2.786896306124942e+02
3463        ,  1.951400000000000e+00,  1.967909536794230e+00,  2.269829069390699e+02
3366        ,  0.000000000000000e+00,  1.494194776453145e-01,  0.000000000000000e+00
3028        ,  0.000000000000000e+00,  1.494194776453145e-01,  0.000000000000000e+00
3709        ,  2.167100000000000e+00,  1.769932344705887e+00,  2.022715051132726e+02
5803        ,  2.048100000000000e+00,  2.130710272703240e+00,  2.473036032786152e+02
3373        ,  0.000000000000000e+00,  1.494194776453145e-01,  0.000000000000000e+00
3043        ,  8.247000000000004e-01,  1.050424335030584e+00,  1.124629198090014e+02
4325        ,  2.300000000000000e-01,  4.560373740924291e+00,  5.505728315737560e+02
4983        ,  0.000000000000000e+00,  3.494580854660398e+00,  4.175411626338768e+02
3757        ,  1.403600000000000e+00,  1.354346796694444e+00,  1.503983506272634e+02
5835        ,  0.000000000000000e+00,  1.494194776453145e-01,  0.000000000000000e+00
4208        ,  9.359000000000002e-01,  7.053709837255628e-01,  6.939355446700024e+01
5614        ,  1.138500000000000e+00,  1.194148237941108e+00,  1.304024565775044e+02
4094        ,  1.604600000000000e+00,  1.336712297653968e+00,  1.481972223700680e+02
5313        ,  3.138300000000000e+00,  3.158149385985379e+00,  3.755479758350574e+02
5560        ,  3.030600000000000e+00,  2.530287601649966e+00,  2.971786208598082e+02
3260        ,  0.000000000000000e+00,  1.494194776453145e-01,  0.000000000000000e+00
4778        ,  3.289100000000000e+00,  3.074447368553964e+00,  3.651003370714235e+02
4478        ,  0.000000000000000e+00,  1.494194776453145e-01,  0.000000000000000e+00
5362        ,  1.485500000000000e+00,  1.141278718847593e+00,  1.238033129242622e+02
4615        ,  0.000000000000000e+00,  1.494194776453145e-01,  0.000000000000000e+00
4697        ,  9.560000000000013e-02,  1.494194776453145e-01,  0.000000000000000e+00
3244        ,  0.000000000000000e+00,  1.494194776453145e-01,  0.000000000000000e+00
5219        ,  2.218200000000000e+00,  1.970309259751264e+00,  2.272824390095894e+02
5330        ,  5.059900000000001e+00,  4.636368269650177e+00,  5.600584259298447e+02
3983        ,  0.000000000000000e+00,  1.494194776453145e-01,  0.000000000000000e+00
5497        ,  0.000000000000000e+00,  1.214155533100810e+00,  1.328997559124608e+02
5238        ,  2.869999999999995e-02,  1.494194776453145e-01,  0.000000000000000e+00
3079        ,  3.068500000000000e+00,  2.373225501966307e+00,  2.775742178680009e+02
3656        ,  2.389100000000000e+00,  2.088000728940784e+00,  2.419726220348789e+02
5796        ,  1.643200000000000e+00,  1.460332251804982e+00,  1.636273955556196e+02
5704        ,  2.854299999999999e+00,  2.987065675243103e+00,  3.541934032330057e+02
5189        ,  6.053000000000002e-01,  5.235762820295031e-01,  4.670204199516134e+01
2997        ,  0.000000000000000e+00,  1.494194776453145e-01,  0.000000000000000e+00
4912        ,  0.000000000000000e+00,  1.494194776453145e-01,  0.000000000000000e+00
5034        ,  2.416000000000000e-01,  1.494194776453145e-01,  0.000000000000000e+00
3732        ,  0.000000000000000e+00,  1.494194776453145e-01,  0.000000000000000e+00
3415        ,  1.425400000000000e+00,  1.575703415269626e-01,  1.017386247790131e+00
4663        ,  1.831000000000000e+00,  1.375168090158059e+00,  1.529972527729340e+02
5472        ,  0.000000000000000e+00,  1.494194776453145e-01,  0.000000000000000e+00
4618        ,  9.976000000000003e-01,  1.101919841603072e+00,  1.188905599917549e+02
5698        ,  2.943900000000000e+00,  2.965035493574333e+00,  3.514436083411307e+02
4062        ,  5.457999999999998e-01,  3.241227669302836e-01,  2.180636636104495e+01
3569        ,  2.146999999999997e-01,  1.494194776453145e-01,  0.000000000000000e+00
5396        ,  3.100000000000103e-03,  1.494194776453145e-01,  0.000000000000000e+00
3433        ,  0.000000000000000e+00,  1.494194776453145e-01,  0.000000000000000e+00
3761        ,  3.577100000000000e+00,  2.960188824247253e+00,  3.508386498002257e+02
4096        ,  3.949999999999998e-02,  1.402726706321006e+00,  1.564371037506245e+02
5882        ,  0.000000000000000e+00,  1.494194776453145e-01,  0.000000000000000e+00
3911        ,  1.346200000000000e+00,  1.568655629817729e+00,  1.771482587063923e+02
4721        ,  2.367300000000000e+00,  3.342995230488624e+00,  3.986203302369234e+02
3785        ,  1.859500000000000e+00,  1.920431365551973e+00,  2.210567082939356e+02
5293        ,  2.833800000000000e+00,  2.799848014008323e+00,  3.308250000000000e+02
4773        ,  2.457200000000000e+00,  2.045478329178153e+00,  2.366650000000000e+02
5682        ,  3.568200000000000e+00,  3.184435549592302e+00,  3.788290000000000e+02
4144        ,  7.689000000000000e-01,  4.175485799246631e-01,  3.346772382072498e+01
3749        ,  2.032700000000000e+00,  2.043600798397338e+00,  2.364306476633716e+02
3296        ,  6.007300000000000e+00,  5.985557141090647e+00,  7.284634224315730e+02
5247        ,  0.000000000000000e+00,  1.494194776453145e-01,  0.000000000000000e+00
4033        ,  5.497999999999998e-01,  8.817349333667996e-01,  9.140720352019284e+01
3229        ,  5.016000000000003e-01,  6.368632032928078e-01,  6.084245182426818e+01
4329        ,  2.076200000000000e+00,  1.680342735776345e+00,  1.910889804884862e+02
4845        ,  0.000000000000000e+00,  1.494194776453145e-01,  0.000000000000000e+00
3319        ,  9.309000000000001e-01,  3.581865700859291e-01,  2.605819112234573e+01
4634        ,  1.984300000000000e+00,  1.762374751196632e+00,  2.013281705398643e+02
3485        ,  1.129800000000000e+00,  1.304623302518598e+00,  1.441918920357418e+02
3652        ,  1.815100000000000e+00,  1.672921923590657e+00,  1.901627188829954e+02
3196        ,  0.000000000000000e+00,  1.494194776453145e-01,  0.000000000000000e+00
3326        ,  1.114300000000000e+00,  7.953449069135826e-01,  8.062404898149180e+01
4509        ,  2.598600000000000e+00,  1.363968612799070e+00,  1.515993403046462e+02
3405        ,  2.360100000000000e+00,  2.174257707977579e+00,  2.527391696698533e+02
5728        ,  3.545400000000000e+00,  3.845830933313146e+00,  4.613840000000000e+02
5687        ,  3.023600000000000e+00,  2.928307125648308e+00,  3.468591941030465e+02
5262        ,  2.010999999999994e-01,  2.289984292109270e-01,  9.933000000000000e+00
4558        ,  0.000000000000000e+00,  1.494194776453145e-01,  0.000000000000000e+00
3358        ,  0.000000000000000e+00,  1.494194776453145e-01,  0.000000000000000e+00
3182        ,  0.000000000000000e+00,  1.494194776453145e-01,  0.000000000000000e+00
4229        ,  6.249999999999996e-01,  3.942430459522111e-01,  3.055874017122942e+01
5741        ,  1.094500000000000e+00,  1.162619378595428e+00,  1.264670420775732e+02
4769        ,  1.221900000000000e+00,  1.331782976267183e+00,  1.475819472455326e+02
5538        ,  0.000000000000000e+00,  1.494194776453145e-01,  0.000000000000000e+00
3718        ,  0.000000000000000e+00,  1.494194776453145e-01,  0.000000000000000e+00
5220        ,  2.462000000000000e-01,  9.088318050899736e-01,  9.478941981647529e+01
4156        ,  3.097000000000000e+00,  3.097502431502266e+00,  3.679780570684841e+02
5595        ,  1.449800000000000e+00,  1.403552274969446e+00,  1.565401507652385e+02
3518        ,  1.070500000000000e+00,  1.147970863655496e+00,  1.246386226772701e+02
4242        ,  5.707000000000000e-01,  6.919869050761159e-01,  6.772296129368677e+01
4813        ,  4.401000000000000e+00,  3.949924865648545e+00,  4.743769461188618e+02
4076        ,  3.507100000000000e+00,  3.178918464122495e+00,  3.781403604930267e+02
5496        ,  2.170000000000000e+00,  2.251436427180615e+00,  2.623725740156203e+02
5813        ,  4.605999999999999e-01,  1.494194776453145e-01,  0.000000000000000e+00
4416        ,  8.491000000000000e-01,  1.058253276614816e+00,  1.134401238965931e+02
4109        ,  3.027700000000000e+00,  2.895541555314302e+00,  3.427694140327557e+02
4907        ,  3.617400000000000e+00,  3.665387477763741e+00,  4.388611493125986e+02
3926        ,  7.533000000000000e-01,  6.824859755050920e-01,  6.653706060547312e+01
4193        ,  4.166600000000000e+00,  3.853321753781671e+00,  4.623190000000001e+02
3967        ,  2.306200000000000e+00,  2.187157148277914e+00,  2.543492705568646e+02
5159        ,  2.832700000000000e+00,  2.602733469929090e+00,  3.062212734137719e+02
5320        ,  0.000000000000000e+00,  1.494194776453145e-01,  0.000000000000000e+00
3838        ,  1.593100000000000e+00,  1.039416729335230e+00,  1.110889566539100e+02
5030        ,  2.814400000000000e+00,  2.551681538251109e+00,  2.998490000000000e+02
3875        ,  2.401300000000000e+00,  2.480414344150417e+00,  2.909534688944097e+02
5355        ,  1.801200000000000e+00,  1.234646096259540e+00,  1.354573764873920e+02
4324        ,  0.000000000000000e+00,  1.827331756308482e-01,  4.158197055630678e+00
5629        ,  8.353000000000002e-01,  8.778797363843545e-01,  9.092600000000000e+01
3781        ,  1.123700000000000e+00,  1.237593850203606e+00,  1.358253134776432e+02
3148        ,  4.490000000000016e-02,  1.494194776453145e-01,  0.000000000000000e+00
4923        ,  2.503000000000000e+00,  3.680239737308954e+00,  4.407150000000001e+02
5524        ,  0.000000000000000e+00,  1.494194776453145e-01,  0.000000000000000e+00
4304        ,  3.197500000000000e+00,  3.701149309691714e+00,  4.433249210707333e+02
4579        ,  0.000000000000000e+00,  1.494194776453145e-01,  0.000000000000000e+00
4652        ,  3.696700000000000e+00,  3.491604305313761e+00,  4.171696314176635e+02
4960        ,  0.000000000000000e+00,  1.494194776453145e-01,  0.000000000000000e+00
3333        ,  0.000000000000000e+00,  1.494194776453145e-01,  0.000000000000000e+00
4414        ,  0.000000000000000e+00,  1.494194776453145e-01,  0.000000000000000e+00
3645        ,  0.000000000000000e+00,  1.494194776453145e-01,  0.000000000000000e+00
4365        ,  4.376200000000001e+00,  4.735740404973783e+00,  5.724620000000000e+02
4940        ,  4.171100000000000e+00,  4.613684094986660e+00,  5.572270000000001e+02
4100        ,  0.000000000000000e+00,  1.494194776453145e-01,  0.000000000000000e+00
4040        ,  3.755400000000000e+00,  4.543711019080682e+00,  5.484929999999999e+02
4789        ,  3.575900000000000e+00,  3.587871290719868e+00,  4.291856224206421e+02
4275        ,  3.135000000000000e+00,  2.294900476903011e+00,  2.677977322691391e+02
4197        ,  1.164100000000000e+00,  9.687520431950829e-01,  1.022686302532617e+02
3154        ,  0.000000000000000e+00,  1.494194776453145e-01,  0.000000000000000e+00
4442        ,  8.890999999999998e-01,  6.704994109732575e-01,  6.504090435872305e+01
3802        ,  3.640600000000001e+00,  3.651497338065402e+00,  4.371273898836390e+02
5018        ,  1.576900000000000e+00,  1.312452244102830e+00,  1.451690961233335e+02
4392        ,  4.559800000000000e+00,  5.048768573258451e+00,  6.115340000000000e+02
3324        ,  2.361700000000000e+00,  2.294271858950829e+00,  2.677192685297184e+02
3215        ,  2.198300000000000e+00,  1.925503321391461e+00,  2.216897869706771e+02
4996        ,  0.000000000000000e+00,  1.494194776453145e-01,  0.000000000000000e+00
3052        ,  4.224600000000000e+00,  4.203554721479810e+00,  5.060348821485265e+02
4918        ,  1.971800000000000e+00,  1.721338002959006e+00,  1.962059866931939e+02
3380        ,  3.602999999999998e-01,  7.352268594451679e-01,  7.312014809117390e+01
3617        ,  2.533399999999999e+00,  2.523045724267780e+00,  2.962746937959043e+02
3474        ,  3.947700000000000e+00,  3.643668851685031e+00,  4.361502426143374e+02
3677        ,  0.000000000000000e+00,  1.494194776453145e-01,  0.000000000000000e+00
3637        ,  3.929200000000000e+00,  3.442384155608412e+00,  4.110260000000000e+02
3997        ,  2.932200000000000e+00,  2.698060982936028e+00,  3.181200000000001e+02
5105        ,  1.147400000000000e+00,  1.428433859450265e+00,  1.596458561532293e+02
4114        ,  2.924900000000000e+00,  3.544570478007081e+00,  4.237808393189007e+02
5258        ,  3.733000000000000e-01,  8.862344139112380e-01,  9.196882615241684e+01
3833        ,  2.096400000000000e+00,  1.949979388418775e+00,  2.247448758980785e+02
3095        ,  0.000000000000000e+00,  1.494194776453145e-01,  0.000000000000000e+00
5315        ,  1.127500000000000e+00,  1.244093099878906e+00,  1.366365461686335e+02
5049        ,  3.301000000000000e+00,  3.240111638620297e+00,  3.857784581347821e+02
3790        ,  0.000000000000000e+00,  1.494194776453145e-01,  0.000000000000000e+00
3618        ,  3.023200000000000e+00,  7.580471956194664e-01,  7.596856962425248e+01
3301        ,  1.573000000000000e+00,  1.494194776453145e-01,  0.000000000000000e+00
4357        ,  2.144500000000000e+00,  1.494194776453145e-01,  0.000000000000000e+00
3352        ,  2.475100000000000e+00,  2.166483451982710e+00,  2.517687914067851e+02
4411        ,  0.000000000000000e+00,  1.494194776453145e-01,  0.000000000000000e+00
5077        ,  1.153900000000000e+00,  1.228298607564934e+00,  1.346650865167011e+02
3554        ,  3.720300000000000e+00,  3.514704515667235e+00,  4.200529866884586e+02
4259        ,  0.000000000000000e+00,  1.494194776453145e-01,  0.000000000000000e+00
3487        ,  0.000000000000000e+00,  1.494194776453145e-01,  0.000000000000000e+00
4917        ,  2.182400000000000e+00,  2.035817057407422e+00,  2.354590854885535e+02
5549        ,  2.207500000000000e+00,  3.106707271318913e+00,  3.691270000000000e+02
3735        ,  4.644100000000000e+00,  4.051960687146997e+00,  4.871130000000000e+02
5911        ,  1.002100000000000e+00,  1.729389851167850e+00,  1.972110138603652e+02
4467        ,  1.254100000000000e+00,  1.009479455933559e+00,  1.073522030168176e+02
3445        ,  0.000000000000000e+00,  1.494194776453145e-01,  0.000000000000000e+00
3325        ,  6.866999999999999e-01,  2.124729096866808e+00,  2.465570362729631e+02
3261        ,  0.000000000000000e+00,  1.494194776453145e-01,  0.000000000000000e+00
4281        ,  2.025100000000000e+00,  1.667852850264920e+00,  1.895300000000000e+02
3654        ,  0.000000000000000e+00,  1.494194776453145e-01,  0.000000000000000e+00
4235        ,  2.754999999999999e-01,  3.817926506514223e-01,  2.900468882863577e+01
5206        ,  2.109000000000000e+00,  2.205782982897209e+00,  2.566741367637399e+02
3947        ,  5.163000000000002e-01,  5.236901947651734e-01,  4.671626051879292e+01
4924        ,  3.480100000000000e+00,  3.521786852574766e+00,  4.209370000000000e+02
4935        ,  3.557399999999999e+00,  3.576277309895851e+00,  4.277384682516152e+02
5144        ,  1.861700000000000e+00,  1.126613678631015e+00,  1.219728308482177e+02
3332        ,  0.000000000000000e+00,  1.494194776453145e-01,  0.000000000000000e+00
3039        ,  1.061300000000000e+00,  1.275846513551756e+00,  1.405999894134514e+02
4388        ,  0.000000000000000e+00,  1.494194776453145e-01,  0.000000000000000e+00
3816        ,  3.645000000000000e+00,  3.163465333974671e+00,  3.762115094747801e+02
5842        ,  5.800000000000005e-02,  1.494194776453145e-01,  0.000000000000000e+00
3142        ,  0.000000000000000e+00,  1.494194776453145e-01,  0.000000000000000e+00
3944        ,  1.181500000000000e+00,  2.015579033451142e+00,  2.329329867149099e+02
3008        ,  0.000000000000000e+00,  1.494194776453145e-01,  0.000000000000000e+00
3515        ,  0.000000000000000e+00,  1.494194776453145e-01,  0.000000000000000e+00
4016        ,  1.261500000000000e+00,  2.057293106538062e+00,  2.381397138685186e+02
3628        ,  1.788400000000000e+00,  1.545846675142314e+00,  1.743012578056064e+02
5619        ,  0.000000000000000e+00,  1.494194776453145e-01,  0.000000000000000e+00
3269        ,  0.000000000000000e+00,  1.494194776453145e-01,  0.000000000000000e+00
3019        ,  3.700100000000000e+00,  2.616695919875929e+00,  3.079640585673009e+02
4112        ,  5.923999999999998e-01,  1.494194776453145e-01,  0.000000000000000e+00
5264        ,  0.000000000000000e+00,  1.494194776453145e-01,  0.000000000000000e+00
5530        ,  0.000000000000000e+00,  1.780161762166340e-01,  3.569423840357063e+00
5810        ,  1.667300000000000e+00,  1.797629195301372e+00,  2.057286104351255e+02
4780        ,  3.433200000000000e+00,  3.511128332474438e+00,  4.196066095126452e+02
3303        ,  0.000000000000000e+00,  1.494194776453145e-01,  0.000000000000000e+00
4836        ,  2.266100000000000e+00,  2.311458764659135e+00,  2.698645284388019e+02
3819        ,  0.000000000000000e+00,  1.494194776453145e-01,  0.000000000000000e+00
5097        ,  1.196899999999999e+00,  1.293024870541959e+00,  1.427441822763468e+02
3763        ,  0.000000000000000e+00,  1.494194776453145e-01,  0.000000000000000e+00
3413        ,  1.719700000000000e+00,  1.386276685083160e+00,  1.543838213469124e+02
3021        ,  0.000000000000000e+00,  1.494194776453145e-01,  0.000000000000000e+00
5719        ,  2.343600000000000e+00,  1.955778604407095e+00,  2.254687307777759e+02
3743        ,  0.000000000000000e+00,  1.494194776453145e-01,  0.000000000000000e+00
5328        ,  0.000000000000000e+00,  1.494194776453145e-01,  0.000000000000000e+00
3455        ,  0.000000000000000e+00,  1.494194776453145e-01,  0.000000000000000e+00
4777        ,  1.779300000000000e+00,  1.829925466764786e+00,  2.097598128842001e+02
5400        ,  3.421000000000000e+00,  3.228996474642684e+00,  3.843910696153618e+02
3626        ,  3.394699999999999e+00,  3.333057428290988e+00,  3.973798993530390e+02
4443        ,  2.707600000000000e+00,  2.842865343420398e+00,  3.361943988755034e+02
3567        ,  3.290600000000000e+00,  3.319316720144979e+00,  3.956647918864400e+02
4372        ,  0.000000000000000e+00,  1.494194776453145e-01,  0.000000000000000e+00
5702        ,  3.637999999999995e-01,  4.885438936570148e-01,  4.232931897157361e+01
4597        ,  2.728600000000000e+00,  1.879760548160204e+00,  2.159801997297412e+02
5191        ,  2.255300000000000e+00,  2.170619094652317e+00,  2.522850000000000e+02
3138        ,  0.000000000000000e+00,  1.494194776453145e-01,  0.000000000000000e+00
3539        ,  2.172700000000000e+00,  2.200866338074799e+00,  2.560604439208437e+02
4979        ,  1.930300000000000e+00,  1.925810172154959e+00,  2.217280879104842e+02
5128        ,  4.194100000000000e+00,  4.050021886555144e+00,  4.868710000000000e+02
5207        ,  0.000000000000000e+00,  1.494194776453145e-01,  0.000000000000000e+00
4572        ,  2.515200000000000e+00,  2.345195958022762e+00,  2.740755859494630e+02
5198        ,  3.256600000000000e+00,  3.189271845122694e+00,  3.794326636894340e+02
