# FEAT_ID     Feature Postfix Expression (RPN)
0             24|0|mult
1             5|28|div
2             29|inv
3             24|14|mult
4             12|sq
5             12|4|mult
6             2|17|div
7             2|28|div
8             0|18|div
9             20|cbrt
10            25|1|div
11            0|6|div
12            20|1|div
13            12|sin
14            14
15            0|11|div
16            7|3|mult
17            26|1|div
18            12|2|mult
19            26|25|mult
20            0|12|div
21            24|10|mult
22            25|6|div
23            20|sqrt
24            27|21|mult
25            14|24|div
26            0|8|div
27            29|6|div
28            14|10|add
29            25|sq
30            15|5|mult
31            0|27|div
32            25|10|add
33            2|cbrt
34            14|28|div
35            10
36            1|18|div
37            1|sq
38            17|10|mult
39            25|14|add
40            27|24|mult
41            25|20|add
42            26|11|div
43            24|8|div
44            29|26|mult
45            8|6|div
46            0|14|div
47            10|24|div
48            20|14|add
49            0|22|div
50            10|2|mult
51            26|6|div
52            26|20|mult
53            0|25|div
54            20|10|add
55            20|6|div
56            20|24|div
57            6|27|div
58            26|2|mult
59            0|20|div
60            22|5|mult
61            6|sq
62            8|inv
63            22|21|mult
64            0|29|div
65            26|sp
66            14|17|div
67            21|19|mult
68            29|25|add
69            29|14|add
70            12|nexp
71            27|cbrt
72            0|13|div
73            25|2|mult
74            28|8|mult
75            20
76            29|2|mult
77            10|28|div
78            22|2|mult
79            10|1|div
80            10|6|div
81            29|10|add
82            0|26|div
83            20|11|div
84            1|11|div
85            20|2|mult
86            26|14|mult
87            25|cb
88            29|cbrt
89            29|8|div
90            7|inv
91            24|20|mult
92            13|2|mult
93            6|23|div
94            24|22|mult
95            10|17|div
96            26|8|div
97            27|sqrt
98            0|10|div
99            29|24|div
100           29|sqrt
101           29|20|add
102           22|cbrt
103           24|7|div
104           2|sqrt
105           14|2|mult
106           24|13|div
107           12|28|div
108           2|20|div
109           6|22|div
110           27|2|mult
111           29|11|div
112           2|24|div
113           19|14|mult
114           20|8|div
115           12|1|mult
116           27|5|mult
117           6|1|mult
118           2
119           18|5|mult
120           14|1|div
121           4|1|mult
122           22|sqrt
123           26|10|mult
124           2|25|div
125           1|13|div
126           24|7|mult
127           25|20|mult
128           24|2|mult
129           24|12|mult
130           2|29|div
131           25|23|div
132           19|6|mult
133           25|8|div
134           11|2|mult
135           24|11|div
136           19|13|mult
137           10|5|mult
138           8|2|mult
139           29
140           17|0|mult
141           28|0|mult
142           24|12|div
143           13|inv
144           19|1|mult
145           12
146           26|8|add
147           29|25|mult
148           12|24|div
149           29|14|mult
150           6|18|div
151           13|5|mult
152           26|13|div
153           12|inv
154           25|14|mult
155           1|8|div
156           29|23|div
157           11|inv
158           26|13|add
159           11|5|mult
160           2|26|div
161           26|23|div
162           29|13|div
163           5|3|mult
164           26|12|mult
165           25|10|mult
166           1|10|div
167           25|sp
168           14|5|mult
169           20|14|mult
170           7
171           14|6|div
172           27
173           14|sq
174           22|28|div
175           29|10|mult
176           20|sq
177           22
178           19|7|mult
179           25|11|div
180           12|sqrt
181           20|13|div
182           14|12|mult
183           12|17|div
184           22|17|div
185           26|11|add
186           12|cbrt
187           14|8|add
188           29|21|mult
189           26|21|mult
190           18|2|mult
191           21|23|div
192           4|0|mult
193           29|20|mult
194           1|25|div
195           20|10|mult
196           29|24|mult
197           12|log
198           6|5|mult
199           8|5|mult
200           19|4|mult
201           19|10|mult
202           10|8|add
203           22|cb
204           29|sq
205           7|24|div
206           14|13|add
207           27|22|add
208           6|11|div
209           0|cbrt
210           8|25|div
211           8|20|div
212           20|23|div
213           17|1|mult
214           8|29|div
215           14|11|add
216           1|20|div
217           16|4|mult
218           13|10|add
219           14|cb
220           26|22|add
221           28|2|mult
222           17|2|mult
223           29|12|mult
224           25|8|add
225           22|sq
226           14|10|mult
227           7|4|mult
228           21|7|mult
229           6|4|mult
230           27|28|div
231           22|24|div
232           11|20|div
233           11|10|add
234           25|21|mult
235           19|11|mult
236           1|cbrt
237           25|13|add
238           20|8|add
239           12|6|mult
240           21|28|div
241           1|29|div
242           7|23|div
243           11|26|div
244           8|cbrt
245           7|sqrt
246           21|5|mult
247           29|cb
248           8|26|div
249           27|17|div
250           7|cbrt
251           0|2|div
252           1|28|div
253           20|12|mult
254           25|11|add
255           14|1|mult
256           12|10|mult
257           11|29|div
258           20|13|add
259           13|17|div
260           13|28|div
261           27|24|div
262           27|sq
263           10|sq
264           20|cb
265           1|sqrt
266           1|14|div
267           8|sqrt
268           19|8|mult
269           28|1|mult
270           27|cb
271           26|1|mult
272           0|sqrt
273           1|26|div
274           20|11|add
275           29|sp
276           21|20|mult
277           27|22|mult
278           11|25|div
279           24|1|mult
280           1
281           22|23|div
282           1|24|div
283           12|23|div
284           8|1|mult
285           29|8|add
286           27|26|add
287           8|28|div
288           12|8|mult
289           25|13|div
290           8|17|div
291           1|17|div
292           6|8|div
293           6|13|div
294           29|1|mult
295           25|12|mult
296           7|5|mult
297           22|14|add
298           10|1|mult
299           7|28|div
300           13|12|mult
301           11|17|div
302           22|10|add
303           13|1|mult
304           14|8|mult
305           26|22|mult
306           29|13|add
307           4|2|mult
308           13|29|div
309           13|cbrt
310           27|7|mult
311           20|1|mult
312           1|23|div
313           11|cbrt
314           11|28|div
315           10|cb
316           6|28|div
317           13|20|div
318           25|22|add
319           14|13|mult
320           12|11|mult
321           11|1|mult
322           24|8|mult
323           22|12|mult
324           8
325           22|14|mult
326           6|17|div
327           14|11|mult
328           21|17|div
329           7|17|div
330           8|24|div
331           29|11|add
332           25|7|mult
333           26|8|mult
334           22|7|mult
335           26|7|mult
336           12|7|mult
337           11|sqrt
338           13|sqrt
339           25|1|mult
340           22|10|mult
341           21|12|mult
342           13|25|div
343           22|20|add
344           10|23|div
345           10|6|mult
346           26|13|mult
347           13|26|div
348           13|10|mult
349           6|cbrt
350           10|8|mult
351           20|sp
352           14|6|mult
353           12|5|mult
354           21|6|mult
355           29|7|mult
356           20|7|mult
357           11|10|mult
358           11|8|add
359           27|23|div
360           22|1|mult
361           13|8|add
362           26|6|mult
363           27|12|mult
364           26|18|add
365           25|8|mult
366           5|1|mult
367           25|22|mult
368           27|14|add
369           21|1|mult
370           29|22|add
371           29|8|mult
372           26|11|mult
373           19|5|mult
374           20|8|mult
375           13|24|div
376           24|11|mult
377           6|1|add
378           25|13|mult
379           8|6|mult
380           29|6|mult
381           6|sqrt
382           18|1|mult
383           11
384           13|6|mult
385           27|10|add
386           11|24|div
387           13
388           27|26|mult
389           27|14|mult
390           13|11|add
391           27|1|mult
392           8|cb
393           21|18|mult
394           24|13|mult
395           18|23|div
396           20|6|mult
397           18|17|div
398           25|6|mult
399           25|11|mult
400           29|22|mult
401           22|20|mult
402           20|13|mult
403           18|14|add
404           14|7|mult
405           8|sq
406           6|25|div
407           7|6|mult
408           11|6|mult
409           13|23|div
410           29|13|mult
411           18|10|add
412           27|10|mult
413           27|25|add
414           6|24|div
415           14|23|div
416           22|6|mult
417           11|cb
418           20|11|mult
419           6
420           6|10|div
421           10|7|mult
422           6|20|div
423           6|14|div
424           18|12|mult
425           24|6|mult
426           29|11|mult
427           27|20|add
428           11|8|mult
429           21|4|mult
430           18|28|div
431           6|29|div
432           13|8|mult
433           18|14|mult
434           13|cb
435           11|sq
436           11|7|mult
437           18|10|mult
438           13|7|mult
439           13|sq
440           13|11|mult
441           6|26|div
442           21|14|mult
443           27|6|mult
444           11|23|div
445           25|18|add
446           20|18|add
447           29|27|add
448           22|8|add
449           27|25|mult
450           8|23|div
451           17|6|mult
452           21|10|mult
453           28|6|mult
454           18|6|mult
455           29|27|mult
456           18|7|mult
457           22|8|mult
458           22|13|add
459           27|20|mult
460           22|11|add
461           21|13|mult
462           22|13|mult
463           22|11|mult
464           21|11|mult
465           8|7|mult
466           7|1|mult
467           21|8|mult
468           18|sp
469           24|18|div
470           27|8|add
471           18|8|add
472           29|18|add
473           21|7|add
474           27|8|mult
475           18|inv
476           18|8|mult
477           27|13|add
478           26|18|mult
479           22|18|add
480           27|11|add
481           27|13|mult
482           27|11|mult
483           18|11|add
484           18|13|add
485           18|11|mult
486           25|18|mult
487           18|13|mult
488           20|18|mult
489           22|18|mult
490           29|18|mult
491           27|18|add
492           18|cbrt
493           18|sqrt
494           18|24|div
495           27|18|mult
496           18
497           24|18|mult
498           18|sq
499           18|cb
#-----------------------------------------------------------------------
500           14|9|add
501           18|21|div
502           25|9|abd
503           15|0|mult
504           20|9|add
505           10|18|div
506           17|2|div
507           10|9|add
508           15|3|div
509           20|9|abd
510           23|21|div
511           11|0|div
512           24|23|mult
513           10|sp
514           11|2|div
515           2|21|div
516           17|16|div
517           18|9|add
518           13|9|add
519           9|8|add
520           6|0|div
521           11|9|add
522           2|9|div
523           1|21|div
524           26|9|abd
525           22|9|add
526           9|20|div
527           27|9|add
528           6|cb
529           12|sp
530           14|22|div
531           22|5|div
532           25|22|div
533           2|5|div
534           28|cb
535           1|0|div
536           25|18|div
537           1|sp
538           9|26|div
539           17|cb
540           3|15|div
541           5|0|mult
542           24|nexp
543           19|6|div
544           18|2|div
545           4|2|div
546           23
547           28|0|div
548           27|19|mult
549           6|21|div
550           2|23|div
551           29|21|div
552           4|sq
553           24|21|mult
554           27|5|div
555           13|22|div
556           18|0|div
557           3|1|div
558           6|5|div
559           17|0|div
560           2|sq
561           27|sp
562           22|20|div
563           28|16|div
564           27|21|div
565           15|6|div
566           6|0|mult
567           19|1|div
568           22|2|div
569           10|12|div
570           16|1|mult
571           19|18|mult
572           21|0|mult
573           5|4|div
574           25|21|div
575           9|14|div
576           23|24|div
577           13|9|mult
578           26|19|mult
579           22|0|div
580           23|sqrt
581           18|10|sub
582           20|19|mult
583           11|8|abd
584           20|22|div
585           18|26|div
586           29|22|sub
587           27|22|abd
588           25|26|div
589           21|sq
590           28|9|mult
591           29|17|mult
592           12|9|mult
593           9|10|div
594           23|cbrt
595           1|2|div
596           27|2|div
597           19|0|mult
598           26|25|div
599           21|4|div
600           16|5|mult
601           26|21|div
602           27|0|div
603           4|21|div
604           13|10|sub
605           17|9|mult
606           19|cos
607           27|11|sub
608           20|21|div
609           2|6|div
610           9|8|mult
611           25|19|mult
612           14|27|div
613           18|9|mult
614           29|26|sub
615           25|22|sub
616           26|18|div
617           0|9|div
618           11|9|mult
619           29|19|mult
620           16|3|mult
621           16|15|mult
622           22|9|mult
623           14|18|div
624           16|14|mult
625           27|8|sub
626           29|7|div
627           9|1|mult
628           16|8|mult
629           16|10|mult
630           24|sin
631           3|0|div
632           14|12|div
633           7|0|div
634           28|26|mult
635           16|9|div
636           28|sp
637           10|8|sub
638           29|27|div
639           25|17|mult
640           27|9|mult
641           22|21|div
642           27|22|sub
643           0|23|div
644           15|1|div
645           11|10|sub
646           3|5|div
647           3|21|div
648           24|19|sub
649           15|21|div
650           9|5|div
651           22|10|div
652           18|10|div
653           19|sin
654           23|inv
655           0|7|div
656           10|13|div
657           16|6|mult
658           23|19|div
659           16|11|mult
660           27|13|sub
661           15|0|div
662           17|sp
663           2|0|mult
664           12|cos
665           9|2|div
666           25|7|div
667           16|13|mult
668           9|sq
669           16|12|mult
670           26|7|div
671           23|16|div
672           20|18|sub
673           24|exp
674           4|5|div
675           24|16|div
676           22|10|sub
677           26|25|sub
678           12|10|div
679           16|17|div
680           16|cbrt
681           20|17|mult
682           21|27|div
683           18|14|sub
684           15|5|div
685           29|23|mult
686           24|23|div
687           16|sqrt
688           16|inv
689           11|21|div
690           9|6|mult
691           18|20|div
692           18|10|abd
693           27|10|div
694           14|13|abd
695           16|28|div
696           0|16|div
697           13|10|div
698           22|14|div
699           20|7|div
700           16|log
701           20|18|div
702           13|21|div
703           20|11|sub
704           9|0|div
705           6|2|div
706           22|8|sub
707           18|16|mult
708           25|23|mult
709           26|16|mult
710           20|13|sub
711           20|16|mult
712           24|19|div
713           19|12|add
714           22|20|sub
715           27|29|div
716           18|7|div
717           18|14|div
718           25|16|mult
719           12|21|div
720           16|2|mult
721           25|27|div
722           29|16|mult
723           21|cb
724           19|24|div
725           26|23|mult
726           27|22|div
727           22|16|mult
728           23|20|mult
729           19|cb
730           19|3|sub
731           16|sp
732           27|16|div
733           4|16|div
734           19|inv
735           21|29|div
736           3|2|div
737           19|sq
738           19|23|div
739           29|28|mult
740           22|27|div
741           26|11|sub
742           27|14|div
743           0|sq
744           27|10|sub
745           15|7|mult
746           19|5|div
747           19|0|div
748           12|14|div
749           23|18|mult
750           18|14|abd
751           19
752           19|log
753           16|24|div
754           22|14|sub
755           19|cbrt
756           19|sqrt
757           19|9|mult
758           27|16|mult
759           14|8|div
760           16|3|add
761           16|0|mult
762           24|16|sub
763           16|12|add
764           19|16|sub
765           21|18|div
766           16
767           19|16|add
768           16|12|sub
769           24|16|add
770           8|14|div
771           8|19|div
772           15|2|div
773           21|25|div
774           16|3|sub
775           22|16|div
776           5|sp
777           8|21|div
778           9|cb
779           29|16|div
780           24|16|mult
781           7|1|div
782           28|25|mult
783           7|9|div
784           4|cb
785           2|cb
786           23|11|mult
787           26|16|div
788           16|4|div
789           19|8|div
790           7|29|div
791           21|26|div
792           14|13|sub
793           7|2|mult
794           24|19|mult
795           10|11|div
796           18|16|div
797           11|19|div
798           25|16|div
799           27|25|div
800           3|exp
801           16|sin
802           19|12|sub
803           19|2|div
804           11|10|div
805           20|16|div
806           9|23|div
807           7|26|div
808           26|13|sub
809           21|16|mult
810           19|11|div
811           23|28|div
812           21|20|div
813           21|7|sub
814           7|6|div
815           7|5|div
816           21|22|div
817           15|7|div
818           23|13|mult
819           7|25|div
820           16|27|div
821           23|8|mult
822           14|11|abd
823           26|27|div
824           16|29|div
825           13|10|abd
826           21|16|div
827           16|cb
828           16|0|div
829           16|sq
830           7|20|div
831           27|7|div
832           4|0|div
833           27|20|sub
834           9|sp
835           16|25|div
836           25|18|sub
837           27|14|sub
838           16|26|div
839           13|19|div
840           19|16|mult
841           14|11|sub
842           16|20|div
843           20|27|div
844           10|8|div
845           16|22|div
846           8|10|div
847           21|1|div
848           9|3|mult
849           29|19|div
850           22|13|sub
851           7|0|mult
852           13|14|div
853           14|8|sub
854           14|13|div
855           6|sp
856           16|18|div
857           16|23|div
858           22|11|sub
859           25|19|div
860           28|16|mult
861           7|18|div
862           24|19|add
863           5|16|div
864           23|21|mult
865           28|7|mult
866           4|7|div
867           10|19|div
868           21|6|div
869           20|19|div
870           28|20|mult
871           19|13|div
872           27|18|sub
873           19|12|div
874           28|22|mult
875           26|19|div
876           3|7|div
877           21|19|div
878           18|19|div
879           27|26|div
880           15|9|mult
881           19|21|div
882           22|7|div
883           27|25|abd
884           21|7|div
885           0|cb
886           21|0|div
887           27|18|div
888           14|19|div
889           26|22|sub
890           28|21|mult
891           16|5|div
892           19|29|div
893           23|17|div
894           19|sp
895           12|19|div
896           14|21|div
897           17|16|mult
898           27|23|mult
899           19|25|div
900           19|exp
901           9|7|mult
902           27|20|div
903           7|27|div
904           7|sq
905           19|18|div
906           21|5|div
907           2|sp
908           26|29|div
909           18|27|div
910           19|10|div
911           22|18|sub
912           11|14|div
913           29|26|div
914           19|20|div
915           16|2|div
916           16|6|div
917           14|11|div
918           13|16|div
919           10|21|div
920           28|18|mult
921           29|27|sub
922           19|26|div
923           11|10|abd
924           12|16|div
925           16|1|div
926           16|11|div
927           19|14|div
928           16|13|div
929           15|16|div
930           11|16|div
931           7|22|div
932           5|7|div
933           23|10|mult
934           14|16|div
935           17|7|mult
936           21|sp
937           0|sp
938           16|7|mult
939           21|9|mult
940           23|22|mult
941           23|14|mult
942           23|12|mult
943           21|2|div
944           16|12|div
945           7|12|div
946           27|19|div
947           7|2|div
948           3|16|div
949           10|16|div
950           26|18|sub
951           29|18|sub
952           28|23|div
953           21|11|div
954           8|16|div
955           21|12|div
956           21|13|div
957           22|17|mult
958           21|17|mult
959           7|sp
960           16|8|div
961           7|13|div
962           16|14|div
963           16|9|mult
964           16|21|div
965           7|cb
966           28|19|mult
967           22|19|div
968           19|17|mult
969           16|10|div
970           21|8|div
971           18|17|mult
972           7|11|div
973           19|27|div
974           2|7|div
975           1|7|div
976           13|7|div
977           4|sp
978           2|16|div
979           27|26|sub
980           27|17|mult
981           19|22|div
982           17|23|div
983           6|16|div
984           12|7|div
985           1|16|div
986           11|7|div
987           6|7|div
988           22|18|div
989           28|27|mult
990           21|14|div
991           7|21|div
992           21|10|div
993           18|22|div
994           7|8|div
995           8|7|div
996           7|14|div
997           14|7|div
998           7|10|div
999           10|7|div
#-----------------------------------------------------------------------
