# c0 + a0 * (ave:covalent_radius_pyykko_triple^3)
# Property Label: $Volume$; Unit of the Property: AA^3
# RMSE: 15.9246841912428; Max AE: 40.3139961733254
# Coefficients
# Task   a0                      c0
# all ,  9.603640435800090e-05,  2.057683829393551e+01, 
# Feature Rung, Units, and Expressions
# 0;  1; pm^3;                                             18|cb; (ave:covalent_radius_pyykko_triple^3); $\left(ave:covalent_{radius, pyykko, triple}^3\right)$; (ave:covalent_radius_pyykko_triple).^3; ave:covalent_radius_pyykko_triple
# Number of Samples Per Task
# Task, n_samples               
# all , 103                   

# Sample ID , Property Value        ,  Property Value (EST) ,  Feature 0 Value      
64          ,  9.806170819706536e+01,  7.545760086164431e+01,  5.714579063489961e+05
27          ,  9.195581102005920e+01,  7.800162377963861e+01,  5.979480996772550e+05
69          ,  7.310044637476960e+01,  7.391663352824979e+01,  5.554122480000000e+05
125         ,  2.012029980198630e+02,  2.046995171740966e+02,  1.917217539650854e+06
73          ,  1.013508525385564e+02,  9.449059996242616e+01,  7.696431594102348e+05
119         ,  1.887146035400442e+02,  1.569518576467613e+02,  1.420034624000000e+06
55          ,  1.465164071687489e+02,  1.729323362168133e+02,  1.586434841468374e+06
45          ,  6.922252251530169e+01,  8.045319773051101e+01,  6.234756479779340e+05
9           ,  7.063457799019668e+01,  7.161452106235586e+01,  5.314410000000000e+05
26          ,  5.966202570927710e+01,  7.208286569484817e+01,  5.363177406029324e+05
31          ,  8.459240483249847e+01,  8.873697529023266e+01,  7.097322880000001e+05
98          ,  1.892571838929967e+02,  1.842251368228998e+02,  1.704023590043233e+06
36          ,  1.804786609572536e+02,  1.745053067971407e+02,  1.602813740603995e+06
10          ,  1.071503545301096e+02,  9.065561580035238e+01,  7.297105506488959e+05
93          ,  1.586721939022781e+02,  1.376631704144693e+02,  1.219186962519586e+06
42          ,  1.922420330482679e+02,  2.003464873581682e+02,  1.871890667564918e+06
118         ,  5.345461156622450e+01,  6.756782279926303e+01,  4.893038720000000e+05
127         ,  1.258768321724361e+02,  1.526304407185269e+02,  1.375036928000000e+06
96          ,  9.458888504929534e+01,  8.338196079791102e+01,  6.539720320000000e+05
60          ,  6.700355961656858e+01,  7.439893638029274e+01,  5.604343316074312e+05
0           ,  1.324521624992106e+02,  1.506701411700217e+02,  1.354624881530646e+06
84          ,  1.874396857101914e+02,  1.622697291766358e+02,  1.475408120804928e+06
28          ,  9.362157646373184e+01,  7.843130778071075e+01,  6.024222780260235e+05
40          ,  1.876581343779474e+02,  2.011652856404721e+02,  1.880416583208861e+06
86          ,  6.540869502383295e+01,  7.558256353407079e+01,  5.727591074222958e+05
25          ,  1.397570909097410e+02,  1.622697291766358e+02,  1.475408120804928e+06
23          ,  1.776115625775598e+02,  1.585685100326469e+02,  1.436868369460306e+06
67          ,  1.178407975639319e+02,  1.416533077524056e+02,  1.260735137553940e+06
95          ,  7.035268214247002e+01,  7.913985611043410e+01,  6.098001919999999e+05
39          ,  6.690965549992833e+01,  7.509320471310657e+01,  5.676635519999999e+05
22          ,  8.942508557141944e+01,  7.734444507488888e+01,  5.911050831238664e+05
68          ,  1.728438327749059e+02,  1.408841919918117e+02,  1.252726552000000e+06
80          ,  1.635560662373134e+02,  2.038700624106387e+02,  1.908580661073374e+06
112         ,  7.423809586689029e+01,  8.166136950426814e+01,  6.360560000000000e+05
137         ,  2.091771198782973e+02,  1.932546818091546e+02,  1.798045696000000e+06
33          ,  9.639831336185570e+01,  7.392023912383439e+01,  5.554497920501829e+05
81          ,  6.779890223639997e+01,  6.873485177425928e+01,  5.014558156592592e+05
142         ,  6.217869364696995e+01,  7.400820074094044e+01,  5.563657115673084e+05
62          ,  1.284855607921225e+02,  1.464218300436918e+02,  1.310388415632847e+06
139         ,  7.773399964038569e+01,  7.275711379905955e+01,  5.433384959999999e+05
5           ,  5.646241061036604e+01,  6.974747732523197e+01,  5.120000000000000e+05
85          ,  6.604743166171670e+01,  7.882346232164421e+01,  6.065056726882353e+05
109         ,  1.156360400954843e+02,  9.022024035105747e+01,  7.251771088545537e+05
49          ,  7.517971112473752e+01,  7.628695181681002e+01,  5.800937040000001e+05
35          ,  1.142981641844795e+02,  8.792050985403253e+01,  7.012306636247627e+05
77          ,  1.735436897724758e+02,  1.785378925231551e+02,  1.644803918734590e+06
34          ,  6.288448403712296e+01,  7.319810586956680e+01,  5.479304220873546e+05
131         ,  7.332445965687805e+01,  8.602295884459110e+01,  6.814720000000000e+05
7           ,  6.154031610112789e+01,  7.199351221389318e+01,  5.353873280000001e+05
43          ,  9.003176998171779e+01,  9.022024035105747e+01,  7.251771088545537e+05
70          ,  5.876522370994315e+01,  6.242609703299642e+01,  4.357645313651770e+05
89          ,  1.845971359160373e+02,  1.533442424341407e+02,  1.382469544000000e+06
83          ,  8.685815788108755e+01,  8.737077753595166e+01,  6.955064559999999e+05
123         ,  2.218543389191891e+02,  2.128194921978974e+02,  2.001768550052405e+06
129         ,  7.058438955216727e+01,  7.755744419687491e+01,  5.933229829235300e+05
8           ,  1.379771288780131e+02,  1.295995672053978e+02,  1.135222935930123e+06
13          ,  6.359044555550145e+01,  6.444490772783907e+01,  4.567858379034456e+05
108         ,  2.276117669121920e+02,  2.240753154581500e+02,  2.118972263951288e+06
114         ,  1.245825633863354e+02,  1.305774233493971e+02,  1.145405076239688e+06
3           ,  1.766257549836612e+02,  1.722013362562865e+02,  1.578823144993339e+06
17          ,  1.154201413293227e+02,  1.477053351110419e+02,  1.323753192000000e+06
38          ,  2.142336089710760e+02,  2.038700624106387e+02,  1.908580661073374e+06
72          ,  1.505744324222536e+02,  1.825865140435660e+02,  1.686961073070759e+06
120         ,  2.717063705144595e+02,  2.487777941829816e+02,  2.376192209762114e+06
6           ,  1.752395240612576e+02,  1.499034913669643e+02,  1.346641973297227e+06
101         ,  6.465769186928596e+01,  7.588711999723579e+01,  5.759303680000001e+05
2           ,  5.771548700058894e+01,  7.123739685851929e+01,  5.275141120000000e+05
122         ,  2.014000729838492e+02,  1.891519950536918e+02,  1.755325575615557e+06
54          ,  8.998190321387162e+01,  8.133594961982007e+01,  6.326674944991592e+05
50          ,  1.144884087492389e+02,  1.390422236773753e+02,  1.233546655306137e+06
46          ,  6.638274984747244e+01,  7.692719412540443e+01,  5.867603666356371e+05
105         ,  6.260542136940490e+01,  7.391663352824978e+01,  5.554122479999998e+05
61          ,  1.513414191693852e+02,  1.435825752474063e+02,  1.280824056000000e+06
141         ,  5.908637035915022e+01,  6.342757675054845e+01,  4.461926572852058e+05
79          ,  6.172344219415545e+01,  7.323241192161190e+01,  5.482876413343102e+05
136         ,  1.878481455563482e+02,  1.637685520313724e+02,  1.491014940580784e+06
91          ,  7.059248384925451e+01,  8.123618868369080e+01,  6.316287119999999e+05
58          ,  2.413589823761019e+02,  2.426766007346115e+02,  2.312662202686607e+06
90          ,  1.323141358213091e+02,  1.598845543631647e+02,  1.450571968000000e+06
48          ,  1.506649136932021e+02,  1.434698009948511e+02,  1.279649769506153e+06
88          ,  1.252802886728060e+02,  1.437423821897952e+02,  1.282488080631671e+06
21          ,  7.298106977000764e+01,  7.668870590105384e+01,  5.842770559999999e+05
57          ,  1.280373015126955e+02,  1.281286876354494e+02,  1.119907081699833e+06
75          ,  9.416246053996996e+01,  7.865804055808056e+01,  6.047831825068349e+05
32          ,  2.470528593513509e+02,  2.416704301214286e+02,  2.302185231793026e+06
138         ,  6.719447744045841e+01,  7.598092802972853e+01,  5.769071645920826e+05
59          ,  7.370978119031361e+01,  7.065740703519553e+01,  5.214748415045982e+05
63          ,  9.527186437700378e+01,  7.904634744653428e+01,  6.088265126486653e+05
128         ,  1.127928271848657e+02,  8.475774837182671e+01,  6.682977200878952e+05
37          ,  6.740982957627959e+01,  7.790554783927728e+01,  5.969476880000001e+05
29          ,  7.604393505755419e+01,  6.946591847816460e+01,  5.090682071142751e+05
1           ,  6.589429488532184e+01,  7.588711999723576e+01,  5.759303679999998e+05
52          ,  1.685536482338435e+02,  1.457783672726010e+02,  1.303688219229283e+06
130         ,  7.583037174302696e+01,  7.204906083163912e+01,  5.359657400940105e+05
99          ,  1.103591846419842e+02,  9.644325609497665e+01,  7.899756171444023e+05
116         ,  6.928383831454539e+01,  8.425424178799634e+01,  6.630548480000000e+05
87          ,  1.073098314779565e+02,  8.478676170360855e+01,  6.685998277310934e+05
121         ,  7.759315330331438e+01,  7.430692317068701e+01,  5.594762240000002e+05
20          ,  1.126975075036733e+02,  9.115459555918460e+01,  7.349062861844762e+05
71          ,  2.033361364024828e+02,  1.994727065738013e+02,  1.862792234629949e+06
106         ,  2.038799354056747e+02,  2.156391312544859e+02,  2.031128656518673e+06
14          ,  1.651217664757107e+02,  1.842251368228998e+02,  1.704023590043233e+06
92          ,  7.315017953780705e+01,  7.678341784612604e+01,  5.852632647789036e+05
