# c0 + a0 * ((min:vdw_radius * mp_bandgap) / cbrt(min:period))
# Property Label: $bandgap$; Unit of the Property: eV
# RMSE: 0.476005252087848; Max AE: 4.34614951820035
# Coefficients
# Task   a0                      c0
# all ,  8.062002416977975e-03,  1.374300193303183e-01, 
# Feature Rung, Units, and Expressions
# 0;  2; eV * pm;                                          20|0|mult|10|cbrt|div; ((min:vdw_radius * mp_bandgap) / cbrt(min:period)); $\left(\frac{ \left(min:vdw_{radius} mp_{bandgap}\right) }{ \left(\sqrt[3]{ min:period }\right) } \right)$; ((min:vdw_radius .* mp_bandgap) ./ nthroot(min:period, 3)); min:vdw_radius,mp_bandgap,min:period
# Number of Samples Per Task
# Task, n_mats_train            
# all , 1015                  

# Sample ID , Property Value        ,  Property Value (EST) ,  Feature 0 Value      
3266        ,  1.678000000000000e+00,  5.766651954989188e-01,  5.448214394523177e+01
3402        ,  0.000000000000000e+00,  1.374300193303183e-01,  0.000000000000000e+00
5237        ,  1.472900000000000e+00,  1.328544066709217e+00,  1.477441937837306e+02
3895        ,  0.000000000000000e+00,  1.570924231788256e-01,  2.438898282528386e+00
5388        ,  1.719900000000000e+00,  1.655350826794254e+00,  1.882808673273662e+02
3975        ,  1.985400000000000e+00,  1.834554596160679e+00,  2.105090632640277e+02
4837        ,  2.507100000000000e+00,  2.516591428599855e+00,  2.951080000000000e+02
5529        ,  0.000000000000000e+00,  1.374300193303183e-01,  0.000000000000000e+00
4451        ,  1.030000000000000e-01,  1.374300193303183e-01,  0.000000000000000e+00
4189        ,  1.018400000000000e+00,  1.091083894957671e+00,  1.182899515905663e+02
3912        ,  4.126200000000000e+00,  3.973345899071999e+00,  4.758018766731610e+02
4305        ,  7.780300000000000e+00,  6.512521969486420e+00,  7.907578812840137e+02
4056        ,  2.421900000000000e+00,  2.357485066692949e+00,  2.753726596121281e+02
3594        ,  6.517999999999999e-01,  8.259450875985012e-01,  8.540248844607409e+01
5230        ,  2.302000000000000e-01,  9.970977060003680e-01,  1.066320303823841e+02
4489        ,  1.591999999999998e-01,  1.374300193303183e-01,  0.000000000000000e+00
4426        ,  3.982600000000000e+00,  3.903511785589037e+00,  4.671397466127810e+02
5849        ,  0.000000000000000e+00,  1.374300193303183e-01,  0.000000000000000e+00
5700        ,  2.603800000000000e+00,  2.132759877412434e+00,  2.474980476165699e+02
3327        ,  1.875800000000000e+00,  1.345649100334358e+00,  1.498658792832436e+02
3977        ,  3.184500000000000e+00,  3.270278599070622e+00,  3.885943488608685e+02
5832        ,  3.573500000000000e+00,  3.417486550409528e+00,  4.068538263113957e+02
4713        ,  3.813500000000000e+00,  4.825694036865852e+00,  5.815260000000000e+02
3772        ,  6.627000000000001e-01,  3.307868683611369e-01,  2.398372501397711e+01
3860        ,  1.860999999999999e-01,  1.374300193303183e-01,  0.000000000000000e+00
5825        ,  2.044100000000000e+00,  2.184902544259632e+00,  2.539657542916992e+02
3683        ,  2.536900000000000e+00,  2.313180880909502e+00,  2.698772276472176e+02
5125        ,  9.231000000000000e-01,  1.152164428756139e+00,  1.258662993314001e+02
5236        ,  1.808000000000001e-01,  1.374300193303183e-01,  0.000000000000000e+00
5393        ,  0.000000000000000e+00,  1.374300193303183e-01,  0.000000000000000e+00
3023        ,  2.116900000000000e+00,  1.984338070762018e+00,  2.290880051762635e+02
3172        ,  0.000000000000000e+00,  1.374300193303183e-01,  0.000000000000000e+00
4765        ,  2.740200000000000e+00,  2.811712588536715e+00,  3.317144340684590e+02
5367        ,  0.000000000000000e+00,  1.374300193303183e-01,  0.000000000000000e+00
4091        ,  5.020000000000000e-01,  6.387832404382643e-01,  6.218718318071123e+01
3748        ,  5.403900000000000e+00,  4.843945708271826e+00,  5.837899129166641e+02
5254        ,  4.435099999999999e+00,  6.187028939283988e+00,  7.503841610384122e+02
5108        ,  2.033300000000000e+00,  1.870062903459796e+00,  2.149134662228186e+02
4641        ,  4.323000000000001e-01,  4.152420440802556e-01,  3.445943208412911e+01
5628        ,  0.000000000000000e+00,  1.374300193303183e-01,  0.000000000000000e+00
4071        ,  2.744300000000000e+00,  2.597380754820391e+00,  3.051290000000000e+02
3318        ,  6.493000000000000e-01,  5.782029749086661e-01,  5.467288804703319e+01
3602        ,  1.873300000000000e+00,  1.195543279192630e+00,  1.312469539371515e+02
3203        ,  2.789999999999981e-02,  1.374300193303183e-01,  0.000000000000000e+00
5333        ,  4.202400000000000e+00,  3.502735564244600e+00,  4.174280000000000e+02
3128        ,  0.000000000000000e+00,  1.374300193303183e-01,  0.000000000000000e+00
5676        ,  4.641999999999999e-01,  1.374300193303183e-01,  0.000000000000000e+00
3581        ,  3.809500000000000e+00,  3.470543988593607e+00,  4.134349999999999e+02
5122        ,  0.000000000000000e+00,  1.374300193303183e-01,  0.000000000000000e+00
3339        ,  0.000000000000000e+00,  1.810981639968535e-01,  5.416538275227172e+00
3180        ,  1.234700000000000e+00,  1.487117790198755e+00,  1.674134664145095e+02
5373        ,  3.522100000000000e+00,  3.163834302249311e+00,  3.753911406111230e+02
4704        ,  7.975000000000003e-01,  9.093989970888146e-01,  9.575399979201039e+01
5658        ,  1.245900000000000e+00,  1.439746349853574e+00,  1.615375762950250e+02
4011        ,  0.000000000000000e+00,  1.374300193303183e-01,  0.000000000000000e+00
5591        ,  4.297800000000001e+00,  4.214069340395579e+00,  5.056608904606829e+02
4560        ,  4.276800000000000e+00,  3.772888924297091e+00,  4.509374615555520e+02
3866        ,  4.189600000000000e+00,  4.096994691286366e+00,  4.911391075271200e+02
4284        ,  2.943400000000000e+00,  2.811862973264398e+00,  3.317330875889994e+02
5814        ,  0.000000000000000e+00,  1.374300193303183e-01,  0.000000000000000e+00
3835        ,  1.736000000000000e+00,  1.826989276525462e+00,  2.095706711321567e+02
3489        ,  2.194900000000000e+00,  2.327195741463802e+00,  2.716156122109318e+02
3712        ,  0.000000000000000e+00,  1.374300193303183e-01,  0.000000000000000e+00
5650        ,  4.359699999999999e+00,  4.400722790246956e+00,  5.288131348036391e+02
5001        ,  3.887400000000000e+00,  4.000092948107952e+00,  4.791195448717745e+02
4958        ,  3.220400000000000e+00,  3.216355780356273e+00,  3.819058345284005e+02
3871        ,  2.856000000000001e-01,  3.008813639653399e-01,  2.027428623573782e+01
4716        ,  3.336500000000000e+00,  3.279089768095146e+00,  3.896872744851486e+02
5360        ,  2.079200000000000e+00,  1.258814245519870e+00,  1.390950000000000e+02
4850        ,  2.079800000000000e+00,  2.196842343929903e+00,  2.554467510779477e+02
4956        ,  3.796700000000000e+00,  4.039261825094485e+00,  4.839780000000000e+02
4791        ,  3.607100000000000e+00,  4.042099649945261e+00,  4.843300000000000e+02
5895        ,  2.015800000000000e+00,  4.055824072099229e+00,  4.860323589728857e+02
4360        ,  1.576000000000000e-01,  3.346264474527612e-01,  2.445998127055407e+01
4190        ,  0.000000000000000e+00,  1.374300193303183e-01,  0.000000000000000e+00
5391        ,  2.591300000000000e+00,  2.470064481254929e+00,  2.893368596630852e+02
3452        ,  0.000000000000000e+00,  1.374300193303183e-01,  0.000000000000000e+00
3615        ,  3.120000000000012e-02,  1.521089022222985e-01,  1.820749006607543e+00
5582        ,  0.000000000000000e+00,  6.142605285362447e-01,  5.914541878600246e+01
3084        ,  8.620000000000028e-02,  9.850773506255206e-01,  1.051410415742521e+02
4262        ,  2.272100000000000e+00,  1.593588895884880e+00,  1.806200000000000e+02
4001        ,  2.571800000000000e+00,  2.323885384826830e+00,  2.712050000000000e+02
3791        ,  2.952400000000000e+00,  2.426537178297473e+00,  2.839377912051311e+02
3770        ,  7.553000000000001e-01,  1.374300193303183e-01,  0.000000000000000e+00
4450        ,  5.732999999999999e-01,  3.669393234417618e-01,  2.846802720228836e+01
3136        ,  1.730999999999998e-01,  5.007442874564635e-01,  4.506501602641950e+01
3197        ,  1.631300000000000e+00,  1.708275813187336e+00,  1.948456118729180e+02
5724        ,  0.000000000000000e+00,  1.374300193303183e-01,  0.000000000000000e+00
3846        ,  4.541999999999993e-01,  6.570317593917318e-01,  6.445070507138165e+01
3699        ,  1.530600000000000e+00,  1.581089833296336e+00,  1.790696329891663e+02
5642        ,  5.254999999999996e-01,  8.345594303288209e-01,  8.647100000000000e+01
3183        ,  1.126200000000000e+00,  1.185666727016867e+00,  1.300218796113284e+02
5318        ,  2.948200000000000e+00,  2.868095061508020e+00,  3.387080406261259e+02
3279        ,  0.000000000000000e+00,  1.374300193303183e-01,  0.000000000000000e+00
3707        ,  1.609999999999999e+00,  1.807351311575380e+00,  2.071348042179114e+02
3456        ,  1.118800000000000e+00,  9.835981451491543e-01,  1.049575629048274e+02
5161        ,  4.347900000000000e+00,  4.254455464795202e+00,  5.106703313304316e+02
4762        ,  2.902400000000000e+00,  3.545881984005441e+00,  4.227798242155296e+02
4605        ,  8.457000000000000e-01,  6.991180490853377e-01,  6.967103217088429e+01
5732        ,  5.205000000000001e-01,  4.461512807909177e-01,  3.829337247660153e+01
3035        ,  2.801000000000000e-01,  1.472534809762502e-01,  1.218489047490790e+00
3342        ,  0.000000000000000e+00,  1.374300193303183e-01,  0.000000000000000e+00
5370        ,  3.720300000000000e+00,  3.877683172653412e+00,  4.639360000000000e+02
4447        ,  2.571900000000000e+00,  2.658460968464534e+00,  3.127053080293195e+02
4256        ,  2.726200000000000e+00,  2.807796525976754e+00,  3.312286909047365e+02
4889        ,  0.000000000000000e+00,  1.374300193303183e-01,  0.000000000000000e+00
4038        ,  0.000000000000000e+00,  3.672411769763232e-01,  2.850546871110332e+01
3302        ,  1.491900000000000e+00,  1.351664327356205e+00,  1.506120000000000e+02
3475        ,  0.000000000000000e+00,  1.374300193303183e-01,  0.000000000000000e+00
4651        ,  3.520400000000000e+00,  3.439948689421176e+00,  4.096400000000000e+02
4953        ,  2.663900000000000e+00,  2.553851411697587e+00,  2.997296784826641e+02
3969        ,  2.773000000000000e+00,  1.885519882323732e+00,  2.168307292133858e+02
5229        ,  4.162100000000001e+00,  4.603992684341530e+00,  5.540264606724706e+02
3250        ,  1.199900000000000e+00,  1.374300193303183e-01,  0.000000000000000e+00
3509        ,  0.000000000000000e+00,  1.374300193303183e-01,  0.000000000000000e+00
4930        ,  7.380000000000009e-02,  7.258633726267317e-01,  7.298848634145988e+01
4805        ,  8.720000000000001e-01,  6.871053057664493e-01,  6.818098755199526e+01
4252        ,  1.628000000000003e-01,  1.374300193303183e-01,  0.000000000000000e+00
4987        ,  2.826900000000000e+00,  2.705338691248600e+00,  3.185199580826791e+02
4859        ,  0.000000000000000e+00,  1.374300193303183e-01,  0.000000000000000e+00
4901        ,  1.536700000000000e+00,  1.631806251098473e+00,  1.853604296398013e+02
5304        ,  1.210000000000022e-02,  1.374300193303183e-01,  0.000000000000000e+00
3778        ,  4.467100000000000e+00,  4.014430857650193e+00,  4.808980000000000e+02
5307        ,  0.000000000000000e+00,  1.374300193303183e-01,  0.000000000000000e+00
4272        ,  2.407300000000000e+00,  2.494282718382029e+00,  2.923408574138299e+02
5909        ,  1.706400000000000e+00,  1.485608522525948e+00,  1.672262588704348e+02
3622        ,  0.000000000000000e+00,  1.374300193303183e-01,  0.000000000000000e+00
3842        ,  2.475500000000000e+00,  2.547387768467958e+00,  2.989279368190772e+02
3813        ,  0.000000000000000e+00,  1.374300193303183e-01,  0.000000000000000e+00
3939        ,  0.000000000000000e+00,  1.374300193303183e-01,  0.000000000000000e+00
3401        ,  2.284600000000000e+00,  1.971019601038121e+00,  2.274360000000000e+02
4835        ,  4.617200000000000e+00,  4.521028201331828e+00,  5.437356571327713e+02
4892        ,  0.000000000000000e+00,  1.374300193303183e-01,  0.000000000000000e+00
4192        ,  2.623400000000000e+00,  2.563784093455931e+00,  3.009617150468588e+02
4412        ,  0.000000000000000e+00,  1.374300193303183e-01,  0.000000000000000e+00
5833        ,  5.220599999999999e+00,  5.618108328302811e+00,  6.798160091630082e+02
3666        ,  4.611900000000000e+00,  5.527700959326626e+00,  6.686020000000000e+02
4401        ,  0.000000000000000e+00,  1.374300193303183e-01,  0.000000000000000e+00
3081        ,  9.398000000000002e-01,  1.378148664222124e+00,  1.538970817323182e+02
4753        ,  7.596999999999996e-01,  1.400519365061279e+00,  1.566719135522694e+02
4452        ,  1.246100000000000e+00,  8.845966764001119e-01,  9.267755309726978e+01
4851        ,  0.000000000000000e+00,  1.374300193303183e-01,  0.000000000000000e+00
3725        ,  0.000000000000000e+00,  1.374300193303183e-01,  0.000000000000000e+00
5751        ,  5.041900000000000e+00,  4.823122258094836e+00,  5.812070000000000e+02
3488        ,  3.973200000000000e+00,  3.178715387712950e+00,  3.772369705543516e+02
5501        ,  0.000000000000000e+00,  1.374300193303183e-01,  0.000000000000000e+00
4061        ,  1.667600000000000e+00,  1.749547611224594e+00,  1.999649105164341e+02
5755        ,  1.744400000000000e+00,  1.617854867971209e+00,  1.836299187312605e+02
4118        ,  3.832100000000000e+00,  3.804365977794139e+00,  4.548418331829729e+02
3201        ,  0.000000000000000e+00,  5.620373246132165e-01,  5.266772239967418e+01
3689        ,  1.522999999999999e-01,  7.233544734490165e-01,  7.267728584213583e+01
5017        ,  3.460900000000000e+00,  3.577684097332879e+00,  4.267245158296706e+02
3275        ,  0.000000000000000e+00,  1.375306371751723e-01,  1.248050293833776e-02
5898        ,  3.282200000000000e+00,  3.112347512618212e+00,  3.690047880688970e+02
3568        ,  3.916600000000000e+00,  4.610898286092631e+00,  5.548830222801128e+02
4102        ,  1.217700000000000e+00,  1.173913444761894e+00,  1.285640181958788e+02
3341        ,  1.408900000000000e+00,  1.751340250784748e+00,  2.001872671305153e+02
4858        ,  3.400500000000000e+00,  3.347782106396510e+00,  3.982077802786848e+02
3225        ,  2.281000000000004e-01,  1.374300193303183e-01,  0.000000000000000e+00
4937        ,  0.000000000000000e+00,  1.374300193303183e-01,  0.000000000000000e+00
4798        ,  1.230200000000000e+00,  1.187276009490609e+00,  1.302214928575801e+02
4839        ,  2.247100000000000e+00,  1.962940431533254e+00,  2.264338706173726e+02
3619        ,  0.000000000000000e+00,  1.374300193303183e-01,  0.000000000000000e+00
4244        ,  6.532000000000000e-01,  1.374300193303183e-01,  0.000000000000000e+00
3322        ,  0.000000000000000e+00,  1.374300193303183e-01,  0.000000000000000e+00
3797        ,  5.508700000000000e+00,  5.159404502911823e+00,  6.229190000000001e+02
4624        ,  1.861999999999995e-01,  1.725416000647879e-01,  4.355193526179951e+00
5806        ,  3.925800000000000e+00,  3.035253942883746e+00,  3.594422047617880e+02
3001        ,  0.000000000000000e+00,  1.374300193303183e-01,  0.000000000000000e+00
3237        ,  9.591000000000000e-01,  9.196331452235059e-01,  9.702342984243298e+01
4868        ,  0.000000000000000e+00,  1.429528210367365e-01,  6.850409390584686e-01
3491        ,  8.259000000000001e-01,  9.529427371446502e-01,  1.011551070856693e+02
5163        ,  8.546999999999993e-01,  1.032532173068057e+00,  1.110272742976014e+02
3481        ,  8.867999999999998e-01,  1.374300193303183e-01,  0.000000000000000e+00
4049        ,  4.949900000000000e+00,  5.863362429957505e+00,  7.102370000000001e+02
5896        ,  0.000000000000000e+00,  1.374300193303183e-01,  0.000000000000000e+00
4354        ,  2.761100000000000e+00,  2.698630173016712e+00,  3.176878424512374e+02
3961        ,  1.207400000000000e+00,  1.409033361497785e+00,  1.577279782860850e+02
3907        ,  1.832000000000000e+00,  1.146603218153951e+00,  1.251764942042673e+02
3543        ,  2.136700000000000e+00,  2.143151553879991e+00,  2.487870172707680e+02
5749        ,  1.189500000000000e+00,  1.029583756069280e+00,  1.106615565954375e+02
3611        ,  1.296200000000000e+00,  1.369607327170093e+00,  1.528376257051104e+02
5459        ,  6.888000000000001e-01,  6.958530786163704e-01,  6.926604959954550e+01
4680        ,  2.538000000000000e+00,  2.604577822406651e+00,  3.060217146401126e+02
3692        ,  1.994200000000000e+00,  2.034881337582664e+00,  2.353573244106768e+02
5730        ,  0.000000000000000e+00,  1.374300193303183e-01,  0.000000000000000e+00
5371        ,  4.331500000000000e+00,  3.679614669658984e+00,  4.393678477283869e+02
3979        ,  1.458900000000000e+00,  1.638863459213995e+00,  1.862357962981715e+02
3922        ,  1.836800000000000e+00,  1.842919127859195e+00,  2.115465885915941e+02
5636        ,  2.208800000000000e+00,  1.464083651513602e+00,  1.645563426512315e+02
3253        ,  0.000000000000000e+00,  1.374300193303183e-01,  0.000000000000000e+00
5413        ,  7.898000000000001e-01,  1.955305229599532e+00,  2.254868103786355e+02
3824        ,  2.338300000000000e+00,  2.300295965754753e+00,  2.682790000000001e+02
5584        ,  3.728300000000000e+00,  3.904199098602853e+00,  4.672250000000001e+02
5423        ,  0.000000000000000e+00,  1.374300193303183e-01,  0.000000000000000e+00
3710        ,  3.456000000000000e+00,  3.321106950580716e+00,  3.948990296189705e+02
4749        ,  2.372800000000001e+00,  2.285443295225039e+00,  2.664366946071816e+02
3853        ,  0.000000000000000e+00,  1.374300193303183e-01,  0.000000000000000e+00
4755        ,  2.301300000000000e+00,  2.340706025917410e+00,  2.732914098297908e+02
5285        ,  3.423700000000000e+00,  2.915474514437810e+00,  3.445849246158917e+02
4303        ,  0.000000000000000e+00,  1.374300193303183e-01,  0.000000000000000e+00
3950        ,  0.000000000000000e+00,  1.374300193303183e-01,  0.000000000000000e+00
5107        ,  2.169700000000000e+00,  4.099831649253241e+00,  4.914910000000000e+02
5441        ,  3.915400000000000e+00,  3.913244665314702e+00,  4.683470000000000e+02
3886        ,  1.935600000000000e+00,  1.967317221375501e+00,  2.269767617771457e+02
3251        ,  0.000000000000000e+00,  1.374300193303183e-01,  0.000000000000000e+00
3917        ,  4.013700000000000e+00,  3.911437683387045e+00,  4.681228643778310e+02
3965        ,  4.246200000000000e+00,  3.561344081921824e+00,  4.246977221665176e+02
3680        ,  2.891000000000000e+00,  2.976250714273974e+00,  3.521235231789699e+02
3633        ,  4.639500000000000e+00,  4.191151342590035e+00,  5.028181726568182e+02
4977        ,  0.000000000000000e+00,  1.374300193303183e-01,  0.000000000000000e+00
4879        ,  4.412000000000000e+00,  4.572861579067006e+00,  5.501650000000000e+02
5403        ,  1.062500000000000e+00,  5.683979257968967e-01,  5.345668286566031e+01
3685        ,  3.286000000000000e+00,  2.899476616202558e+00,  3.426005667097762e+02
4046        ,  0.000000000000000e+00,  6.674106382281713e-01,  6.573808732452788e+01
5179        ,  7.950000000000035e-02,  1.374300193303183e-01,  0.000000000000000e+00
5281        ,  1.805600000000000e+00,  2.166417647251936e+00,  2.516729123832463e+02
5869        ,  4.138300000000000e+00,  3.920073181361882e+00,  4.691940000000000e+02
4250        ,  2.172900000000000e+00,  2.544421277574879e+00,  2.985599772552309e+02
3199        ,  2.250400000000000e+00,  1.705156659996868e+00,  1.944587162818302e+02
3286        ,  0.000000000000000e+00,  1.374300193303183e-01,  0.000000000000000e+00
3472        ,  7.224000000000004e-01,  8.118587804165480e-01,  8.365524173819809e+01
5291        ,  4.676600000000000e+00,  4.730272176258501e+00,  5.696900000000001e+02
3486        ,  7.329999999999992e-02,  1.374300193303183e-01,  0.000000000000000e+00
5647        ,  3.195000000000000e+00,  2.982526796286680e+00,  3.529020000000000e+02
4658        ,  2.303800000000000e+00,  2.285929477447698e+00,  2.664970000000000e+02
4386        ,  1.767900000000000e+00,  1.594901036798537e+00,  1.807827562044504e+02
4931        ,  7.595999999999998e-01,  9.719538780036260e-01,  1.035132235777879e+02
3393        ,  8.523999999999998e-01,  2.532411587570046e-01,  1.436505888199645e+01
3139        ,  1.653300000000000e+00,  1.611380828593157e+00,  1.828268875433240e+02
4492        ,  1.135700000000000e+00,  1.061862870196117e+00,  1.146654147509324e+02
4690        ,  1.719900000000000e+00,  1.760246430838976e+00,  2.012919777958795e+02
3825        ,  1.613500000000001e+00,  1.587556758883893e+00,  1.798717817920417e+02
5631        ,  1.302400000000000e+00,  3.831732432176188e+00,  4.582363315925017e+02
4514        ,  3.202900000000000e+00,  3.174533121863692e+00,  3.767182078905684e+02
4055        ,  1.163999999999996e-01,  3.054987492725992e-01,  2.084702053528795e+01
5780        ,  9.264000000000001e-01,  1.012100944644118e+00,  1.084930120427412e+02
3479        ,  2.809000000000000e+00,  2.600881866539865e+00,  3.055632732163043e+02
3466        ,  8.565000000000000e-01,  1.096868424222863e+00,  1.190074568660559e+02
5826        ,  4.010000000000025e-02,  1.652412175027229e-01,  3.449663834612145e+00
5715        ,  3.863600000000000e+00,  4.239062430994450e+00,  5.087610000000000e+02
5763        ,  3.147600000000001e+00,  4.262700338642767e+00,  5.116930144581621e+02
4439        ,  0.000000000000000e+00,  1.374300193303183e-01,  0.000000000000000e+00
3534        ,  0.000000000000000e+00,  5.802491545317490e-01,  5.492669343150860e+01
3089        ,  0.000000000000000e+00,  1.374300193303183e-01,  0.000000000000000e+00
3658        ,  2.646900000000000e+00,  2.305594445182940e+00,  2.689362163036108e+02
4695        ,  2.482000000000000e+00,  2.406011697629379e+00,  2.813918380279318e+02
5697        ,  1.888100000000000e+00,  1.416757967244623e+00,  1.586861280542580e+02
3968        ,  3.180000000000000e+00,  2.981882702070569e+00,  3.528221074146599e+02
4770        ,  2.630999999999999e-01,  8.014518965624867e-01,  8.236438578011189e+01
3864        ,  2.564400000000000e+00,  2.391638453139113e+00,  2.796090000000000e+02
4744        ,  1.614900000000000e+00,  1.585679372808180e+00,  1.796389133334860e+02
4337        ,  0.000000000000000e+00,  1.374300193303183e-01,  0.000000000000000e+00
3545        ,  5.858400000000000e+00,  5.581475749110005e+00,  6.752721530218017e+02
3700        ,  6.755000000000000e-01,  7.898109709009330e-01,  8.092046092627672e+01
4175        ,  6.012000000000000e-01,  4.769019020025922e-01,  4.210763841466625e+01
5607        ,  9.406000000000001e-01,  5.778053093102546e-01,  5.462356213792976e+01
5492        ,  0.000000000000000e+00,  1.374300193303183e-01,  0.000000000000000e+00
5359        ,  1.056300000000000e+00,  1.224911378065112e+00,  1.348897336528502e+02
4377        ,  4.062600000000000e+00,  4.506704787233284e+00,  5.419589999999999e+02
4075        ,  2.952200000000000e+00,  2.506926777926298e+00,  2.939092096531745e+02
4948        ,  0.000000000000000e+00,  1.374300193303183e-01,  0.000000000000000e+00
5633        ,  4.619200000000000e+00,  4.406453569461453e+00,  5.295239729947103e+02
4041        ,  2.202900000000001e+00,  2.232862308133379e+00,  2.599146192750125e+02
4910        ,  0.000000000000000e+00,  1.374300193303183e-01,  0.000000000000000e+00
3649        ,  1.546300000000000e+00,  1.095363422803424e+00,  1.188207785023445e+02
3741        ,  4.134000000000000e+00,  3.787759597694440e+00,  4.527820000000000e+02
5199        ,  0.000000000000000e+00,  1.402284068746927e-01,  3.471082492460259e-01
3958        ,  3.969900000000000e+00,  3.788530433542280e+00,  4.528776134478721e+02
3537        ,  2.426400000000000e+00,  2.620139741845751e+00,  3.079519943193060e+02
3519        ,  1.893400000000000e+00,  1.322401892315282e+00,  1.469823266846834e+02
3131        ,  6.086400000000000e+00,  5.543206992778804e+00,  6.705253476561013e+02
4783        ,  0.000000000000000e+00,  1.374300193303183e-01,  0.000000000000000e+00
3007        ,  1.782999999999997e-01,  1.885973537541421e+00,  2.168870000000000e+02
3982        ,  9.999999999976694e-05,  1.374300193303183e-01,  0.000000000000000e+00
3276        ,  1.351600000000000e+00,  7.881033714585107e-01,  8.070865257469075e+01
5510        ,  3.329200000000000e+00,  3.513672266126906e+00,  4.187845738778834e+02
5602        ,  1.740300000000000e+00,  1.508337859918543e+00,  1.700455754889375e+02
3430        ,  0.000000000000000e+00,  1.374300193303183e-01,  0.000000000000000e+00
4312        ,  5.035999999999996e-01,  4.625768736110161e-01,  4.033078104714566e+01
4346        ,  2.214600000000000e+00,  1.214898416495012e+00,  1.336477392881482e+02
4358        ,  3.600000000000003e-02,  1.374300193303183e-01,  0.000000000000000e+00
3788        ,  7.426000000000001e-01,  6.918343444745766e-01,  6.876757119009592e+01
3544        ,  0.000000000000000e+00,  1.374300193303183e-01,  0.000000000000000e+00
3620        ,  9.683000000000000e-01,  1.278536997816895e+00,  1.415413838233899e+02
5246        ,  1.909999999999989e-02,  1.374300193303183e-01,  0.000000000000000e+00
4920        ,  3.948700000000000e+00,  3.683116101532782e+00,  4.398021606562054e+02
3226        ,  0.000000000000000e+00,  1.374300193303183e-01,  0.000000000000000e+00
4565        ,  1.903700000000000e+00,  2.071059946317109e+00,  2.398448706632375e+02
4215        ,  2.252700000000000e+00,  1.922692440570714e+00,  2.214415636344596e+02
4801        ,  3.595800000000000e+00,  3.291938387047877e+00,  3.912810000000000e+02
3224        ,  0.000000000000000e+00,  1.374300193303183e-01,  0.000000000000000e+00
5473        ,  0.000000000000000e+00,  1.374300193303183e-01,  0.000000000000000e+00
5120        ,  8.623000000000001e-01,  2.045748064826872e+00,  2.367052187280145e+02
3663        ,  0.000000000000000e+00,  1.374300193303183e-01,  0.000000000000000e+00
3532        ,  2.109100000000000e+00,  2.087968430503566e+00,  2.419421764331848e+02
3492        ,  0.000000000000000e+00,  1.374300193303183e-01,  0.000000000000000e+00
5277        ,  4.523999999999999e-01,  8.896543002178198e-01,  9.330489399300765e+01
4570        ,  0.000000000000000e+00,  1.374300193303183e-01,  0.000000000000000e+00
4007        ,  2.537700000000000e+00,  2.214459954467710e+00,  2.576320159323348e+02
5635        ,  2.510199999999999e+00,  2.373775104725497e+00,  2.773932541480766e+02
4531        ,  8.411000000000000e-01,  9.071441827847980e-01,  9.547431564067993e+01
5843        ,  9.450000000000003e-02,  9.860437177671277e-01,  1.052609084623557e+02
3809        ,  4.851000000000000e+00,  4.450759952575750e+00,  5.350196775136016e+02
2989        ,  0.000000000000000e+00,  1.374300193303183e-01,  0.000000000000000e+00
4157        ,  1.256900000000000e+00,  1.771855111374377e+00,  2.027319030073821e+02
3754        ,  7.879000000000000e-01,  8.864292564217631e-01,  9.290486387279026e+01
3524        ,  1.959900000000000e+00,  1.691234529457762e+00,  1.927318338252104e+02
2992        ,  0.000000000000000e+00,  1.374300193303183e-01,  0.000000000000000e+00
4587        ,  0.000000000000000e+00,  1.374300193303183e-01,  0.000000000000000e+00
3051        ,  3.296900000000000e+00,  3.549682991856133e+00,  4.232512961469553e+02
3400        ,  6.249000000000002e-01,  2.329976094647129e-01,  1.185407609567772e+01
5134        ,  2.371200000000000e+00,  2.220101150264383e+00,  2.583317423160424e+02
4246        ,  3.542900000000000e+00,  3.467194469315269e+00,  4.130195301073980e+02
4771        ,  2.747500000000000e+00,  2.385932854287295e+00,  2.789012851474464e+02
4881        ,  3.677999999999999e-01,  1.374300193303183e-01,  0.000000000000000e+00
5571        ,  2.085500000000000e+00,  1.718440261381180e+00,  1.961063964358745e+02
4233        ,  3.497600000000000e+00,  3.406308459509789e+00,  4.054673108625540e+02
5535        ,  1.533700000000000e+00,  1.427149554665909e+00,  1.599750866632759e+02
3613        ,  5.574700000000000e+00,  5.479836962773383e+00,  6.626650138670705e+02
3514        ,  0.000000000000000e+00,  1.374300193303183e-01,  0.000000000000000e+00
3719        ,  0.000000000000000e+00,  1.374300193303183e-01,  0.000000000000000e+00
3520        ,  8.754999999999997e-01,  9.641122983874482e-01,  1.025405645272691e+02
4251        ,  0.000000000000000e+00,  1.374300193303183e-01,  0.000000000000000e+00
4237        ,  0.000000000000000e+00,  1.374300193303183e-01,  0.000000000000000e+00
4534        ,  1.043000000000000e+00,  1.143800774818924e+00,  1.248288828801718e+02
5253        ,  4.834600000000000e+00,  4.813203238800932e+00,  5.799766581096260e+02
5551        ,  0.000000000000000e+00,  1.374300193303183e-01,  0.000000000000000e+00
3368        ,  0.000000000000000e+00,  1.374300193303183e-01,  0.000000000000000e+00
5696        ,  0.000000000000000e+00,  1.374300193303183e-01,  0.000000000000000e+00
5280        ,  9.822000000000002e-01,  2.390786843000537e-01,  1.260836448717392e+01
3097        ,  9.430000000000005e-02,  1.374300193303183e-01,  0.000000000000000e+00
4693        ,  4.030700000000000e+00,  3.662983986286872e+00,  4.373050000000000e+02
4703        ,  0.000000000000000e+00,  1.374300193303183e-01,  0.000000000000000e+00
4225        ,  6.553999999999998e-01,  3.573806281806538e-01,  2.728237942314876e+01
3867        ,  1.943600000000000e+00,  1.833473777802060e+00,  2.103750000000000e+02
5016        ,  3.666500000000000e+00,  2.973022558418248e+00,  3.517231070430324e+02
3988        ,  1.247000000000000e+00,  1.291446826299660e+00,  1.431427016865026e+02
3134        ,  0.000000000000000e+00,  1.374300193303183e-01,  0.000000000000000e+00
5800        ,  5.573999999999995e-01,  6.846513483280718e-01,  6.787660195255539e+01
4939        ,  0.000000000000000e+00,  1.374300193303183e-01,  0.000000000000000e+00
3987        ,  6.479999999999997e-02,  1.374300193303183e-01,  0.000000000000000e+00
5532        ,  0.000000000000000e+00,  1.177975051765824e+00,  1.290678144978220e+02
5654        ,  5.839999999999979e-02,  1.374300193303183e-01,  0.000000000000000e+00
4643        ,  0.000000000000000e+00,  1.374300193303183e-01,  0.000000000000000e+00
3449        ,  5.802000000000000e-01,  6.879873094207346e-01,  6.829039010593495e+01
5471        ,  2.481200000000000e+00,  2.040750028728755e+00,  2.360852690133393e+02
3593        ,  0.000000000000000e+00,  1.374300193303183e-01,  0.000000000000000e+00
2988        ,  1.057200000000000e+00,  1.133848536917177e+00,  1.235944205980980e+02
2993        ,  0.000000000000000e+00,  1.374300193303183e-01,  0.000000000000000e+00
3510        ,  2.562800000000000e+00,  1.331648645655392e+00,  1.481292816050437e+02
3990        ,  0.000000000000000e+00,  1.374300193303183e-01,  0.000000000000000e+00
5435        ,  2.611900000000000e+00,  2.783035384777338e+00,  3.281573520587853e+02
5846        ,  0.000000000000000e+00,  1.374300193303183e-01,  0.000000000000000e+00
3349        ,  2.150700000000000e+00,  1.094987172448564e+00,  1.187741089114165e+02
4243        ,  2.519600000000000e+00,  2.283613233975211e+00,  2.662096962567502e+02
3029        ,  0.000000000000000e+00,  1.374300193303183e-01,  0.000000000000000e+00
5735        ,  0.000000000000000e+00,  1.374300193303183e-01,  0.000000000000000e+00
4374        ,  4.502000000000002e-01,  1.374300193303183e-01,  0.000000000000000e+00
4023        ,  0.000000000000000e+00,  2.328496850209341e+00,  2.717770000000000e+02
4577        ,  1.650400000000000e+00,  7.377196988015819e-01,  7.445912918694968e+01
4336        ,  0.000000000000000e+00,  1.374300193303183e-01,  0.000000000000000e+00
3421        ,  8.106000000000000e-01,  1.374300193303183e-01,  0.000000000000000e+00
3551        ,  1.471900000000000e+00,  1.306275571042000e+00,  1.449820393566467e+02
3960        ,  2.898200000000000e+00,  2.396437149908687e+00,  2.802042239309018e+02
3067        ,  0.000000000000000e+00,  8.722444028453262e-01,  9.114539360191009e+01
3170        ,  1.528999999999998e-01,  1.374300193303183e-01,  0.000000000000000e+00
3575        ,  2.196800000000000e+00,  1.537808244856338e+00,  1.737010426314098e+02
4655        ,  5.565700000000001e+00,  5.314902897389684e+00,  6.422068129322307e+02
3346        ,  2.480700000000000e+00,  1.130766789527377e+00,  1.232121647725093e+02
3194        ,  0.000000000000000e+00,  1.374300193303183e-01,  0.000000000000000e+00
5052        ,  0.000000000000000e+00,  1.374300193303183e-01,  0.000000000000000e+00
4127        ,  2.794999999999999e-01,  3.167523183716875e-01,  2.224289819905410e+01
3110        ,  0.000000000000000e+00,  1.374300193303183e-01,  0.000000000000000e+00
4220        ,  1.188700000000000e+00,  1.218496391531971e+00,  1.340940273008363e+02
5311        ,  0.000000000000000e+00,  1.374300193303183e-01,  0.000000000000000e+00
3063        ,  4.020500000000000e+00,  4.034231908877477e+00,  4.833540959180049e+02
4382        ,  1.551700000000000e+00,  1.588556611171947e+00,  1.799958021329371e+02
4369        ,  2.673600000000000e+00,  3.300451861600206e+00,  3.923370000000000e+02
4238        ,  5.243000000000000e+00,  4.896905704215018e+00,  5.903589999999999e+02
3861        ,  4.192900000000000e+00,  4.634435689244271e+00,  5.578025702948928e+02
3752        ,  3.178199999999999e+00,  3.171198059194424e+00,  3.763045311764255e+02
4294        ,  1.687000000000000e+00,  1.533401998831488e+00,  1.731544977661327e+02
5374        ,  2.020000000000000e+00,  1.911197049398246e+00,  2.200156906840548e+02
5165        ,  7.931000000000000e-01,  5.793376894422511e-01,  5.481363652053840e+01
3090        ,  0.000000000000000e+00,  1.374300193303183e-01,  0.000000000000000e+00
4069        ,  2.483500000000000e+00,  2.459754709626525e+00,  2.880580493756197e+02
3315        ,  3.259000000000000e+00,  3.792730371581943e+00,  4.533985681465234e+02
3460        ,  0.000000000000000e+00,  1.374300193303183e-01,  0.000000000000000e+00
3588        ,  0.000000000000000e+00,  1.374300193303183e-01,  0.000000000000000e+00
3830        ,  6.069000000000000e-01,  6.171598564237079e-01,  5.950504754043664e+01
4264        ,  0.000000000000000e+00,  1.374300193303183e-01,  0.000000000000000e+00
5491        ,  9.824000000000006e-01,  1.117240171136548e+00,  1.215343411139177e+02
3291        ,  2.689400000000000e+00,  2.244568926257915e+00,  2.613666925341178e+02
3179        ,  0.000000000000000e+00,  1.374300193303183e-01,  0.000000000000000e+00
4465        ,  9.755000000000003e-01,  8.384944900617778e-01,  8.695909954765953e+01
3330        ,  0.000000000000000e+00,  1.374300193303183e-01,  0.000000000000000e+00
4278        ,  7.349000000000001e-01,  1.374300193303183e-01,  0.000000000000000e+00
3077        ,  2.134800000000000e+00,  1.824342086528769e+00,  2.092423172245570e+02
3897        ,  3.892500000000000e+00,  3.409796800381678e+00,  4.059000000000000e+02
5136        ,  1.867100000000000e+00,  1.538231655384468e+00,  1.737535619071716e+02
4657        ,  7.240000000000002e-01,  5.424222127895596e-01,  5.023469015667348e+01
4739        ,  2.321700000000000e+00,  1.953992327855772e+00,  2.253239598018365e+02
4171        ,  4.364300000000000e+00,  4.104746856335900e+00,  4.921006757143496e+02
3292        ,  0.000000000000000e+00,  1.374300193303183e-01,  0.000000000000000e+00
3219        ,  0.000000000000000e+00,  1.374300193303183e-01,  0.000000000000000e+00
4584        ,  0.000000000000000e+00,  1.374300193303183e-01,  0.000000000000000e+00
5240        ,  1.568900000000000e+00,  1.132916151673591e+00,  1.234787687791873e+02
3168        ,  1.440000000000019e-02,  1.374300193303183e-01,  0.000000000000000e+00
3883        ,  6.357800000000000e+00,  6.129763237824124e+00,  7.432809999999999e+02
4390        ,  2.926900000000000e+00,  3.594704946719394e+00,  4.288357592287882e+02
3774        ,  7.475999999999998e-01,  8.248315707903138e-01,  8.526436931008345e+01
3268        ,  0.000000000000000e+00,  1.374300193303183e-01,  0.000000000000000e+00
3504        ,  0.000000000000000e+00,  1.374300193303183e-01,  0.000000000000000e+00
3723        ,  6.068800000000000e+00,  5.623984147139650e+00,  6.805448378749004e+02
4715        ,  0.000000000000000e+00,  1.374300193303183e-01,  0.000000000000000e+00
3548        ,  0.000000000000000e+00,  1.374300193303183e-01,  0.000000000000000e+00
3151        ,  1.532600000000000e+00,  1.241924634258286e+00,  1.370000352024188e+02
4516        ,  0.000000000000000e+00,  1.374300193303183e-01,  0.000000000000000e+00
3161        ,  0.000000000000000e+00,  1.374300193303183e-01,  0.000000000000000e+00
3704        ,  2.006600000000000e+00,  2.351707573880129e+00,  2.746560271287823e+02
4747        ,  3.408700000000000e+00,  2.830128392277107e+00,  3.339987057404209e+02
5516        ,  0.000000000000000e+00,  1.374300193303183e-01,  0.000000000000000e+00
4393        ,  0.000000000000000e+00,  1.374300193303183e-01,  0.000000000000000e+00
3498        ,  3.940200000000000e+00,  3.711808390498623e+00,  4.433611138147181e+02
5336        ,  4.309000000000003e-01,  5.970902147627375e-01,  5.701563602417299e+01
5265        ,  0.000000000000000e+00,  1.374300193303183e-01,  0.000000000000000e+00
3392        ,  3.340500000000000e+00,  3.165869125597021e+00,  3.756435373783859e+02
4838        ,  3.014200000000000e+00,  2.936241230452472e+00,  3.471608003029205e+02
3502        ,  0.000000000000000e+00,  1.374300193303183e-01,  0.000000000000000e+00
3188        ,  8.198000000000000e-01,  6.820515937672993e-01,  6.755413187300076e+01
4176        ,  4.014700000000000e+00,  3.806116777197898e+00,  4.550590000000000e+02
3410        ,  2.838900000000000e+00,  2.610608066189302e+00,  3.067696980158000e+02
4955        ,  4.844999999999997e-01,  1.374300193303183e-01,  0.000000000000000e+00
4925        ,  4.453400000000000e+00,  4.970777832361787e+00,  5.995219999999999e+02
3109        ,  0.000000000000000e+00,  1.374300193303183e-01,  0.000000000000000e+00
3146        ,  0.000000000000000e+00,  1.374300193303183e-01,  0.000000000000000e+00
4330        ,  2.371100000000000e+00,  2.314414572549246e+00,  2.700302531086272e+02
3038        ,  0.000000000000000e+00,  1.374300193303183e-01,  0.000000000000000e+00
4974        ,  1.457600000000000e+00,  1.295255211727375e+00,  1.436150887227178e+02
3722        ,  0.000000000000000e+00,  1.374300193303183e-01,  0.000000000000000e+00
4407        ,  3.911400000000000e+00,  3.259303401263950e+00,  3.872329999999999e+02
5091        ,  3.107900000000000e+00,  3.361908506024830e+00,  3.999600000000000e+02
4902        ,  1.785500000000000e+00,  1.285017770944344e+00,  1.423452502565978e+02
4733        ,  4.222000000000001e-01,  5.088410543827371e-01,  4.606932816966848e+01
3117        ,  0.000000000000000e+00,  1.374300193303183e-01,  0.000000000000000e+00
5543        ,  4.231000000000000e-01,  7.479609846150688e-01,  7.572944458550619e+01
4181        ,  1.362600000000000e+00,  1.359836216458739e+00,  1.516256301975455e+02
5279        ,  2.576100000000000e+00,  2.648248458832625e+00,  3.114385619898489e+02
5335        ,  4.263500000000000e+00,  4.618976232892120e+00,  5.558850000000000e+02
3708        ,  3.914400000000000e+00,  3.148937859628330e+00,  3.735434057866320e+02
4104        ,  3.053999999999999e+00,  3.067009128308126e+00,  3.633810755015816e+02
5601        ,  8.203000000000000e-01,  1.212992856715070e+00,  1.334113762009915e+02
5918        ,  0.000000000000000e+00,  1.374300193303183e-01,  0.000000000000000e+00
3657        ,  7.258000000000000e-01,  7.312345520703553e-01,  7.365472025777727e+01
5503        ,  8.586999999999998e-01,  7.458996664426679e-01,  7.547376143561530e+01
4630        ,  2.287500000000000e+00,  1.676503851857318e+00,  1.909046602722204e+02
3167        ,  0.000000000000000e+00,  1.374300193303183e-01,  0.000000000000000e+00
4037        ,  1.423100000000000e+00,  1.216065560452944e+00,  1.337925102640877e+02
4293        ,  1.136700000000000e+00,  1.719343776121249e+00,  1.962184671961322e+02
5777        ,  6.503000000000001e-01,  7.999985276923769e-01,  8.218411184878074e+01
4496        ,  1.123700000000000e+00,  5.039132221211257e-01,  4.545808644500293e+01
3093        ,  0.000000000000000e+00,  1.374300193303183e-01,  0.000000000000000e+00
3461        ,  1.653900000000000e+00,  1.666323336303203e+00,  1.896418827353797e+02
4673        ,  1.365500000000000e+00,  1.240477192424989e+00,  1.368204964528088e+02
3395        ,  2.411100000000000e+00,  2.382528684409991e+00,  2.784790364676228e+02
3363        ,  3.151200000000000e+00,  2.718763406291048e+00,  3.201851417861937e+02
3231        ,  1.677200000000000e+00,  1.666318171883314e+00,  1.896412421476421e+02
5651        ,  5.059999999999998e-01,  4.949651184436431e-01,  4.434817562946677e+01
3608        ,  1.196200000000000e+00,  8.144823640274426e-01,  8.398066754126774e+01
3191        ,  0.000000000000000e+00,  1.374300193303183e-01,  0.000000000000000e+00
3411        ,  0.000000000000000e+00,  1.374300193303183e-01,  0.000000000000000e+00
5766        ,  2.967000000000000e+00,  2.660308946397928e+00,  3.129345287412237e+02
3000        ,  0.000000000000000e+00,  1.374300193303183e-01,  0.000000000000000e+00
3728        ,  0.000000000000000e+00,  1.374300193303183e-01,  0.000000000000000e+00
4241        ,  2.871100000000000e+00,  2.522481018786727e+00,  2.958385368917367e+02
3419        ,  4.336800000000000e+00,  3.926835468301011e+00,  4.700327850299930e+02
3998        ,  5.336600000000000e+00,  4.881870524564365e+00,  5.884940564198553e+02
3631        ,  3.243400000000000e+00,  3.439280276321382e+00,  4.095570909328449e+02
5209        ,  1.572700000000000e+00,  1.222046433081005e+00,  1.345343697077745e+02
3928        ,  1.122600000000000e+00,  1.220281569793037e+00,  1.343154584253553e+02
4307        ,  0.000000000000000e+00,  1.374300193303183e-01,  0.000000000000000e+00
4270        ,  7.806999999999999e-01,  9.572513877814104e-01,  1.016895463495036e+02
5623        ,  3.708000000000000e+00,  4.222336610097600e+00,  5.066863515402542e+02
3230        ,  0.000000000000000e+00,  1.374300193303183e-01,  0.000000000000000e+00
3801        ,  0.000000000000000e+00,  1.374300193303183e-01,  0.000000000000000e+00
4963        ,  4.657000000000000e+00,  4.827733723477348e+00,  5.817790000000000e+02
4299        ,  3.159100000000000e+00,  2.572675887556496e+00,  3.020646412977663e+02
5627        ,  1.765000000000000e+00,  1.511869780032782e+00,  1.704836701373341e+02
3873        ,  3.645000000000000e+00,  3.422389648156998e+00,  4.074620000000000e+02
3285        ,  0.000000000000000e+00,  1.374300193303183e-01,  0.000000000000000e+00
5770        ,  1.462100000000000e+00,  1.041984444565687e+00,  1.121997214154197e+02
5131        ,  2.770000000000028e-02,  1.728333860542710e-01,  4.391386270164827e+00
4434        ,  1.092800000000000e+00,  6.294714208982499e-01,  6.103215753591554e+01
5901        ,  2.864800000000001e+00,  4.140539271045831e+00,  4.965403189764943e+02
2996        ,  0.000000000000000e+00,  1.374300193303183e-01,  0.000000000000000e+00
4165        ,  0.000000000000000e+00,  1.374300193303183e-01,  0.000000000000000e+00
5130        ,  3.741200000000000e+00,  3.087289111008237e+00,  3.658965774390908e+02
3586        ,  2.156900000000000e+00,  2.178984921009498e+00,  2.532317402162790e+02
4710        ,  0.000000000000000e+00,  1.374300193303183e-01,  0.000000000000000e+00
3538        ,  1.800000000000246e-03,  1.374300193303183e-01,  0.000000000000000e+00
4802        ,  0.000000000000000e+00,  1.374300193303183e-01,  0.000000000000000e+00
5019        ,  1.267900000000000e+00,  1.383302533830745e+00,  1.545363608272695e+02
5160        ,  4.105000000000000e+00,  4.143475687505782e+00,  4.969045481478684e+02
3607        ,  1.498500000000000e+00,  1.372397548986022e+00,  1.531837210883185e+02
5248        ,  3.171000000000000e+00,  2.991096996475299e+00,  3.539650361720770e+02
5521        ,  0.000000000000000e+00,  1.374300193303183e-01,  0.000000000000000e+00
3227        ,  0.000000000000000e+00,  2.820178623851820e-01,  1.793448272235351e+01
3841        ,  1.915000000000000e+00,  1.673683253958981e+00,  1.905547970803666e+02
5075        ,  0.000000000000000e+00,  1.374300193303183e-01,  0.000000000000000e+00
4794        ,  8.492000000000002e-01,  1.923698619019252e+00,  2.215663686638428e+02
5039        ,  8.927999999999998e-01,  1.374300193303183e-01,  0.000000000000000e+00
5729        ,  3.487600000000000e+00,  3.245437117308092e+00,  3.855130446788930e+02
3858        ,  3.167000000000000e-01,  3.165866168729582e-01,  2.222234480671321e+01
4893        ,  2.208000000000006e-01,  2.732077664364666e-01,  1.684169020096180e+01
3367        ,  2.085999999999997e-01,  4.113402776682683e-01,  3.397546219548575e+01
4738        ,  4.309900000000000e+00,  3.859257577184096e+00,  4.616505137750749e+02
3369        ,  0.000000000000000e+00,  1.374300193303183e-01,  0.000000000000000e+00
5429        ,  3.010400000000000e+00,  2.819915882645198e+00,  3.327319597009504e+02
5431        ,  0.000000000000000e+00,  1.374300193303183e-01,  0.000000000000000e+00
3120        ,  0.000000000000000e+00,  1.374300193303183e-01,  0.000000000000000e+00
3238        ,  0.000000000000000e+00,  1.374300193303183e-01,  0.000000000000000e+00
4457        ,  5.621100000000000e+00,  4.948341279635339e+00,  5.967390000000001e+02
4172        ,  2.572000000000000e+00,  1.890564708510321e+00,  2.174564827080716e+02
5121        ,  2.568900000000000e+00,  2.723963083814161e+00,  3.208301028336084e+02
3211        ,  1.219999999999999e-02,  1.374300193303183e-01,  0.000000000000000e+00
4993        ,  7.869999999999999e-01,  7.271654961322572e-01,  7.315000000000001e+01
3662        ,  2.304500000000000e+00,  2.428436346755336e+00,  2.841733615212431e+02
4731        ,  1.348900000000000e+00,  1.294653253620400e+00,  1.435404226440141e+02
5174        ,  1.404900000000000e+00,  1.359916053268126e+00,  1.516355330486311e+02
3810        ,  2.148500000000000e+00,  2.244971397637331e+00,  2.614166145458711e+02
4712        ,  1.100500000000000e+00,  1.060222436118381e+00,  1.144619375013744e+02
3573        ,  2.447999999999999e-01,  6.404186257543019e-01,  6.239003418861884e+01
3627        ,  2.072800000000000e+00,  1.701853593720248e+00,  1.940490083574486e+02
2981        ,  2.159200000000000e+00,  1.497309501302881e+00,  1.686776326324039e+02
5874        ,  4.438800000000000e+00,  4.800774387394973e+00,  5.784349999999999e+02
3765        ,  2.134000000000000e+00,  2.035390016687203e+00,  2.354204202866428e+02
5382        ,  5.297999999999998e-01,  8.205010207103185e-01,  8.472721366859227e+01
3086        ,  1.589400000000000e+00,  1.466515201425961e+00,  1.648579488511054e+02
4089        ,  4.025900000000000e+00,  4.096994691286366e+00,  4.911391075271200e+02
5467        ,  0.000000000000000e+00,  1.232454024873869e+00,  1.358253134776432e+02
5145        ,  8.130000000000002e-01,  8.809097866892331e-01,  9.222023622731767e+01
4547        ,  3.463000000000000e+00,  2.355726605560231e+00,  2.751545424444857e+02
3277        ,  1.579500000000000e+00,  1.682819498439332e+00,  1.916880446295252e+02
3729        ,  9.948000000000000e-01,  6.704796772158346e-01,  6.611876681690811e+01
3200        ,  0.000000000000000e+00,  1.259638934882424e+00,  1.391972933658290e+02
4602        ,  3.186700000000000e+00,  3.131348795420189e+00,  3.713616817808069e+02
3857        ,  2.970300000000000e+00,  2.910281642519539e+00,  3.439408077266018e+02
4247        ,  1.700000000000035e-03,  8.722479900341865e-01,  9.114583855201984e+01
3141        ,  3.993400000000000e+00,  3.896119873855465e+00,  4.662228637651641e+02
4669        ,  0.000000000000000e+00,  1.374300193303183e-01,  0.000000000000000e+00
4404        ,  2.805900000000000e+00,  2.274665130297728e+00,  2.650997854412140e+02
3672        ,  0.000000000000000e+00,  1.374300193303183e-01,  0.000000000000000e+00
3412        ,  4.977500000000000e+00,  5.004804289430643e+00,  6.037425962376293e+02
3103        ,  0.000000000000000e+00,  1.374300193303183e-01,  0.000000000000000e+00
3209        ,  2.847000000000008e-01,  1.374300193303183e-01,  0.000000000000000e+00
3495        ,  1.237600000000000e+00,  4.433227267671223e-01,  3.794252241758409e+01
4701        ,  2.185200000000000e+00,  2.035491434366694e+00,  2.354330000000000e+02
3533        ,  0.000000000000000e+00,  1.374300193303183e-01,  0.000000000000000e+00
5819        ,  0.000000000000000e+00,  1.374300193303183e-01,  0.000000000000000e+00
5012        ,  0.000000000000000e+00,  1.374300193303183e-01,  0.000000000000000e+00
3799        ,  3.415900000000000e+00,  2.984422391965872e+00,  3.531371271534229e+02
4895        ,  2.159000000000000e-01,  7.903649358387466e-01,  8.098917399644982e+01
4502        ,  7.188000000000000e+00,  6.538389181383031e+00,  7.939664156603043e+02
3595        ,  1.518500000000000e+00,  1.650791400961817e+00,  1.877153222435747e+02
3558        ,  0.000000000000000e+00,  1.374300193303183e-01,  0.000000000000000e+00
3681        ,  1.421999999999999e-01,  1.374300193303183e-01,  0.000000000000000e+00
3032        ,  1.967300000000000e+00,  1.374300193303183e-01,  0.000000000000000e+00
3313        ,  3.882800000000000e+00,  3.560287637473059e+00,  4.245666822096777e+02
4814        ,  2.224100000000000e+00,  2.126833921751054e+00,  2.467629999999999e+02
4123        ,  0.000000000000000e+00,  1.374300193303183e-01,  0.000000000000000e+00
3278        ,  1.245800000000000e+00,  9.101023993637465e-01,  9.584124886966516e+01
3829        ,  0.000000000000000e+00,  1.374300193303183e-01,  0.000000000000000e+00
5245        ,  1.697300000000000e+00,  1.900206443794382e+00,  2.186524306606245e+02
4792        ,  3.406700000000000e+00,  2.745607717323495e+00,  3.235148742328022e+02
3112        ,  0.000000000000000e+00,  1.374300193303183e-01,  0.000000000000000e+00
5317        ,  4.574800000000001e+00,  4.269825031043517e+00,  5.125767517770379e+02
3985        ,  2.974100000000000e+00,  2.537254340794569e+00,  2.976710000000000e+02
4326        ,  3.563700000000000e+00,  4.254306964426932e+00,  5.106519115433131e+02
4136        ,  0.000000000000000e+00,  1.374300193303183e-01,  0.000000000000000e+00
4528        ,  4.040300000000000e+00,  3.973054113082516e+00,  4.757656839291761e+02
3390        ,  0.000000000000000e+00,  1.374300193303183e-01,  0.000000000000000e+00
4287        ,  1.774800000000000e+00,  1.823953038542792e+00,  2.091940602325772e+02
3348        ,  0.000000000000000e+00,  1.374300193303183e-01,  0.000000000000000e+00
3265        ,  0.000000000000000e+00,  1.374300193303183e-01,  0.000000000000000e+00
4984        ,  0.000000000000000e+00,  1.374300193303183e-01,  0.000000000000000e+00
4950        ,  1.466200000000001e+00,  1.014927751702575e+00,  1.088436454105139e+02
3295        ,  0.000000000000000e+00,  1.374300193303183e-01,  0.000000000000000e+00
3054        ,  2.297200000000000e+00,  1.431403620691492e+00,  1.605027553249254e+02
4218        ,  2.750400000000000e+00,  2.861349493151802e+00,  3.378713293468026e+02
3173        ,  0.000000000000000e+00,  1.374300193303183e-01,  0.000000000000000e+00
3046        ,  0.000000000000000e+00,  1.374300193303183e-01,  0.000000000000000e+00
3952        ,  2.400100000000000e+00,  2.600784604543370e+00,  3.055512089683093e+02
4639        ,  4.481400000000000e+00,  4.525416694843091e+00,  5.442800000000001e+02
5526        ,  0.000000000000000e+00,  1.374300193303183e-01,  0.000000000000000e+00
3779        ,  3.920900000000000e+00,  3.614351870011259e+00,  4.312727373237699e+02
3755        ,  1.748400000000000e+00,  1.421843879724937e+00,  1.593169778378805e+02
3024        ,  0.000000000000000e+00,  1.374300193303183e-01,  0.000000000000000e+00
4671        ,  1.044100000000000e+00,  8.230917538021897e-01,  8.504856473720710e+01
3101        ,  0.000000000000000e+00,  1.374300193303183e-01,  0.000000000000000e+00
4636        ,  3.054200000000000e+00,  2.389332720447857e+00,  2.793230000000000e+02
5348        ,  7.317000000000000e-01,  3.999451804576794e-01,  3.256202957400804e+01
3597        ,  2.477700000000000e+00,  2.160754261494728e+00,  2.509704335865045e+02
3812        ,  9.600000000000053e-03,  1.374300193303183e-01,  0.000000000000000e+00
5480        ,  2.703000000000000e+00,  2.163980978287129e+00,  2.513706712229514e+02
3623        ,  2.059900000000000e+00,  2.053123418374884e+00,  2.376200477204347e+02
4290        ,  4.068000000000001e-01,  5.155518802907771e-01,  4.690173004217444e+01
4253        ,  0.000000000000000e+00,  1.374300193303183e-01,  0.000000000000000e+00
3734        ,  1.765000000000000e+00,  1.895601085843837e+00,  2.180811882183193e+02
3436        ,  6.292000000000000e-01,  2.104344145328809e-01,  9.055367565856939e+00
3114        ,  0.000000000000000e+00,  1.374300193303183e-01,  0.000000000000000e+00
3384        ,  0.000000000000000e+00,  1.374300193303183e-01,  0.000000000000000e+00
3721        ,  1.803700000000000e+00,  1.663271687136353e+00,  1.892633602531210e+02
3643        ,  1.559600000000000e+00,  1.255394893500529e+00,  1.386708681475783e+02
5734        ,  1.483100000000000e+00,  1.649414373947881e+00,  1.875445176540058e+02
3284        ,  0.000000000000000e+00,  1.374300193303183e-01,  0.000000000000000e+00
5474        ,  0.000000000000000e+00,  1.374300193303183e-01,  0.000000000000000e+00
4804        ,  4.575000000000000e-01,  4.639349258807937e-01,  4.049923203482058e+01
3561        ,  0.000000000000000e+00,  1.374300193303183e-01,  0.000000000000000e+00
4742        ,  2.144300000000000e+00,  1.640968064860434e+00,  1.864968487684619e+02
4617        ,  2.861800000000000e+00,  2.837812090000163e+00,  3.349517813320227e+02
4006        ,  0.000000000000000e+00,  3.645818910357556e-01,  2.817561443879903e+01
3091        ,  0.000000000000000e+00,  1.374300193303183e-01,  0.000000000000000e+00
5334        ,  2.209999999999979e-02,  1.374300193303183e-01,  0.000000000000000e+00
3448        ,  1.538000000000000e+00,  9.706740346983951e-01,  1.033544735255012e+02
4598        ,  2.164400000000000e+00,  2.249800612799186e+00,  2.620156239373450e+02
5193        ,  3.476700000000000e+00,  3.245331415096551e+00,  3.854999335179091e+02
5683        ,  0.000000000000000e+00,  1.374300193303183e-01,  0.000000000000000e+00
3457        ,  2.942700000000000e+00,  2.872145574762678e+00,  3.392104608742430e+02
5907        ,  7.605000000000004e-01,  8.314916263141831e-01,  8.609047369202257e+01
4222        ,  2.760500000000000e+00,  2.513921323213666e+00,  2.947768036981277e+02
3600        ,  1.261000000000001e-01,  2.801536373152522e-01,  1.770324673735754e+01
5621        ,  2.851700000000000e+00,  3.249683061592248e+00,  3.860397059305957e+02
3042        ,  0.000000000000000e+00,  1.374300193303183e-01,  0.000000000000000e+00
4291        ,  4.773200000000000e+00,  4.241456845712293e+00,  5.090580000000000e+02
4152        ,  0.000000000000000e+00,  1.374300193303183e-01,  0.000000000000000e+00
4856        ,  4.825800000000000e+00,  3.787478223771247e+00,  4.527470987547957e+02
5533        ,  0.000000000000000e+00,  1.374300193303183e-01,  0.000000000000000e+00
3906        ,  1.246300000000000e+00,  1.329929097722755e+00,  1.479159911787080e+02
5195        ,  2.369000000000003e-01,  2.853382512653567e-01,  1.834633931931782e+01
4210        ,  3.155900000000000e+00,  3.002952721942719e+00,  3.554356045066203e+02
4295        ,  1.103200000000000e+00,  9.753888934087697e-01,  1.039392982956409e+02
3305        ,  0.000000000000000e+00,  1.374300193303183e-01,  0.000000000000000e+00
4705        ,  2.014900000000000e+00,  1.969416009914034e+00,  2.272370927011495e+02
4589        ,  1.158500000000000e+00,  1.321903288948868e+00,  1.469204805898021e+02
3639        ,  3.916900000000000e+00,  3.919984499335296e+00,  4.691830000000000e+02
4178        ,  2.596900000000000e+00,  2.073979433905347e+00,  2.402070000000000e+02
5841        ,  3.369700000000000e+00,  3.346395069669254e+00,  3.980357340976598e+02
3678        ,  5.503999999999998e-01,  3.474194615401308e-01,  2.604680963225593e+01
3612        ,  2.530999999999999e-01,  4.168838050275491e-01,  3.466307391681277e+01
3113        ,  1.532700000000000e+00,  9.949890424212282e-01,  1.063704745715475e+02
5665        ,  1.656300000000000e+00,  1.426735044859762e+00,  1.599236714211675e+02
5148        ,  0.000000000000000e+00,  1.374300193303183e-01,  0.000000000000000e+00
3800        ,  1.905300000000000e+00,  2.129462111745206e+00,  2.470889971726896e+02
4490        ,  2.250200000000000e+00,  1.752757257108909e+00,  2.003630307002677e+02
3316        ,  0.000000000000000e+00,  1.374300193303183e-01,  0.000000000000000e+00
5123        ,  5.819999999999992e-02,  9.404423391898923e-01,  9.960457443779600e+01
4048        ,  5.700300000000000e+00,  4.814963511648854e+00,  5.801949999999999e+02
3184        ,  0.000000000000000e+00,  1.374300193303183e-01,  0.000000000000000e+00
3675        ,  1.858500000000000e+00,  1.867033915354121e+00,  2.145377545882876e+02
4019        ,  1.387000000000000e-01,  1.374300193303183e-01,  0.000000000000000e+00
4708        ,  4.946400000000000e+00,  4.477357564905854e+00,  5.383188097830351e+02
5747        ,  9.680999999999997e-01,  1.374300193303183e-01,  0.000000000000000e+00
4546        ,  3.642200000000000e+00,  4.863738626271570e+00,  5.862449999999999e+02
5820        ,  0.000000000000000e+00,  1.374300193303183e-01,  0.000000000000000e+00
5746        ,  1.736800000000000e+00,  2.382616609397285e+00,  2.784899425654812e+02
4331        ,  3.055899999999999e+00,  1.374300193303183e-01,  0.000000000000000e+00
5168        ,  0.000000000000000e+00,  1.374300193303183e-01,  0.000000000000000e+00
5757        ,  5.346700000000000e+00,  5.424829808485987e+00,  6.558420000000000e+02
5186        ,  0.000000000000000e+00,  1.374300193303183e-01,  0.000000000000000e+00
5181        ,  0.000000000000000e+00,  1.374300193303183e-01,  0.000000000000000e+00
3006        ,  1.215300000000000e+00,  7.951688711393962e-01,  8.158504770774181e+01
3465        ,  1.376900000000000e+00,  1.372560112812395e+00,  1.532038852879757e+02
3925        ,  4.481500000000000e+00,  4.430615608421847e+00,  5.325210000000000e+02
3059        ,  0.000000000000000e+00,  1.374300193303183e-01,  0.000000000000000e+00
4527        ,  2.819700000000000e+00,  2.502063678101579e+00,  2.933059972534265e+02
3674        ,  4.303999999999999e-01,  3.346426994312408e-01,  2.446199714423395e+01
3966        ,  1.750200000000000e+00,  9.969006649690852e-01,  1.066075896763298e+02
4508        ,  4.478999999999997e-01,  1.374300193303183e-01,  0.000000000000000e+00
3441        ,  2.360700000000000e+00,  2.127324083595199e+00,  2.468237990197464e+02
5065        ,  7.812999999999999e-01,  7.827633660705006e-01,  8.004628544654842e+01
5275        ,  0.000000000000000e+00,  1.374300193303183e-01,  0.000000000000000e+00
5366        ,  4.962000000000000e-01,  4.050734866413397e-01,  3.319813781590840e+01
3896        ,  5.040999999999999e+00,  4.343086448180717e+00,  5.216640000000000e+02
4177        ,  2.914400000000000e+00,  2.895488453921328e+00,  3.421058803930329e+02
4213        ,  0.000000000000000e+00,  1.374300193303183e-01,  0.000000000000000e+00
4686        ,  5.896000000000001e-01,  2.019688043009746e+00,  2.334727684669919e+02
5490        ,  2.288300000000000e+00,  2.450908986997984e+00,  2.869608377684993e+02
4550        ,  0.000000000000000e+00,  1.374300193303183e-01,  0.000000000000000e+00
4661        ,  5.475600000000000e+00,  5.118894304722303e+00,  6.178941691832532e+02
5656        ,  2.185500000000000e+00,  2.254513323257630e+00,  2.626001822411877e+02
3424        ,  0.000000000000000e+00,  1.374300193303183e-01,  0.000000000000000e+00
5135        ,  1.470899999999999e+00,  1.374300193303183e-01,  0.000000000000000e+00
3550        ,  2.619400000000000e+00,  1.863149623130026e+00,  2.140559521745454e+02
5684        ,  4.439300000000000e+00,  5.263073791991743e+00,  6.357780000000001e+02
3012        ,  0.000000000000000e+00,  1.374300193303183e-01,  0.000000000000000e+00
3826        ,  3.180200000000001e+00,  3.399586321795526e+00,  4.046335058887293e+02
3531        ,  4.588000000000001e-01,  4.684117185442734e-01,  4.105452741082443e+01
4370        ,  8.121000000000000e-01,  1.003945309330694e+00,  1.074813979434636e+02
4032        ,  5.322200000000000e+00,  4.863886977079396e+00,  5.862634012358409e+02
5577        ,  2.700600000000000e+00,  2.961265718339985e+00,  3.502648043199391e+02
4913        ,  1.940700000000000e+00,  1.764518393520456e+00,  2.018218663347969e+02
3362        ,  0.000000000000000e+00,  1.374300193303183e-01,  0.000000000000000e+00
3287        ,  5.146999999999995e-01,  4.984665503174406e-01,  4.478248855728527e+01
5906        ,  0.000000000000000e+00,  3.410996231788196e+00,  4.060487758678900e+02
4511        ,  3.130800000000000e+00,  2.814080162855536e+00,  3.320081048212529e+02
4340        ,  0.000000000000000e+00,  1.374300193303183e-01,  0.000000000000000e+00
3834        ,  0.000000000000000e+00,  1.374300193303183e-01,  0.000000000000000e+00
3022        ,  0.000000000000000e+00,  1.374300193303183e-01,  0.000000000000000e+00
3584        ,  3.670800000000000e+00,  3.793346565369406e+00,  4.534750000000001e+02
4289        ,  4.016000000000002e-01,  3.083193471709362e-01,  2.119688372714176e+01
5632        ,  2.338000000000005e-01,  1.374300193303183e-01,  0.000000000000000e+00
4039        ,  6.776000000000000e-01,  8.431630658935079e-01,  8.753818345141754e+01
5364        ,  0.000000000000000e+00,  1.374300193303183e-01,  0.000000000000000e+00
3560        ,  1.123000000000000e+00,  3.558007439137530e-01,  2.708641269116494e+01
3762        ,  3.050900000000000e+00,  3.171198059194424e+00,  3.763045311764255e+02
3353        ,  1.561700000000000e+00,  1.442194357344389e+00,  1.618412238709249e+02
4694        ,  2.325100000000000e+00,  2.911669857043861e+00,  3.441130000000001e+02
5479        ,  1.344900000000000e+00,  1.064422223968078e+00,  1.149828735706632e+02
4903        ,  1.562900000000000e+00,  1.955273057722391e+00,  2.254828198220123e+02
5805        ,  3.861999999999999e-01,  5.644997673584514e-01,  5.297316050523082e+01
3144        ,  2.984600000000000e+00,  2.512957021708949e+00,  2.946571930288619e+02
4227        ,  4.606999999999999e-01,  1.059508719211052e+00,  1.143734090105090e+02
4874        ,  2.149500000000000e+00,  1.372949160798372e+00,  1.532521422799555e+02
3245        ,  0.000000000000000e+00,  1.374300193303183e-01,  0.000000000000000e+00
5437        ,  3.014500000000000e+00,  3.041677872774620e+00,  3.602390204359369e+02
5916        ,  9.017999999999997e-01,  1.072506853627246e+00,  1.159856802235293e+02
3972        ,  9.501000000000001e-01,  5.909617937634349e-01,  5.625547487780611e+01
4236        ,  1.189800000000000e+00,  1.421551289575851e+00,  1.592806853470137e+02
5331        ,  1.814300000000000e+00,  1.226958904060314e+00,  1.351437060395230e+02
3784        ,  2.679300000000000e+00,  2.635312613298873e+00,  3.098340170065194e+02
3934        ,  1.132800000000000e+00,  1.012690725783205e+00,  1.085661677066299e+02
3823        ,  1.302100000000000e+00,  1.377544957153002e+00,  1.538221987146883e+02
4080        ,  2.228600000000000e+00,  2.598157317084645e+00,  3.052253237449072e+02
3187        ,  0.000000000000000e+00,  1.374300193303183e-01,  0.000000000000000e+00
4131        ,  8.060000000000000e-01,  5.350905389981632e-01,  4.932527914285929e+01
4086        ,  1.453300000000000e+00,  7.296666541395930e-01,  7.346024029490100e+01
3601        ,  2.851500000000000e+00,  2.804009876767537e+00,  3.307590000000000e+02
3444        ,  2.131800000000000e+00,  2.222221629648772e+00,  2.585947637435630e+02
4129        ,  2.116100000000000e+00,  2.052615992301069e+00,  2.375571072687242e+02
4735        ,  0.000000000000000e+00,  1.374300193303183e-01,  0.000000000000000e+00
4586        ,  1.556100000000000e+00,  1.874569161329265e+00,  2.154724164235750e+02
3064        ,  0.000000000000000e+00,  1.966939299491872e-01,  7.351016230665423e+00
5408        ,  2.319000000000000e+00,  1.587411863068470e+00,  1.798538091088386e+02
4861        ,  0.000000000000000e+00,  1.374300193303183e-01,  0.000000000000000e+00
2990        ,  0.000000000000000e+00,  1.374300193303183e-01,  0.000000000000000e+00
4891        ,  2.943400000000000e+00,  1.374300193303183e-01,  0.000000000000000e+00
3434        ,  0.000000000000000e+00,  1.374300193303183e-01,  0.000000000000000e+00
5588        ,  0.000000000000000e+00,  1.374300193303183e-01,  0.000000000000000e+00
4890        ,  2.595300000000000e+00,  2.713288163569283e+00,  3.195060000000000e+02
4512        ,  7.999000000000001e-01,  5.045454060398276e-01,  4.553650169297788e+01
5514        ,  0.000000000000000e+00,  1.374300193303183e-01,  0.000000000000000e+00
5517        ,  1.991000000000000e+00,  1.759857382852998e+00,  2.012437208038997e+02
3963        ,  0.000000000000000e+00,  1.374300193303183e-01,  0.000000000000000e+00
5146        ,  3.059299999999999e+00,  3.205754222738386e+00,  3.805908314969500e+02
4277        ,  2.930600000000000e+00,  2.669062526082421e+00,  3.140203110607700e+02
3758        ,  0.000000000000000e+00,  1.374300193303183e-01,  0.000000000000000e+00
4125        ,  1.822700000000000e+00,  1.590351699018720e+00,  1.802184624292170e+02
3651        ,  2.001500000000000e+00,  2.002985480764020e+00,  2.314010049792321e+02
3822        ,  1.651400000000000e+00,  1.145620824765068e+00,  1.250546394418805e+02
3521        ,  0.000000000000000e+00,  1.374300193303183e-01,  0.000000000000000e+00
3018        ,  0.000000000000000e+00,  1.833117565836365e-01,  5.691109339870049e+00
4198        ,  4.097700000000001e+00,  3.930532703930908e+00,  4.704913851939065e+02
3040        ,  0.000000000000000e+00,  1.374300193303183e-01,  0.000000000000000e+00
4677        ,  0.000000000000000e+00,  1.716867580402484e+00,  1.959113231901281e+02
3661        ,  4.347600000000000e+00,  3.983658194424587e+00,  4.770810000000000e+02
4706        ,  3.862500000000000e+00,  4.057526071088193e+00,  4.862434726517131e+02
3870        ,  1.333400000000000e+00,  5.998135506645801e-01,  5.735343496803183e+01
4345        ,  1.651000000000000e+00,  1.356049074384676e+00,  1.511558781585127e+02
5042        ,  3.263400000000000e+00,  3.162764420287872e+00,  3.752584338831784e+02
3404        ,  2.820000000000000e-02,  1.374300193303183e-01,  0.000000000000000e+00
4400        ,  2.935200000000000e+00,  2.053582567790392e+00,  2.376770000000000e+02
3787        ,  0.000000000000000e+00,  1.374300193303183e-01,  0.000000000000000e+00
3249        ,  0.000000000000000e+00,  1.374300193303183e-01,  0.000000000000000e+00
4790        ,  1.588000000000000e+00,  6.315866612179754e-01,  6.129452911686060e+01
4553        ,  3.322600000000000e+00,  3.316438374748986e+00,  3.943199457152126e+02
4068        ,  6.594600000000000e+00,  5.529563281884949e+00,  6.688330000000001e+02
3957        ,  2.369100000000000e+00,  1.803430757282479e+00,  2.066485039056410e+02
5733        ,  3.228000000000000e-01,  4.533126147885100e-01,  3.918165477015569e+01
4717        ,  0.000000000000000e+00,  1.374300193303183e-01,  0.000000000000000e+00
4841        ,  4.640900000000000e+00,  3.815073661883162e+00,  4.561700000000000e+02
3304        ,  2.330000000000010e-02,  3.136412061582060e-01,  2.185700000000001e+01
4866        ,  4.522399999999999e+00,  3.908101107772670e+00,  4.677090000000000e+02
5817        ,  3.843800000000000e+00,  3.931589201759147e+00,  4.706224317718651e+02
3288        ,  0.000000000000000e+00,  1.374300193303183e-01,  0.000000000000000e+00
3496        ,  4.153700000000000e+00,  3.832721385173926e+00,  4.583590000000000e+02
3796        ,  3.416900000000000e+00,  2.863160788500904e+00,  3.380960000000000e+02
5409        ,  5.116999999999998e-01,  1.374300193303183e-01,  0.000000000000000e+00
5518        ,  0.000000000000000e+00,  1.374300193303183e-01,  0.000000000000000e+00
5282        ,  3.805300000000000e+00,  3.744259983605282e+00,  4.473863660322464e+02
3828        ,  3.228500000000000e+00,  3.322663142524625e+00,  3.950920575868898e+02
5063        ,  0.000000000000000e+00,  1.374300193303183e-01,  0.000000000000000e+00
3767        ,  0.000000000000000e+00,  1.374300193303183e-01,  0.000000000000000e+00
3252        ,  4.925999999999999e-01,  2.845866057155315e-01,  1.825310621035196e+01
5068        ,  2.732000000000000e+00,  2.507995380124624e+00,  2.940417576410138e+02
4141        ,  3.190800000000000e+00,  3.517770707492344e+00,  4.192929390647763e+02
5266        ,  2.960300000000000e+00,  3.091276852864506e+00,  3.663912116068840e+02
5838        ,  1.495700000000000e+00,  1.816943085629404e+00,  2.083245550462943e+02
5692        ,  2.643300000000000e+00,  2.384226494914945e+00,  2.786896306124942e+02
3463        ,  1.951400000000000e+00,  1.967366763685787e+00,  2.269829069390699e+02
4422        ,  4.267999999999996e-01,  6.742189779827776e-01,  6.658258468417498e+01
3366        ,  0.000000000000000e+00,  1.374300193303183e-01,  0.000000000000000e+00
3028        ,  0.000000000000000e+00,  1.374300193303183e-01,  0.000000000000000e+00
3709        ,  2.167100000000000e+00,  1.768143382439295e+00,  2.022715051132726e+02
5803        ,  2.048100000000000e+00,  2.131192266689876e+00,  2.473036032786152e+02
3373        ,  0.000000000000000e+00,  1.374300193303183e-01,  0.000000000000000e+00
3043        ,  8.247000000000004e-01,  1.044106350650888e+00,  1.124629198090014e+02
4325        ,  2.300000000000000e-01,  4.576149518200348e+00,  5.505728315737560e+02
4983        ,  0.000000000000000e+00,  3.503647881672427e+00,  4.175411626338768e+02
3757        ,  1.403600000000000e+00,  1.349941885596817e+00,  1.503983506272634e+02
5375        ,  2.877700000000000e+00,  2.621147537945642e+00,  3.080770000000000e+02
5835        ,  0.000000000000000e+00,  1.374300193303183e-01,  0.000000000000000e+00
4208        ,  9.359000000000002e-01,  6.968810231659670e-01,  6.939355446700024e+01
5614        ,  1.138500000000000e+00,  1.188734939438024e+00,  1.304024565775044e+02
4094        ,  1.604600000000000e+00,  1.332196384267229e+00,  1.481972223700680e+02
5417        ,  2.387700000000000e+00,  2.462088997542391e+00,  2.883475913274987e+02
5560        ,  3.030600000000000e+00,  2.533284778976273e+00,  2.971786208598082e+02
4436        ,  1.310000000000011e-02,  1.374300193303183e-01,  0.000000000000000e+00
3260        ,  0.000000000000000e+00,  1.374300193303183e-01,  0.000000000000000e+00
4778        ,  3.289100000000000e+00,  3.080869819239608e+00,  3.651003370714235e+02
4478        ,  0.000000000000000e+00,  1.374300193303183e-01,  0.000000000000000e+00
5362        ,  1.485500000000000e+00,  1.135532627355601e+00,  1.238033129242622e+02
4615        ,  0.000000000000000e+00,  1.374300193303183e-01,  0.000000000000000e+00
4697        ,  9.560000000000013e-02,  1.374300193303183e-01,  0.000000000000000e+00
3244        ,  0.000000000000000e+00,  1.374300193303183e-01,  0.000000000000000e+00
5599        ,  1.938499999999999e+00,  2.081263928108144e+00,  2.411105589207287e+02
3817        ,  2.727700000000000e+00,  2.809411587023806e+00,  3.314290209174949e+02
5219        ,  2.218200000000000e+00,  1.969781591962277e+00,  2.272824390095894e+02
5330        ,  5.059900000000001e+00,  4.652622402825607e+00,  5.600584259298447e+02
3165        ,  1.235000000000000e+00,  1.495219506007728e+00,  1.684183924105514e+02
3983        ,  0.000000000000000e+00,  1.374300193303183e-01,  0.000000000000000e+00
5497        ,  0.000000000000000e+00,  1.208868172712360e+00,  1.328997559124608e+02
5238        ,  2.869999999999995e-02,  1.374300193303183e-01,  0.000000000000000e+00
3241        ,  3.769000000000000e-01,  7.974499275411517e-01,  8.186798689378718e+01
5796        ,  1.643200000000000e+00,  1.456594477783535e+00,  1.636273955556196e+02
3337        ,  0.000000000000000e+00,  1.374300193303183e-01,  0.000000000000000e+00
5704        ,  2.854299999999999e+00,  2.992938092272465e+00,  3.541934032330057e+02
2997        ,  0.000000000000000e+00,  1.374300193303183e-01,  0.000000000000000e+00
5034        ,  2.416000000000000e-01,  1.374300193303183e-01,  0.000000000000000e+00
3732        ,  0.000000000000000e+00,  1.374300193303183e-01,  0.000000000000000e+00
4663        ,  1.831000000000000e+00,  1.370894240976703e+00,  1.529972527729340e+02
5472        ,  0.000000000000000e+00,  1.374300193303183e-01,  0.000000000000000e+00
5698        ,  2.943900000000000e+00,  2.970769239207975e+00,  3.514436083411307e+02
4062        ,  5.457999999999998e-01,  3.132329976385699e-01,  2.180636636104495e+01
3569        ,  2.146999999999997e-01,  1.374300193303183e-01,  0.000000000000000e+00
3433        ,  0.000000000000000e+00,  1.374300193303183e-01,  0.000000000000000e+00
3240        ,  1.162500000000000e+00,  1.250921120095138e+00,  1.381159472763107e+02
3761        ,  3.577100000000000e+00,  2.965892061989027e+00,  3.508386498002257e+02
4096        ,  3.949999999999998e-02,  1.398626327872887e+00,  1.564371037506245e+02
5695        ,  2.888000000000000e+00,  2.022464773387812e+00,  2.338171903902871e+02
3785        ,  1.859500000000000e+00,  1.919589735885222e+00,  2.210567082939356e+02
5548        ,  0.000000000000000e+00,  1.374300193303183e-01,  0.000000000000000e+00
3232        ,  9.213999999999998e-01,  9.138504140845494e-01,  9.630614760411727e+01
3655        ,  2.189700000000000e+00,  1.832609356230791e+00,  2.102677783041284e+02
4773        ,  2.457200000000000e+00,  2.045423821344411e+00,  2.366650000000000e+02
5682        ,  3.568200000000000e+00,  3.191550332951668e+00,  3.788290000000000e+02
3749        ,  2.032700000000000e+00,  2.043534472240089e+00,  2.364306476633716e+02
3296        ,  6.007300000000000e+00,  6.010303891653708e+00,  7.284634224315730e+02
5247        ,  0.000000000000000e+00,  1.374300193303183e-01,  0.000000000000000e+00
4033        ,  5.497999999999998e-01,  8.743551150393106e-01,  9.140720352019284e+01
3229        ,  5.016000000000003e-01,  6.279420129924344e-01,  6.084245182426818e+01
4329        ,  2.076200000000000e+00,  1.677989841886351e+00,  1.910889804884862e+02
4634        ,  1.984300000000000e+00,  1.760538216828458e+00,  2.013281705398643e+02
3459        ,  2.935700000000000e+00,  2.767199880545247e+00,  3.261931372876830e+02
5562        ,  3.304500000000000e+00,  3.093379329520127e+00,  3.666520000000000e+02
3652        ,  1.815100000000000e+00,  1.670522318584131e+00,  1.901627188829954e+02
3196        ,  0.000000000000000e+00,  1.374300193303183e-01,  0.000000000000000e+00
5376        ,  2.012700000000000e+00,  2.096967462702505e+00,  2.430584043544252e+02
4509        ,  2.598600000000000e+00,  1.359624267278642e+00,  1.515993403046462e+02
3405        ,  2.360100000000000e+00,  2.175013816073682e+00,  2.527391696698533e+02
5687        ,  3.023600000000000e+00,  2.933809680540112e+00,  3.468591941030465e+02
3624        ,  1.820700000000000e+00,  1.695748891503041e+00,  1.932917892570982e+02
4558        ,  0.000000000000000e+00,  1.374300193303183e-01,  0.000000000000000e+00
3358        ,  0.000000000000000e+00,  1.374300193303183e-01,  0.000000000000000e+00
4098        ,  2.567200000000000e+00,  3.481540559890365e+00,  4.147990000000000e+02
2987        ,  0.000000000000000e+00,  1.374300193303183e-01,  0.000000000000000e+00
3182        ,  0.000000000000000e+00,  1.374300193303183e-01,  0.000000000000000e+00
4229        ,  6.249999999999996e-01,  3.837946564505719e-01,  3.055874017122942e+01
5741        ,  1.094500000000000e+00,  1.157007618227769e+00,  1.264670420775732e+02
4769        ,  1.221900000000000e+00,  1.327236034726118e+00,  1.475819472455326e+02
5485        ,  6.596000000000002e-01,  6.518863595174503e-01,  6.381247655095282e+01
5538        ,  0.000000000000000e+00,  1.374300193303183e-01,  0.000000000000000e+00
3718        ,  0.000000000000000e+00,  1.374300193303183e-01,  0.000000000000000e+00
5220        ,  2.462000000000000e-01,  9.016225509946820e-01,  9.478941981647529e+01
4156        ,  3.097000000000000e+00,  3.104070004811296e+00,  3.679780570684841e+02
5595        ,  1.449800000000000e+00,  1.399457093153767e+00,  1.565401507652385e+02
3518        ,  1.070500000000000e+00,  1.142266896603276e+00,  1.246386226772701e+02
4115        ,  3.576900000000000e+00,  2.450806605949042e+00,  2.869481385600835e+02
4242        ,  5.707000000000000e-01,  6.834126969649268e-01,  6.772296129368677e+01
4813        ,  4.401000000000000e+00,  3.961858105499213e+00,  4.743769461188618e+02
4070        ,  7.039999999999997e-01,  1.374300193303183e-01,  0.000000000000000e+00
4076        ,  3.507100000000000e+00,  3.185998519582022e+00,  3.781403604930267e+02
5496        ,  2.170000000000000e+00,  2.252678345192982e+00,  2.623725740156203e+02
5813        ,  4.605999999999999e-01,  1.374300193303183e-01,  0.000000000000000e+00
5626        ,  2.421200000000000e+00,  2.454309531942916e+00,  2.873826368165585e+02
4416        ,  8.491000000000000e-01,  1.051984572366932e+00,  1.134401238965931e+02
4109        ,  3.027700000000000e+00,  2.900837863728519e+00,  3.427694140327557e+02
4907        ,  3.617400000000000e+00,  3.675529665806220e+00,  4.388611493125986e+02
3926        ,  7.533000000000000e-01,  6.738519627502526e-01,  6.653706060547312e+01
4193        ,  4.166600000000000e+00,  3.864646914745159e+00,  4.623190000000001e+02
3967        ,  2.306200000000000e+00,  2.187994453316346e+00,  2.543492705568646e+02
5159        ,  2.832700000000000e+00,  2.606186665722221e+00,  3.062212734137719e+02
5320        ,  0.000000000000000e+00,  1.374300193303183e-01,  0.000000000000000e+00
3875        ,  2.401300000000000e+00,  2.483097588785175e+00,  2.909534688944097e+02
5355        ,  1.801200000000000e+00,  1.229487715969168e+00,  1.354573764873920e+02
5629        ,  8.353000000000002e-01,  8.704756510964576e-01,  9.092600000000000e+01
3781        ,  1.123700000000000e+00,  1.232454024873869e+00,  1.358253134776432e+02
3148        ,  4.490000000000016e-02,  1.374300193303183e-01,  0.000000000000000e+00
4923        ,  2.503000000000000e+00,  3.690475414528767e+00,  4.407150000000001e+02
3941        ,  1.333200000000000e+00,  1.097022405700698e+00,  1.190265565226761e+02
5524        ,  0.000000000000000e+00,  1.374300193303183e-01,  0.000000000000000e+00
4304        ,  3.197500000000000e+00,  3.711516604509140e+00,  4.433249210707333e+02
4579        ,  0.000000000000000e+00,  1.374300193303183e-01,  0.000000000000000e+00
4652        ,  3.696700000000000e+00,  3.500652596109333e+00,  4.171696314176635e+02
3333        ,  0.000000000000000e+00,  1.374300193303183e-01,  0.000000000000000e+00
3638        ,  3.944000000000000e+00,  3.581485203853642e+00,  4.271960000000000e+02
4414        ,  0.000000000000000e+00,  1.374300193303183e-01,  0.000000000000000e+00
4596        ,  1.153000000000000e-01,  7.426994065824523e-01,  7.507680548166071e+01
4365        ,  4.376200000000001e+00,  4.752620046958364e+00,  5.724620000000000e+02
5703        ,  3.516900000000001e+00,  3.241157589462339e+00,  3.849822177671148e+02
5482        ,  9.074999999999998e-01,  9.586533044458243e-01,  1.018634382180376e+02
4940        ,  4.171100000000000e+00,  4.629795440135705e+00,  5.572270000000001e+02
4040        ,  3.755400000000000e+00,  4.559381911025818e+00,  5.484929999999999e+02
4789        ,  3.575900000000000e+00,  3.597525544617731e+00,  4.291856224206421e+02
4197        ,  1.164100000000000e+00,  9.619199636131411e-01,  1.022686302532617e+02
3154        ,  0.000000000000000e+00,  1.374300193303183e-01,  0.000000000000000e+00
4442        ,  8.890999999999998e-01,  6.617899474727769e-01,  6.504090435872305e+01
3659        ,  1.149999999999984e-02,  1.374300193303183e-01,  0.000000000000000e+00
3802        ,  3.640600000000001e+00,  3.661552093099489e+00,  4.371273898836390e+02
5067        ,  2.608600000000000e+00,  3.570222586477123e+00,  4.257990000000000e+02
5018        ,  1.576900000000000e+00,  1.307783623147141e+00,  1.451690961233335e+02
4723        ,  8.354000000000004e-01,  1.042550158706978e+00,  1.122698918410821e+02
4392        ,  4.559800000000000e+00,  5.067618605394527e+00,  6.115340000000000e+02
3215        ,  2.198300000000000e+00,  1.924693617707250e+00,  2.216897869706771e+02
4996        ,  0.000000000000000e+00,  1.374300193303183e-01,  0.000000000000000e+00
3052        ,  4.224600000000000e+00,  4.217084462286904e+00,  5.060348821485265e+02
4918        ,  1.971800000000000e+00,  1.719243158276396e+00,  1.962059866931939e+02
3617        ,  2.533399999999999e+00,  2.525997316802309e+00,  2.962746937959043e+02
3474        ,  3.947700000000000e+00,  3.653674329452637e+00,  4.361502426143374e+02
3677        ,  0.000000000000000e+00,  1.374300193303183e-01,  0.000000000000000e+00
3637        ,  3.929200000000000e+00,  3.451122624771107e+00,  4.110260000000000e+02
3997        ,  2.932200000000000e+00,  2.702114228219352e+00,  3.181200000000001e+02
5278        ,  1.021200000000000e+00,  1.374300193303183e-01,  0.000000000000000e+00
4114        ,  2.924900000000000e+00,  3.553952170188251e+00,  4.237808393189007e+02
5258        ,  3.733000000000000e-01,  8.788829180577300e-01,  9.196882615241684e+01
3095        ,  0.000000000000000e+00,  1.374300193303183e-01,  0.000000000000000e+00
3011        ,  0.000000000000000e+00,  1.374300193303183e-01,  0.000000000000000e+00
5315        ,  1.127500000000000e+00,  1.238994184789364e+00,  1.366365461686335e+02
5049        ,  3.301000000000000e+00,  3.247576881230968e+00,  3.857784581347821e+02
3790        ,  0.000000000000000e+00,  1.374300193303183e-01,  0.000000000000000e+00
3618        ,  3.023200000000000e+00,  7.498888112554014e-01,  7.596856962425248e+01
3301        ,  1.573000000000000e+00,  1.374300193303183e-01,  0.000000000000000e+00
5077        ,  1.153900000000000e+00,  1.223100272310511e+00,  1.346650865167011e+02
4616        ,  3.628800000000000e+00,  3.207162602042887e+00,  3.807655249827191e+02
3554        ,  3.720300000000000e+00,  3.523898213271489e+00,  4.200529866884586e+02
4917        ,  2.182400000000000e+00,  2.035701735638460e+00,  2.354590854885535e+02
5549        ,  2.207500000000000e+00,  3.113332785502147e+00,  3.691270000000000e+02
3735        ,  4.644100000000000e+00,  4.064536202671711e+00,  4.871130000000000e+02
4467        ,  1.254100000000000e+00,  1.002903739519812e+00,  1.073522030168176e+02
3445        ,  0.000000000000000e+00,  1.374300193303183e-01,  0.000000000000000e+00
4870        ,  2.521100000000000e+00,  2.505703874511516e+00,  2.937575223487640e+02
3261        ,  0.000000000000000e+00,  1.374300193303183e-01,  0.000000000000000e+00
4235        ,  2.754999999999999e-01,  3.712658907704739e-01,  2.900468882863577e+01
5206        ,  2.109000000000000e+00,  2.206737530295325e+00,  2.566741367637399e+02
3947        ,  5.163000000000002e-01,  5.140566245449996e-01,  4.671626051879292e+01
4935        ,  3.557399999999999e+00,  3.585858584209297e+00,  4.277384682516152e+02
5144        ,  1.861700000000000e+00,  1.120775276434295e+00,  1.219728308482177e+02
3332        ,  0.000000000000000e+00,  1.374300193303183e-01,  0.000000000000000e+00
3039        ,  1.061300000000000e+00,  1.270947473808641e+00,  1.405999894134514e+02
4388        ,  0.000000000000000e+00,  1.374300193303183e-01,  0.000000000000000e+00
3816        ,  3.645000000000000e+00,  3.170448118010928e+00,  3.762115094747801e+02
5842        ,  5.800000000000005e-02,  1.374300193303183e-01,  0.000000000000000e+00
3142        ,  0.000000000000000e+00,  1.374300193303183e-01,  0.000000000000000e+00
4664        ,  1.383200000000000e+00,  1.990726924569115e+00,  2.298804700598814e+02
3944        ,  1.181500000000000e+00,  2.015336321219821e+00,  2.329329867149099e+02
4389        ,  1.188300000000000e+00,  1.292416227701029e+00,  1.432629449401300e+02
3399        ,  0.000000000000000e+00,  1.374300193303183e-01,  0.000000000000000e+00
4016        ,  1.261500000000000e+00,  2.057312968116758e+00,  2.381397138685186e+02
3628        ,  1.788400000000000e+00,  1.542647181041419e+00,  1.743012578056064e+02
4525        ,  1.162800000000000e+00,  1.607316985637119e+00,  1.823228138968711e+02
5264        ,  0.000000000000000e+00,  1.374300193303183e-01,  0.000000000000000e+00
4500        ,  0.000000000000000e+00,  1.374300193303183e-01,  0.000000000000000e+00
3940        ,  2.413200000000000e+00,  2.074986251494776e+00,  2.403318843075646e+02
4207        ,  1.619500000000000e+00,  2.972811741134357e+00,  3.516969575490249e+02
4780        ,  3.433200000000000e+00,  3.520299519401197e+00,  4.196066095126452e+02
4836        ,  2.266100000000000e+00,  2.313078499860560e+00,  2.698645284388019e+02
4231        ,  3.127200000000000e+00,  3.261777132719147e+00,  3.875398383420460e+02
3763        ,  0.000000000000000e+00,  1.374300193303183e-01,  0.000000000000000e+00
4562        ,  2.138600000000000e+00,  2.161280678121298e+00,  2.510357296009862e+02
4323        ,  0.000000000000000e+00,  1.374300193303183e-01,  0.000000000000000e+00
3413        ,  1.719700000000000e+00,  1.382072760171422e+00,  1.543838213469124e+02
3021        ,  0.000000000000000e+00,  1.374300193303183e-01,  0.000000000000000e+00
3743        ,  0.000000000000000e+00,  1.374300193303183e-01,  0.000000000000000e+00
5328        ,  0.000000000000000e+00,  1.374300193303183e-01,  0.000000000000000e+00
3455        ,  0.000000000000000e+00,  1.374300193303183e-01,  0.000000000000000e+00
4777        ,  1.779300000000000e+00,  1.828514137787587e+00,  2.097598128842001e+02
5400        ,  3.421000000000000e+00,  3.236391751634114e+00,  3.843910696153618e+02
3626        ,  3.394699999999999e+00,  3.341107728372983e+00,  3.973798993530390e+02
4443        ,  2.707600000000000e+00,  2.847830075639084e+00,  3.361943988755034e+02
3567        ,  3.290600000000000e+00,  3.327280527831885e+00,  3.956647918864400e+02
4372        ,  0.000000000000000e+00,  1.374300193303183e-01,  0.000000000000000e+00
5702        ,  3.637999999999995e-01,  4.786890911881764e-01,  4.232931897157361e+01
3207        ,  0.000000000000000e+00,  1.374300193303183e-01,  0.000000000000000e+00
5191        ,  2.255300000000000e+00,  2.171352299097607e+00,  2.522850000000000e+02
5883        ,  5.354999999999999e-01,  6.107434988184961e-01,  5.870917112247634e+01
3539        ,  2.172700000000000e+00,  2.201789937112614e+00,  2.560604439208437e+02
5478        ,  5.165000000000000e+00,  4.946478957077016e+00,  5.965079999999999e+02
3753        ,  0.000000000000000e+00,  1.374300193303183e-01,  0.000000000000000e+00
3195        ,  8.440000000000003e-02,  1.374300193303183e-01,  0.000000000000000e+00
4979        ,  1.930300000000000e+00,  1.925002399976547e+00,  2.217280879104842e+02
5128        ,  4.194100000000000e+00,  4.062585198086802e+00,  4.868710000000000e+02
5207        ,  0.000000000000000e+00,  1.374300193303183e-01,  0.000000000000000e+00
5603        ,  1.377800000000001e+00,  1.625707691724280e+00,  1.846039724894848e+02
4572        ,  2.515200000000000e+00,  2.347028055689544e+00,  2.740755859494630e+02
5198        ,  3.256600000000000e+00,  3.196417071074926e+00,  3.794326636894340e+02
