0             48|17|div
1             196|214|div
2             64|28|div
3             236|201|div
4             214|196|div
5             191|196|div
6             12|7|div
7             20|17|div
8             129|53|div
9             23|17|div
10            205|201|div
11            16|7|div
12            191|200|div
13            112|17|div
14            16|29|div
15            7|53|div
16            22|17|div
17            129|16|div
18            29|16|div
19            209|201|div
20            87|17|div
21            84|17|div
22            225|201|div
23            191|197|div
24            85|17|div
25            129|12|div
26            28|63|div
27            13|30|div
28            86|17|div
29            13|7|div
30            201|236|div
31            237|191|div
32            89|17|div
33            164|53|div
34            124|12|div
35            129|13|div
36            58|123|div
37            123|12|div
38            234|201|div
39            144|17|div
40            214|197|div
41            156|9|mult
42            123|58|div
43            12|94|div
44            124|53|div
45            63|28|div
46            12|123|div
47            9|cbrt
48            129|134|div
49            60|12|div
50            226|196|div
51            34|17|div
52            164|134|div
53            105|58|div
54            124|17|div
55            124|16|div
56            164|16|div
57            48|175|div
58            48|138|div
59            117|17|div
60            129|135|div
61            129|125|div
62            164|138|div
63            226|200|div
64            164|133|div
65            124|25|mult
66            48|134|div
67            59|12|div
68            9|sqrt
69            129|133|div
70            156|40|mult
71            138|129|div
72            39|17|div
73            64|9|div
74            12|124|div
75            244|201|div
76            129|138|div
77            53|129|div
78            129|55|mult
79            12|59|div
80            138|28|mult
81            64|17|div
82            48|135|div
83            147|17|div
84            129|175|div
85            105|17|div
86            12|34|div
87            134|129|div
88            16|94|div
89            12|78|div
90            63|28|abd
91            123|16|div
92            105|57|div
93            63|28|sub
94            244|237|div
95            16|9|mult
96            213|237|div
97            112|53|div
98            55|41|mult
99            58|inv
100           12|9|mult
101           129|4|div
102           164|135|div
103           94|12|div
104           25|179|div
105           135|129|div
106           63|9|div
107           239|193|div
108           22|53|div
109           22|179|div
110           138|7|div
111           16|129|div
112           12|42|div
113           9|5|mult
114           9|25|div
115           134|7|div
116           164|4|div
117           138|164|div
118           164|12|div
119           134|28|mult
120           127|9|mult
121           98|17|div
122           78|58|abd
123           9|22|div
124           179|58|add
125           105|61|sub
126           87|9|div
127           79|58|sub
128           58|9|mult
129           89|9|div
130           84|9|div
131           78|12|div
132           16|78|div
133           63|17|div
134           182|17|div
135           55|184|div
136           129|140|div
137           12|129|div
138           83|17|div
139           55|12|div
140           58|cbrt
141           91|21|add
142           129|154|div
143           16|123|div
144           34|53|div
145           164|17|div
146           64|35|div
147           12|69|div
148           209|237|div
149           118|40|div
150           9|89|div
151           164|175|div
152           94|16|div
153           112|12|div
154           58|sqrt
155           196|244|div
156           91|85|add
157           128|9|mult
158           58|57|add
159           105|12|div
160           86|9|div
161           162|9|add
162           16|42|div
163           13|9|mult
164           85|9|div
165           87|53|div
166           164|125|div
167           87|12|div
168           5|12|div
169           225|237|div
170           84|53|div
171           138|35|mult
172           123|25|mult
173           25|180|div
174           134|164|div
175           243|242|div
176           84|12|div
177           179|25|div
178           16|124|div
179           181|9|mult
180           209|242|div
181           135|28|mult
182           78|58|sub
183           239|200|div
184           58
185           190|196|div
186           180|9|mult
187           27|25|add
188           14|9|mult
189           58|59|div
190           9|6|mult
191           78|16|div
192           131|9|add
193           241|209|div
194           179|9|mult
195           134|9|mult
196           1|17|div
197           129|17|div
198           17|inv
199           184|134|mult
200           70|17|div
201           91|25|add
202           12|6|div
203           57|105|div
204           57|9|mult
205           35|16|mult
206           55|134|div
207           15|9|mult
208           103|17|div
209           135|7|div
210           87|58|div
211           64|40|div
212           60|16|div
213           179|58|mult
214           59|9|mult
215           112|9|div
216           134|151|div
217           9|105|div
218           200|218|div
219           84|58|div
220           40|16|mult
221           58|12|add
222           264|211|add
223           58|57|mult
224           28|16|mult
225           135|9|mult
226           193|204|div
227           12|79|div
228           242|209|div
229           184|138|mult
230           89|53|div
231           12|5|div
232           134|35|mult
233           9|23|div
234           203|201|div
235           55|135|div
236           129|137|div
237           129|85|mult
238           87|179|div
239           64|150|div
240           12|77|div
241           209|241|div
242           69|12|div
243           30|9|mult
244           129|136|div
245           270|85|add
246           138|151|div
247           123|53|div
248           79|17|div
249           91|89|add
250           84|179|div
251           70|12|div
252           129|32|div
253           111|133|div
254           55|22|mult
255           135|164|div
256           138|9|mult
257           70|9|div
258           22|180|div
259           196|209|div
260           22|58|div
261           181|58|add
262           86|53|div
263           53|164|div
264           122|9|mult
265           22|9|div
266           124|58|div
267           89|58|div
268           105|9|div
269           160|125|div
270           55|138|div
271           232|17|div
272           42|53|div
273           79|12|div
274           124|180|div
275           9|87|div
276           206|241|div
277           89|12|div
278           209|193|div
279           206|196|div
280           9|84|div
281           123|9|div
282           124|13|div
283           164|13|div
284           86|12|div
285           193|205|div
286           57|123|div
287           179|22|div
288           9|86|div
289           17|116|div
290           25|12|div
291           16|69|div
292           135|151|div
293           89|179|div
294           239|129|mult
295           58|sq
296           20|179|div
297           47|133|div
298           270|21|add
299           40|12|mult
300           5|17|div
301           112|16|div
302           136|9|mult
303           124|179|div
304           134|58|add
305           124|133|div
306           218|196|div
307           55|179|div
308           12|105|div
309           85|53|div
310           129|8|div
311           184|135|mult
312           161|17|div
313           41|179|div
314           55|40|div
315           23|179|div
316           87|57|div
317           41|180|div
318           20|53|div
319           9
320           48|162|div
321           105|53|div
322           135|35|mult
323           134|40|mult
324           77|12|div
325           179|12|add
326           55|180|div
327           131|40|add
328           12|89|div
329           137|9|mult
330           180|58|add
331           16|79|div
332           17|117|div
333           124|9|div
334           84|57|div
335           9|123|div
336           48|131|div
337           224|209|div
338           118|9|div
339           164|8|div
340           9|161|div
341           20|9|div
342           9|124|div
343           69|16|div
344           134|29|div
345           9|85|div
346           40|cbrt
347           58|105|div
348           12|inv
349           175|61|add
350           12|70|div
351           152|9|mult
352           12|98|div
353           85|12|div
354           40|89|div
355           138|40|mult
356           207|237|div
357           138|58|add
358           121|9|mult
359           175|129|div
360           266|9|div
361           239|201|div
362           23|9|div
363           87|16|div
364           12|cbrt
365           135|40|mult
366           9|60|div
367           9|41|div
368           138|34|div
369           9|70|div
370           164|55|mult
371           9|182|div
372           184|12|mult
373           53|9|mult
374           86|58|div
375           138|29|div
376           123|17|div
377           151|17|div
378           181|58|mult
379           17|129|div
380           55|133|div
381           28|25|add
382           42|9|mult
383           9|50|div
384           79|53|div
385           12|sqrt
386           84|16|div
387           123|58|sub
388           108|105|abd
389           57|12|add
390           9|inv
391           16|164|div
392           123|58|abd
393           134|34|div
394           55|25|mult
395           180|57|add
396           17|144|div
397           58|12|mult
398           41|12|div
399           40|15|mult
400           127|40|mult
401           40|13|mult
402           135|58|add
403           57|89|div
404           138|38|div
405           142|17|div
406           53|124|div
407           205|193|div
408           60|9|div
409           93|9|mult
410           58|89|div
411           234|193|div
412           128|58|add
413           57|inv
414           184|16|mult
415           124|134|div
416           179|124|div
417           243|200|div
418           13|129|div
419           50|12|div
420           112|134|div
421           164|140|div
422           63|40|div
423           79|9|div
424           55|58|div
425           180|12|add
426           25|181|div
427           184|9|mult
428           55|175|div
429           122|9|div
430           77|9|div
431           179|105|div
432           86|179|div
433           61|53|add
434           78|12|sub
435           58|16|add
436           79|16|div
437           64|133|div
438           70|9|mult
439           57|cbrt
440           22|134|div
441           111|9|div
442           41|181|div
443           105|25|mult
444           127|17|div
445           58|6|add
446           237|218|div
447           57|sqrt
448           137|40|mult
449           89|57|div
450           179|57|add
451           232|188|div
452           20|134|div
453           80|9|mult
454           179|60|div
455           78|16|sub
456           154|129|div
457           122|17|div
458           55|13|div
459           25|134|div
460           151|12|div
461           200|243|div
462           79|9|mult
463           79|12|sub
464           40|9|add
465           23|134|div
466           12|164|div
467           48|33|mult
468           160|133|div
469           123|57|div
470           12
471           123|13|div
472           25|inv
473           225|193|div
474           184|53|mult
475           40|14|mult
476           94|53|div
477           189|193|div
478           179|89|div
479           138|98|div
480           59|16|sub
481           129|9|div
482           179|12|mult
483           181|25|div
484           162|40|add
485           124|89|mult
486           57|22|div
487           57
488           190|209|div
489           200|244|div
490           9|121|div
491           105|179|div
492           123|9|mult
493           1|9|div
494           40|sqrt
495           87|134|div
496           9|98|div
497           136|40|mult
498           16|98|div
499           172|17|div
#-----------------------------------------------------------------------
500           245|cbrt
501           62|39|mult
502           62|147|div
503           161|62|mult
504           156|62|mult
505           62|144|div
506           106|62|mult
507           62|42|mult
508           184|62|mult
509           62|35|div
510           93|62|mult
511           69|62|mult
512           80|62|mult
513           62|5|mult
514           62|7|mult
515           121|62|mult
516           71|62|mult
517           103|62|mult
518           124|62|mult
519           62|60|mult
520           62|142|div
521           112|62|mult
522           62|50|div
523           105|62|mult
524           123|62|mult
525           78|62|mult
526           127|62|mult
527           62|34|mult
528           77|62|mult
529           122|62|mult
530           179|62|mult
531           76|62|mult
532           182|62|mult
533           62|abs
534           62|57|mult
535           62|98|div
536           62|48|mult
537           62|70|div
538           62|145|div
539           62|59|div
540           62|21|mult
541           62|6|div
542           62|99|div
543           86|62|mult
544           62|36|div
545           62|29|mult
546           62|19|mult
547           62|58|div
548           102|62|mult
549           62|23|mult
550           70|62|mult
551           62|181|div
552           62|117|div
553           84|62|mult
554           79|62|mult
555           87|62|mult
556           62|79|div
557           62|59|mult
558           62|152|div
559           62|122|div
560           62|143|div
561           62|57|div
562           62|38|mult
563           85|62|mult
564           156|129|div
565           62|6|mult
566           62|20|mult
567           62|123|div
568           181|62|mult
569           62|128|div
570           62|14|div
571           62|15|div
572           128|62|mult
573           62|180|div
574           62|50|mult
575           62|41|mult
576           151|62|mult
577           62|29|div
578           66|62|sub
579           62|182|div
580           62|60|div
581           62|22|mult
582           62|78|div
583           62|105|div
584           62|58|mult
585           62|41|div
586           89|62|mult
587           62|121|div
588           62|25|mult
589           96|62|mult
590           62|12|mult
591           62|124|div
592           185|62|mult
593           62|53|div
594           62|34|div
595           62|25|div
596           62|179|div
597           62|13|mult
598           62|77|div
599           265|62|mult
600           62|16|mult
601           175|62|mult
602           62|1|mult
603           98|62|mult
604           62|13|div
605           62|9|div
606           62|76|div
607           62|14|mult
608           129|184|div
609           180|62|mult
610           62|5|div
611           62|136|div
612           62|53|mult
613           62|12|div
614           62|94|div
615           62|73|div
616           62|69|div
617           62|55|mult
618           62|32|mult
619           62|15|mult
620           62|24|div
621           62|80|div
622           62|129|div
623           62|89|div
624           62|sqrt
625           62|7|div
626           62|137|div
627           62|38|div
628           296|184|div
629           62|16|div
630           72|134|div
631           68|134|div
632           62|164|div
633           156|164|div
634           62|1|div
635           62|127|div
636           72|138|div
637           68|175|div
638           247|71|div
639           72|175|div
640           139|8|div
641           129|1|mult
642           68|138|div
643           296|129|mult
644           68|135|div
645           62|118|div
646           72|135|div
647           117|62|mult
648           101|62|mult
649           143|62|mult
650           82|62|mult
651           129|180|div
652           251|71|div
653           62|22|div
654           62|40|div
655           129|179|div
656           67|62|mult
657           291|251|mult
658           291|247|mult
659           62|sq
660           83|62|mult
661           62|158|div
662           116|134|div
663           62|37|mult
664           135|62|mult
665           62|161|div
666           134|62|mult
667           62|100|div
668           296|160|mult
669           116|175|div
670           247|102|div
671           251|102|div
672           116|138|div
673           116|135|div
674           127|129|div
675           147|62|mult
676           129|156|div
677           62|28|div
678           136|62|mult
679           62|20|div
680           245|97|div
681           247|184|div
682           247|106|div
683           247|157|div
684           62|154|div
685           62|42|div
686           62|17|div
687           137|62|mult
688           247|83|mult
689           157|62|mult
690           145|62|mult
691           62|23|div
692           251|157|div
693           251|106|div
694           164|184|div
695           129|128|div
696           296|71|div
697           62|160|div
698           63|62|mult
699           156|160|div
700           129|152|div
701           251|83|mult
702           164|179|div
703           155|62|mult
704           129|181|div
705           245|126|mult
706           251|184|div
707           247|34|mult
708           263|62|mult
709           129|62|mult
710           62|28|mult
711           68|179|div
712           177|62|mult
713           247|134|div
714           247|138|div
715           245|130|mult
716           245|81|div
717           164|180|div
718           251|34|mult
719           251|96|div
720           160|62|mult
721           247|112|mult
722           62|21|div
723           129|68|mult
724           127|164|div
725           164|62|mult
726           126|8|div
727           139|4|div
728           247|98|mult
729           247|135|div
730           62|26|div
731           247|1|mult
732           138|62|mult
733           251|138|div
734           251|134|div
735           247|55|mult
736           247|96|div
737           245|119|div
738           62|135|div
739           62|32|div
740           72|179|div
741           247|175|div
742           129|72|mult
743           52|175|div
744           251|55|mult
745           247|115|mult
746           52|138|div
747           247|93|div
748           62|87|div
749           62|84|div
750           184|129|div
751           251|112|mult
752           247|8|div
753           251|98|mult
754           251|135|div
755           296|164|mult
756           68|184|div
757           144|62|mult
758           247|77|div
759           164|1|mult
760           129|117|mult
761           251|115|mult
762           247|4|div
763           62|175|div
764           62|39|div
765           72|184|div
766           62|163|div
767           247|180|div
768           247|182|div
769           251|175|div
770           251|1|mult
771           251|155|mult
772           117|179|div
773           251|93|div
774           247|155|mult
775           62|86|div
776           247|129|mult
777           62|159|div
778           251|8|div
779           295|cbrt
780           247|89|mult
781           247|179|div
782           247|161|div
783           247|160|mult
784           62|103|div
785           129|86|mult
786           247|80|div
787           296|157|div
788           247|87|mult
789           129|57|div
790           129|87|mult
791           142|62|mult
792           251|4|div
793           247|84|mult
794           129|22|mult
795           129|84|mult
796           129|30|div
797           251|77|div
798           62|134|div
799           68|180|div
800           296|111|mult
801           289|55|mult
802           296|43|sub
803           247|81|mult
804           108|62|mult
805           247|127|div
806           247|69|div
807           251|180|div
808           52|134|div
809           251|89|mult
810           251|81|mult
811           247|79|div
812           245|74|div
813           296|106|div
814           251|182|div
815           251|87|mult
816           62|4|div
817           129|182|div
818           251|119|mult
819           247|119|mult
820           129|58|div
821           251|84|mult
822           251|161|div
823           247|64|mult
824           247|58|div
825           129|155|div
826           251|179|div
827           72|180|div
828           62|63|div
829           247|76|div
830           247|86|mult
831           247|25|mult
832           247|181|div
833           62|cbrt
834           245|104|div
835           92|62|mult
836           247|128|div
837           62|157|div
838           247|85|mult
839           251|80|div
840           62|104|div
841           247|78|div
842           116|179|div
843           247|172|mult
844           247|63|mult
845           247|53|div
846           247|13|div
847           289|119|mult
848           247|123|div
849           291|62|mult
850           247|sqrt
851           251|69|div
852           62|33|div
853           116|108|abd
854           247|7|div
855           152|129|div
856           247|68|div
857           251|64|mult
858           247|22|mult
859           247|12|div
860           247|124|div
861           251|85|mult
862           251|25|mult
863           251|129|mult
864           266|62|mult
865           251|79|div
866           251|86|mult
867           247|70|div
868           251|127|div
869           247|42|div
870           247|16|div
871           179|129|div
872           296|83|mult
873           247|105|mult
874           251|sqrt
875           247|60|div
876           251|58|div
877           251|68|div
878           251|128|div
879           247|122|div
880           251|181|div
881           251|160|mult
882           129|89|mult
883           251|13|div
884           251|63|mult
885           126|68|sub
886           247|231|add
887           251|72|div
888           296|169|add
889           247|6|div
890           259|62|mult
891           247|72|div
892           251|53|div
893           247|41|add
894           247|227|sub
895           247|59|div
896           296|76|div
897           251|78|div
898           251|76|div
899           129|6|div
900           247|5|div
901           245|138|mult
902           164|68|mult
903           251|124|div
904           52|135|div
905           251|22|mult
906           251|7|div
907           295|247|abd
908           245|150|div
909           247|117|div
910           247|20|mult
911           247|29|div
912           129|5|div
913           62|54|div
914           68|12|div
915           251|32|div
916           251|123|div
917           251|16|div
918           251|12|div
919           289|105|add
920           251|172|mult
921           164|181|div
922           164|128|div
923           247|57|div
924           295|247|sub
925           303|133|div
926           247|234|add
927           247|111|mult
928           247|121|div
929           164|72|mult
930           62|37|div
931           247|163|add
932           247|227|abd
933           62|85|div
934           245|32|mult
935           251|42|div
936           62|125|div
937           247|105|add
938           247|32|div
939           164|127|div
940           251|60|div
941           247|126|abd
942           130|72|abd
943           72|12|div
944           287|247|abd
945           172|62|mult
946           62|18|mult
947           287|247|sub
948           247|107|sub
949           251|70|div
950           247|107|abd
951           251|105|mult
952           247|228|add
953           247|235|add
954           247|126|sub
955           247|233|add
956           286|247|sub
957           289|247|add
958           247|23|mult
959           264|46|mult
960           247|232|add
961           245|134|mult
962           251|20|mult
963           247|108|abd
964           247|237|add
965           289|41|add
966           247|136|div
967           247|61|abd
968           247|61|sub
969           247|68|add
970           247|108|sub
971           184|164|div
972           286|247|abd
973           289|102|div
974           289|96|div
975           251|6|div
976           5|129|div
977           247|166|add
978           62|8|div
979           247|152|div
980           247|111|add
981           247|38|div
982           247|116|add
983           251|29|div
984           247|4|abd
985           247|43|sub
986           247|110|add
987           62|3|mult
988           247|115|abd
989           251|122|div
990           291|247|add
991           251|59|div
992           290|247|add
993           247|51|abd
994           247|173|sub
995           247|174|sub
996           247|173|abd
997           247|51|sub
998           247|115|sub
999           247|183|abd
#-----------------------------------------------------------------------
1000          266|260|mult
1001          62|150|div
1002          139|17|div
1003          139|52|div
1004          296|102|div
1005          126|4|div
1006          130|8|div
1007          264|260|mult
1008          155|97|div
1009          172|138|div
1010          62|88|div
1011          172|162|div
1012          303|140|div
1013          172|131|div
1014          126|52|div
1015          296|291|mult
1016          130|4|div
1017          155|33|div
1018          139|116|div
1019          303|125|div
1020          172|134|div
1021          184|179|mult
1022          296|119|mult
1023          68|162|div
1024          72|162|div
1025          110|105|add
1026          172|133|div
1027          296|32|div
1028          68|131|div
1029          62|97|div
1030          72|131|div
1031          263|260|mult
1032          154|62|mult
1033          302|71|div
1034          296|96|div
1035          117|134|div
1036          117|135|div
1037          266|263|abd
1038          296|55|mult
1039          296|93|div
1040          296|161|div
1041          128|69|abd
1042          172|135|div
1043          172|148|div
1044          52|131|div
1045          68|133|div
1046          52|162|div
1047          130|52|div
1048          62|55|div
1049          296|182|div
1050          296|134|div
1051          72|133|div
1052          296|1|mult
1053          155|139|mult
1054          62|90|div
1055          296|138|div
1056          117|175|div
1057          62|81|div
1058          289|126|sub
1059          62|119|div
1060          68|148|div
1061          117|138|div
1062          296|135|div
1063          72|148|div
1064          296|77|div
1065          296|133|div
1066          131|36|div
1067          296|80|div
1068          184|180|mult
1069          296|4|div
1070          181|69|abd
1071          296|175|div
1072          17|133|div
1073          296|64|mult
1074          296|172|mult
1075          117|180|div
1076          8|131|div
1077          126|116|div
1078          126|62|mult
1079          296|12|div
1080          139|72|div
1081          8|162|div
1082          296|53|div
1083          296|13|div
1084          126|17|div
1085          296|7|div
1086          89|184|div
1087          162|36|div
1088          303|162|div
1089          296|16|div
1090          303|148|div
1091          159|62|mult
1092          296|79|div
1093          184|13|mult
1094          296|63|mult
1095          266|52|mult
1096          81|133|div
1097          296|179|div
1098          296|180|div
1099          296|69|div
1100          157|138|mult
1101          116|162|div
1102          201|131|div
1103          87|184|div
1104          139|68|div
1105          111|62|mult
1106          4|131|div
1107          296|112|mult
1108          296|38|div
1109          117|12|div
1110          296|42|div
1111          84|184|div
1112          296|125|div
1113          4|162|div
1114          17|162|div
1115          303|131|div
1116          126|72|div
1117          85|184|div
1118          117|13|div
1119          184|128|mult
1120          296|8|div
1121          116|131|div
1122          172|175|div
1123          201|162|div
1124          296|78|div
1125          296|140|div
1126          17|131|div
1127          266|17|mult
1128          62|4|mult
1129          184|181|mult
1130          289|264|mult
1131          296|58|div
1132          135|98|div
1133          134|98|div
1134          155|126|mult
1135          290|133|div
1136          157|135|mult
1137          62|52|mult
1138          296|87|mult
1139          296|81|mult
1140          184|89|div
1141          157|134|mult
1142          12|117|div
1143          296|84|mult
1144          296|25|mult
1145          177|97|div
1146          116|133|div
1147          296|29|div
1148          266|82|div
1149          177|55|div
1150          130|116|div
1151          296|89|mult
1152          260|257|mult
1153          296|85|mult
1154          68|55|mult
1155          8|133|div
1156          52|148|div
1157          155|55|div
1158          296|22|mult
1159          302|102|div
1160          296|123|div
1161          86|184|div
1162          74|133|div
1163          62|47|mult
1164          296|86|mult
1165          296|181|div
1166          140|92|mult
1167          296|34|mult
1168          296|121|div
1169          81|138|div
1170          184|175|mult
1171          201|133|div
1172          135|34|div
1173          296|128|div
1174          260|157|div
1175          117|133|div
1176          126|68|div
1177          105|46|add
1178          116|148|div
1179          4|133|div
1180          184|25|div
1181          302|106|div
1182          296|57|div
1183          260|140|div
1184          139|62|mult
1185          264|247|mult
1186          260|172|mult
1187          52|133|div
1188          296|59|div
1189          266|81|mult
1190          296|115|mult
1191          296|60|div
1192          268|260|mult
1193          289|266|mult
1194          282|133|div
1195          260|125|div
1196          68|32|div
1197          282|30|abd
1198          296|6|div
1199          296|70|div
1200          139|36|div
1201          175|117|sub
1202          72|55|mult
1203          296|5|div
1204          201|148|div
1205          301|260|mult
1206          296|65|mult
1207          296|122|div
1208          81|162|div
1209          296|127|div
1210          296|103|mult
1211          130|17|div
1212          303|302|mult
1213          81|134|div
1214          53|46|abd
1215          296|41|mult
1216          296|20|mult
1217          130|62|mult
1218          63|133|div
1219          264|251|mult
1220          296|175|sub
1221          290|140|div
1222          138|92|mult
1223          8|148|div
1224          175|98|div
1225          296|136|div
1226          17|148|div
1227          62|8|mult
1228          176|157|mult
1229          176|92|mult
1230          296|137|div
1231          296|124|div
1232          72|32|div
1233          296|15|div
1234          184|57|mult
1235          296|105|mult
1236          296|152|div
1237          272|62|mult
1238          81|131|div
1239          81|148|div
1240          296|14|div
1241          260|119|mult
1242          266|46|mult
1243          192|131|div
1244          13|34|div
1245          296|50|mult
1246          266|247|mult
1247          260|249|mult
1248          302|260|mult
1249          175|157|mult
1250          282|93|abd
1251          130|72|div
1252          13|98|div
1253          117|16|div
1254          81|125|div
1255          296|154|div
1256          301|184|div
1257          134|117|div
1258          296|147|mult
1259          296|23|mult
1260          300|71|div
1261          81|140|div
1262          81|135|div
1263          131|100|div
1264          290|125|div
1265          302|96|div
1266          184|30|mult
1267          131|cbrt
1268          4|148|div
1269          249|71|div
1270          135|117|div
1271          282|94|abd
1272          68|125|div
1273          179|34|div
1274          117|162|div
1275          81|175|div
1276          264|81|mult
1277          296|293|sub
1278          177|139|mult
1279          55|155|div
1280          155|130|mult
1281          296|117|div
1282          138|131|div
1283          264|17|mult
1284          296|21|mult
1285          260|55|mult
1286          175|131|div
1287          303|259|mult
1288          138|117|div
1289          264|52|mult
1290          192|162|div
1291          296|239|mult
1292          64|140|div
1293          125|36|div
1294          175|34|div
1295          72|125|div
1296          282|152|abd
1297          62|219|div
1298          140|28|mult
1299          303|249|mult
1300          36|140|div
1301          157|18|mult
1302          266|251|mult
1303          302|75|div
1304          296|172|add
1305          301|71|div
1306          17|140|div
1307          135|131|div
1308          296
1309          17|125|div
1310          13|117|div
1311          188|131|div
1312          296|49|add
1313          117|131|div
1314          302|82|div
1315          296|53|abd
1316          296|293|abd
1317          135|92|mult
1318          303|301|mult
1319          36|133|div
1320          139|33|mult
1321          134|131|div
1322          157|140|mult
1323          22|184|div
1324          68|140|div
1325          134|92|mult
1326          131|sqrt
1327          296|292|add
1328          296|292|sub
1329          155|119|div
1330          64|125|div
1331          260|137|div
1332          25|184|div
1333          120|62|mult
1334          140|36|div
1335          260|239|mult
1336          296|162|div
1337          302|67|div
1338          180|77|abd
1339          184|93|mult
1340          184|98|div
1341          177|119|div
1342          266|72|mult
1343          162|100|div
1344          72|140|div
1345          247|133|div
1346          176|83|div
1347          32|98|div
1348          300|18|div
1349          188|162|div
1350          126|36|div
1351          62|234|div
1352          177|33|div
1353          176|35|mult
1354          296|cos
1355          296|292|abd
1356          300|82|div
1357          16|117|div
1358          176|55|div
1359          36|125|div
1360          125|92|mult
1361          266|116|mult
1362          117|148|div
1363          296|148|div
1364          179|98|div
1365          130|68|div
1366          184|58|mult
1367          296|50|sub
1368          296|53|sub
1369          256|71|div
1370          157|32|mult
1371          296|150|mult
1372          303|266|mult
1373          176|98|div
1374          260|136|div
1375          117|55|mult
1376          300|3|div
1377          180|34|div
1378          126|116|sub
1379          266|68|mult
1380          296|117|mult
1381          62|242|div
1382          184|6|mult
1383          247|150|mult
1384          144|133|div
1385          296|144|mult
1386          68|126|div
1387          62|201|div
1388          296|264|mult
1389          72|126|div
1390          103|133|div
1391          175|162|div
1392          184|60|mult
1393          135|162|div
1394          296|142|mult
1395          157|16|mult
1396          176|28|mult
1397          266|155|div
1398          296|50|add
1399          249|75|div
1400          116|105|add
1401          289|125|div
1402          296|39|div
1403          176|119|div
1404          296|105|div
1405          177|55|sub
1406          117|87|mult
1407          50|179|div
1408          289|140|div
1409          157|12|mult
1410          275|62|mult
1411          260|259|mult
1412          55|177|div
1413          117|128|div
1414          296|143|mult
1415          140|35|mult
1416          62|10|div
1417          184|22|div
1418          303|264|mult
1419          126|110|sub
1420          180|98|div
1421          296|293|add
1422          65|133|div
1423          184|32|mult
1424          247|65|mult
1425          266|67|div
1426          117|89|mult
1427          247|99|mult
1428          172|125|div
1429          298|163|mult
1430          260|85|mult
1431          296|113|abd
1432          117|53|sub
1433          296|sqrt
1434          249|82|div
1435          131|79|div
1436          117|181|div
1437          192|148|div
1438          105|sp
1439          296|209|mult
1440          247|125|div
1441          116|32|div
1442          92|18|mult
1443          69|57|abd
1444          131|69|div
1445          117|84|mult
1446          4|72|div
1447          62|190|div
1448          251|133|div
1449          172|140|div
1450          184|87|div
1451          100|62|mult
1452          192|133|div
1453          134|162|div
1454          176|61|mult
1455          296|49|sub
1456          138|162|div
1457          127|131|div
1458          62|243|div
1459          259|71|div
1460          184|84|div
1461          296|113|sub
1462          296|131|div
1463          296|99|mult
1464          264|116|mult
1465          184|59|mult
1466          301|106|div
1467          296|156|mult
1468          131|78|div
1469          131|21|mult
1470          247|140|div
1471          260|17|div
1472          251|150|mult
1473          74|140|div
1474          157|13|mult
1475          131|80|div
1476          131|16|div
1477          264|110|mult
1478          62|241|div
1479          296|105|add
1480          53|133|div
1481          247|162|div
1482          264|72|mult
1483          110|102|div
1484          99|133|div
1485          176|34|div
1486          289|4|sub
1487          289|32|div
1488          266|8|mult
1489          131|117|div
1490          175|117|div
1491          289|37|div
1492          216|62|mult
1493          73|133|div
1494          296|98|mult
1495          290|162|div
1496          296|49|abd
1497          188|133|div
1498          296|145|mult
1499          260|258|mult
#-----------------------------------------------------------------------
