0             6|2|mult
1             2|0|mult
2             2|15|div
3             21|3|mult
4             18|2|mult
5             24|2|mult
6             17|3|mult
7             2|sq
8             12|2|mult
9             2|8|div
10            3|20|div
11            2|cb
12            5|2|mult
13            2|21|div
14            13|2|mult
15            2|17|div
16            6|5|mult
17            4|3|add
18            3
19            2|22|div
20            5|cb
21            2|14|div
22            6|0|mult
23            23|2|mult
24            5|0|mult
25            12|0|mult
26            12|cb
27            3|sqrt
28            16|3|mult
29            4|16|div
30            4|sqrt
31            3|sq
32            12|5|mult
33            2|1|mult
34            20|3|mult
35            21|4|mult
36            4|20|div
37            2
38            5|sq
39            4|cbrt
40            1|0|mult
41            12|6|mult
42            2|sp
43            5|1|mult
44            4|3|mult
45            3|cbrt
46            4
47            17|4|mult
48            13|1|mult
49            5|15|div
50            4|nexp
51            2|20|div
52            18|5|mult
53            21|20|mult
54            3|sin
55            1|15|div
56            20|4|mult
57            3|cb
58            0|cb
59            12|sq
60            20|2|mult
61            15|3|mult
62            13|0|mult
63            2|16|div
64            17|10|mult
65            5|8|div
66            21|10|mult
67            12|1|mult
68            23|5|mult
69            24|1|mult
70            10|3|mult
71            0|sp
72            15|4|mult
73            24|5|mult
74            11|4|mult
75            5|sp
76            9|4|add
77            1|22|div
78            12|sp
79            13|2|add
80            21|2|mult
81            13|5|mult
82            16|4|mult
83            11|3|mult
84            22|3|mult
85            1|sqrt
86            12|15|div
87            1|17|div
88            16|2|mult
89            17|11|mult
90            21|11|mult
91            10|4|mult
92            4|21|div
93            16|1|mult
94            3|nexp
95            13|6|mult
96            1|21|div
97            1|14|div
98            17|2|mult
99            1
100           20|1|mult
101           4|sq
102           22|4|mult
103           6|15|div
104           16|10|mult
105           18|12|mult
106           12|8|div
107           14|1|mult
108           20|10|mult
109           3|21|div
110           2|11|div
111           3|16|div
112           3|exp
113           4|cos
114           0|16|div
115           22|2|mult
116           0|20|div
117           21|1|mult
118           9|3|add
119           10
120           13|12|mult
121           24|12|mult
122           23|0|mult
123           6|1|add
124           1|cbrt
125           23|12|mult
126           0|sq
127           18|0|mult
128           11|10|add
129           24|6|mult
130           16|15|mult
131           16|11|mult
132           5|21|div
133           22|1|mult
134           0|15|div
135           15|10|mult
136           14|2|mult
137           5|17|div
138           17|1|mult
139           0|22|div
140           14|4|mult
141           6|22|div
142           20|17|mult
143           6|14|div
144           14|3|mult
145           18|1|mult
146           8|1|mult
147           15|11|mult
148           0|17|div
149           4|17|div
150           3|sp
151           19|10|add
152           6|1|mult
153           10|20|div
154           0|14|div
155           11|cbrt
156           20|11|mult
157           22|10|mult
158           24|0|mult
159           0|21|div
160           5|22|div
161           2|sqrt
162           1|11|div
163           13|15|div
164           6|17|div
165           14|10|mult
166           8|4|mult
167           4|cb
168           22|11|mult
169           11|10|mult
170           1|20|div
171           23|1|mult
172           10|8|mult
173           6|21|div
174           11
175           5|14|div
176           21|16|mult
177           8|3|mult
178           13|17|div
179           24|13|mult
180           11|1|mult
181           11|2|mult
182           6|20|div
183           5|20|div
184           24|15|div
185           20|15|mult
186           10|cbrt
187           10|abs
188           0
189           13|16|div
190           11|abs
191           1|12|div
192           13|21|div
193           0|sqrt
194           0|cbrt
195           10|16|div
196           3|17|div
197           12|21|div
198           10|21|div
199           22|17|mult
200           4|22|div
201           13|cb
202           6|16|div
203           22|16|mult
204           5|11|div
205           2|13|div
206           14|11|mult
207           12|22|div
208           15|inv
209           10|sq
210           21|inv
211           5|16|div
212           12|17|div
213           12|5|abd
214           0|8|div
215           5
216           22|21|mult
217           10|cb
218           24|0|add
219           6|sqrt
220           11|sq
221           17|16|mult
222           4|exp
223           9|4|mult
224           3|22|div
225           12|5|sub
226           12|14|div
227           1|8|div
228           6
229           20|3|add
230           24|20|div
231           1|13|div
232           13|20|div
233           21|cbrt
234           22|20|mult
235           24|16|div
236           11|8|mult
237           19|11|add
238           21|sqrt
239           4|13|div
240           20|4|add
241           12|5|add
242           23|15|div
243           24|18|mult
244           18|13|mult
245           21
246           24|14|div
247           11|cb
248           21|0|mult
249           1|sq
250           15|2|mult
251           11|20|div
252           6|cbrt
253           2|cbrt
254           17|9|mult
255           15|1|mult
256           19|10|mult
257           1|16|div
258           21|15|mult
259           20|9|add
260           24|23|mult
261           13|sp
262           17|14|mult
263           16|14|mult
264           24|17|div
265           21|sq
266           1|5|div
267           12|11|div
268           10|17|div
269           2|12|div
270           17|15|mult
271           18|15|div
272           15|9|mult
273           13|sq
274           14|0|mult
275           19|1|mult
276           18|14|div
277           24|22|div
278           23|13|mult
279           10|9|mult
280           10|22|div
281           22|0|div
282           20|16|add
283           12|20|div
284           21|14|mult
285           16|9|add
286           18|16|div
287           20|16|mult
288           21|cb
289           24|21|div
290           9|cbrt
291           19|4|mult
292           21|9|mult
293           21|17|add
294           15|cbrt
295           17|0|mult
296           6|8|div
297           22|0|mult
298           16|3|add
299           3|13|div
300           23|20|div
301           15|0|div
302           15|sqrt
303           14|0|div
304           20|14|mult
305           12|0|div
306           18|22|div
307           11|9|mult
308           22|inv
309           20|sq
310           13|0|div
311           4|0|div
312           18|1|add
313           22|9|mult
314           21|0|div
315           23|sqrt
316           23|14|div
317           23|cbrt
318           22|cbrt
319           20|0|mult
320           23|17|div
321           13|22|div
322           14|9|mult
323           18|20|div
324           17|0|div
325           13|14|div
326           3|0|div
327           22|sqrt
328           23|22|div
329           11|sp
330           16|4|add
331           20
332           16|0|div
333           9|3|mult
334           21|17|mult
335           21|6|mult
336           10|0|div
337           4|14|div
338           20|0|div
339           12|16|div
340           23|16|div
341           10|13|div
342           0|inv
343           9|sqrt
344           14|inv
345           23|21|div
346           16|0|mult
347           17|inv
348           22
349           19|3|mult
350           20|cb
351           9|8|mult
352           24|8|div
353           21|sp
354           15
355           8|0|div
356           22|14|add
357           11|0|div
358           8|2|mult
359           17|6|mult
360           20|5|mult
361           12
362           14|cbrt
363           16|9|mult
364           16|sq
365           4|sin
366           18|6|add
367           14|sqrt
368           15|13|div
369           22|15|mult
370           20|sqrt
371           21|5|mult
372           7|cbrt
373           16|cb
374           15|14|mult
375           7|1|mult
376           18|17|div
377           20|6|mult
378           17|cbrt
379           11|21|div
380           18|21|div
381           22|13|div
382           4|sp
383           16
384           17|sqrt
385           19|15|mult
386           14|13|div
387           5|0|div
388           23|6|add
389           14
390           15|0|mult
391           23|1|add
392           7|sqrt
393           22|14|mult
394           17|13|div
395           9|20|div
396           8|13|div
397           22|sq
398           19|cbrt
399           13
#-----------------------------------------------------------------------
400           12|4|mult
401           5|4|mult
402           12|3|mult
403           5|3|mult
404           4|2|mult
405           17|8|mult
406           21|8|mult
407           20|15|div
408           16|8|mult
409           12|10|mult
410           17
411           20|8|mult
412           13|10|mult
413           12|9|mult
414           3|2|mult
415           15|8|mult
416           8|sqrt
417           8|cbrt
418           17|sq
419           16|8|add
420           20|8|add
421           8|3|add
422           8|4|add
423           9|8|add
424           8
425           9|8|sub
426           8|4|sub
427           8|3|sub
428           20|8|sub
429           16|8|sub
430           8|log
431           2|0|div
432           10|5|mult
433           17|cb
434           9|5|mult
435           22|8|mult
436           8|sq
437           20|sin
438           13|11|mult
439           17|sp
440           20|21|div
441           8|inv
442           9|2|mult
443           12|11|mult
444           20|17|div
445           14|8|mult
446           15|sq
447           15|12|mult
448           14|12|mult
449           21|15|div
450           12|8|mult
451           20|8|div
452           16|15|div
453           22|15|div
454           8|21|div
455           8|5|mult
456           8|cb
457           7|14|div
458           10|2|mult
459           18|8|div
460           2|5|div
461           22|12|mult
462           12|cbrt
463           8|17|div
464           13|8|mult
465           7|2|mult
466           18|12|div
467           24|12|div
468           7|5|mult
469           4|12|div
470           5|cbrt
471           12|inv
472           9|0|div
473           18|sqrt
474           0|1|div
475           12|7|mult
476           8|22|div
477           13|8|div
478           23|12|div
479           20|12|div
480           10|7|mult
481           21|12|div
482           22|7|add
483           21|7|mult
484           15|21|div
485           14|7|add
486           13|12|div
487           7|3|mult
488           16|7|mult
489           22|8|div
490           7|20|div
491           3|12|div
492           7
493           20|7|mult
494           18
495           13|7|mult
496           7|4|mult
497           21|8|div
498           17|7|mult
499           7|15|div
500           14|7|sub
501           7|13|div
502           24|5|div
503           15|14|div
504           11|5|mult
505           11|7|mult
506           16|8|div
507           9|7|mult
508           12|sqrt
509           7|22|div
510           22|7|sub
511           18|5|div
512           7|21|div
513           17|12|div
514           24|8|mult
515           7|11|div
516           14|5|mult
517           7|17|div
518           16|5|mult
519           4|5|div
520           15|22|div
521           12|13|div
522           18|cbrt
523           23|8|div
524           14|sq
525           22|7|mult
526           13|5|div
527           22|cb
528           16|12|div
529           7|8|div
530           23|5|div
531           5|inv
532           22|19|mult
533           10|sp
534           20|5|div
535           7|16|div
536           16|12|mult
537           21|5|div
538           15|7|mult
539           5|sqrt
540           19|17|mult
541           21|12|mult
542           19|0|div
543           19|14|mult
544           15|cb
545           20|22|div
546           3|5|div
547           22|7|abd
548           20|14|div
549           6|12|div
550           14|cb
551           21|19|mult
552           17|12|mult
553           14|7|mult
554           17|5|div
555           14|7|abd
556           19|8|mult
557           8|14|div
558           22|12|div
559           17|8|div
560           14|15|div
561           20|18|mult
562           20|12|mult
563           8|7|mult
564           24|7|mult
565           11|16|div
566           16|5|div
567           15|17|div
568           17|15|div
569           23|18|add
570           19|sqrt
571           18|1|sub
572           8|20|div
573           15|5|mult
574           22|5|mult
575           24|0|div
576           18|6|abd
577           20|exp
578           10|14|div
579           17|5|mult
580           6|5|div
581           20|cos
582           23|13|div
583           9|12|div
584           0|12|div
585           22|5|div
586           7|0|div
587           16|20|div
588           0|5|div
589           15|13|mult
590           18|7|mult
591           13|9|mult
592           19|11|mult
593           7|sq
594           24|sqrt
595           19|2|mult
596           14|8|div
597           24|cbrt
598           12|24|div
599           19|16|mult
600           18|16|mult
601           23
602           18|sq
603           7|0|mult
604           24
605           21|18|mult
606           14|sp
607           19|20|div
608           19|abs
609           9|5|div
610           19|13|mult
611           5|13|div
612           23|1|sub
613           18|17|mult
614           20|19|mult
615           20|16|abd
616           15|8|div
617           24|20|mult
618           16|sqrt
619           16|cbrt
620           14|12|div
621           23|6|abd
622           23|20|mult
623           16|log
624           18|0|div
625           6|0|div
626           24|15|mult
627           13|18|div
628           8|sp
629           5|24|div
630           19|9|mult
631           9|cb
632           6|13|div
633           1|24|div
634           18|13|div
635           1|0|div
636           16|17|div
637           9|exp
638           7|6|mult
639           22|sp
640           11|12|div
641           12|1|div
642           8|16|div
643           9|sp
644           7|cb
645           15|12|div
646           19|7|mult
647           19|12|mult
648           18|8|mult
649           9|sin
650           18|6|mult
651           19|16|div
652           23|11|div
653           14|20|div
654           23|18|mult
655           24|sq
656           10|12|div
657           9|sq
658           5|1|div
659           14|5|div
660           18|cb
661           16|4|sub
662           24|10|mult
663           9|abs
664           16|3|sub
665           8|15|div
666           13|6|div
667           23|16|mult
668           7|1|div
669           16|9|sub
670           6|1|sub
671           13|4|mult
672           6|sq
673           16|inv
674           14|21|div
675           0|24|div
676           20|16|div
677           9|3|sub
678           19|1|div
679           15|5|div
680           22|14|sub
681           11|17|div
682           16|6|mult
683           23|18|abd
684           0|18|div
685           3|cos
686           24|16|mult
687           11|5|div
688           9|17|div
689           23|7|mult
690           0|6|div
691           24|11|div
692           19|8|div
693           19|21|div
694           18|11|div
695           18|2|div
696           13|2|sub
697           20|9|mult
698           9|3|abd
699           10|6|mult
700           8|12|div
701           23|6|mult
702           4|2|div
703           10|24|div
704           19|17|div
705           10|5|div
706           4|24|div
707           23|22|mult
708           24|cb
709           2|24|div
710           23|21|mult
711           19|13|div
712           24|2|div
713           18|23|div
714           23|2|div
715           23|6|div
716           22|18|mult
717           3|24|div
718           11|22|div
719           3|2|div
720           19|24|div
721           23|17|mult
722           0|13|div
723           11|13|div
724           18|sp
725           2|inv
726           9|22|div
727           22|20|div
728           10|1|div
729           9|2|div
730           11|24|div
731           20|2|div
732           9|21|div
733           23|0|div
734           15|16|div
735           6|23|div
736           21|13|div
737           23|18|div
738           9|14|div
739           16|24|div
740           17|2|div
741           21|17|abd
742           21|17|sub
743           8|6|mult
744           8|5|div
745           16|21|div
746           21|2|div
747           1|cb
748           9|16|div
749           21|24|div
750           18|6|div
751           16|2|div
752           13|2|div
753           16|14|div
754           8|24|div
755           10|8|div
756           19|5|mult
757           9|4|sub
758           0|11|div
759           22|21|div
760           20|sp
761           17|24|div
762           22|6|mult
763           14|17|div
764           22|14|div
765           9|4|abd
766           22|24|div
767           6|sp
768           14|24|div
769           6|4|mult
770           3|8|div
771           22|2|div
772           24|sp
773           14|16|div
774           19|0|mult
775           19|22|div
776           18|10|mult
777           0|2|div
778           6|2|div
779           20|24|div
780           23|11|mult
781           19|10|abd
782           12|2|div
783           1|18|div
784           13|3|mult
785           15|20|div
786           17|21|div
787           6|cb
788           24|1|div
789           24|18|div
790           11|1|div
791           10|15|div
792           24|19|mult
793           10|2|div
794           3|15|div
795           11|2|div
796           24|inv
797           15|6|mult
798           24|9|mult
799           15|24|div
#-----------------------------------------------------------------------
