# c0 + a0 * ((min:vdw_radius * mp_bandgap) / cbrt(min:period))
# Property Label: $bandgap$; Unit of the Property: eV
# RMSE: 0.46057145363528; Max AE: 4.34296088176045
# Coefficients
# Task   a0                      c0
# all ,  8.063980950943808e-03,  1.331520558424902e-01, 
# Feature Rung, Units, and Expressions
# 0;  2; eV * pm;                                          19|0|mult|11|cbrt|div; ((min:vdw_radius * mp_bandgap) / cbrt(min:period)); $\left(\frac{ \left(min:vdw_{radius} mp_{bandgap}\right) }{ \left(\sqrt[3]{ min:period }\right) } \right)$; ((min:vdw_radius .* mp_bandgap) ./ nthroot(min:period, 3)); min:vdw_radius,mp_bandgap,min:period
# Number of Samples Per Task
# Task, n_samples               
# all , 1016                  

# Sample ID , Property Value        ,  Property Value (EST) ,  Feature 0 Value      
3577        ,  5.216900000000000e+00,  4.766212854220889e+00,  5.745376665152148e+02
3033        ,  0.000000000000000e+00,  1.252815087852927e+00,  1.388474301739753e+02
3404        ,  2.820000000000000e-02,  1.331520558424902e-01,  0.000000000000000e+00
4870        ,  2.521100000000000e+00,  2.502007120259373e+00,  2.937575223487640e+02
5075        ,  0.000000000000000e+00,  1.331520558424902e-01,  0.000000000000000e+00
5016        ,  3.666500000000000e+00,  2.969440491044273e+00,  3.517231070430324e+02
5647        ,  3.195000000000000e+00,  2.978947061392462e+00,  3.529020000000000e+02
4329        ,  2.076200000000000e+00,  1.674089954436916e+00,  1.910889804884862e+02
4303        ,  0.000000000000000e+00,  1.331520558424902e-01,  0.000000000000000e+00
4983        ,  0.000000000000000e+00,  3.500196037557003e+00,  4.175411626338768e+02
4042        ,  1.349900000000000e+00,  1.567811434358821e+00,  1.779095693856293e+02
3447        ,  1.737800000000000e+00,  1.661227278961345e+00,  1.894939028768426e+02
3615        ,  3.120000000000012e-02,  1.478345411482232e-01,  1.820749006607543e+00
4735        ,  0.000000000000000e+00,  1.331520558424902e-01,  0.000000000000000e+00
4750        ,  9.359000000000002e-01,  2.796665779969740e-01,  1.816900648027148e+01
4141        ,  3.190800000000000e+00,  3.514322329326089e+00,  4.192929390647763e+02
4420        ,  0.000000000000000e+00,  1.331520558424902e-01,  0.000000000000000e+00
3925        ,  4.481500000000000e+00,  4.427391255820037e+00,  5.325210000000000e+02
4443        ,  2.707600000000000e+00,  2.844217284188554e+00,  3.361943988755034e+02
3836        ,  2.259999999999995e-02,  2.086348087711784e-01,  9.360482544276568e+00
5832        ,  3.573500000000000e+00,  3.414013561036186e+00,  4.068538263113957e+02
4712        ,  1.100500000000000e+00,  1.056170939461694e+00,  1.144619375013744e+02
4046        ,  0.000000000000000e+00,  6.632627397789636e-01,  6.573808732452788e+01
4558        ,  0.000000000000000e+00,  1.331520558424902e-01,  0.000000000000000e+00
4191        ,  1.821500000000000e+00,  2.333739144030112e+00,  2.728909085443791e+02
4636        ,  3.054200000000000e+00,  2.385607407002967e+00,  2.793230000000000e+02
5195        ,  2.369000000000003e-01,  2.810965866330205e-01,  1.834633931931782e+01
4525        ,  1.162800000000000e+00,  1.603399754029332e+00,  1.823228138968711e+02
3086        ,  1.589400000000000e+00,  1.462563414989473e+00,  1.648579488511054e+02
5751        ,  5.041900000000000e+00,  4.819994232397688e+00,  5.812070000000000e+02
5500        ,  1.070000000000002e-01,  2.423067975155904e-01,  1.353608625034324e+01
3022        ,  0.000000000000000e+00,  1.331520558424902e-01,  0.000000000000000e+00
3170        ,  1.528999999999998e-01,  1.331520558424902e-01,  0.000000000000000e+00
5493        ,  0.000000000000000e+00,  9.049796794020648e-01,  9.571297703391028e+01
5095        ,  9.836999999999998e-01,  6.720928465794215e-01,  6.683309323465771e+01
3559        ,  4.266400000000000e+00,  5.186784405951367e+00,  6.266920000000000e+02
3426        ,  3.814500000000001e+00,  3.838381549034731e+00,  4.594789491359824e+02
4705        ,  2.014900000000000e+00,  1.965587642732412e+00,  2.272370927011495e+02
5717        ,  8.259000000000003e-01,  4.100556717337938e+00,  4.919908275615535e+02
5108        ,  2.033300000000000e+00,  1.866210153564605e+00,  2.149134662228186e+02
5105        ,  1.147400000000000e+00,  1.420533198759246e+00,  1.596458561532293e+02
4721        ,  2.367300000000000e+00,  3.347618805531971e+00,  3.986203302369234e+02
4062        ,  5.457999999999998e-01,  3.089981787872585e-01,  2.180636636104495e+01
3907        ,  1.832000000000000e+00,  1.142572920611630e+00,  1.251764942042673e+02
5228        ,  8.589000000000000e-01,  1.009049971252671e+00,  1.086185496640670e+02
3315        ,  3.259000000000000e+00,  3.789349472561253e+00,  4.533985681465234e+02
3746        ,  0.000000000000000e+00,  1.331520558424902e-01,  0.000000000000000e+00
5331        ,  1.814300000000000e+00,  1.222948326985153e+00,  1.351437060395230e+02
5676        ,  4.641999999999999e-01,  1.331520558424902e-01,  0.000000000000000e+00
3598        ,  9.411999999999998e-01,  1.034602890372745e+00,  1.117873219212837e+02
5120        ,  8.623000000000001e-01,  2.041938430654187e+00,  2.367052187280145e+02
4244        ,  6.532000000000000e-01,  1.331520558424902e-01,  0.000000000000000e+00
4710        ,  0.000000000000000e+00,  1.331520558424902e-01,  0.000000000000000e+00
3178        ,  0.000000000000000e+00,  1.331520558424902e-01,  0.000000000000000e+00
3755        ,  1.748400000000000e+00,  1.417881130289095e+00,  1.593169778378805e+02
3400        ,  6.249000000000002e-01,  3.219820016692157e-01,  2.341646724805629e+01
3969        ,  2.773000000000000e+00,  1.881670925798488e+00,  2.168307292133858e+02
3495        ,  1.237600000000000e+00,  4.391198338486467e-01,  3.794252241758409e+01
3278        ,  1.245800000000000e+00,  9.051435030888436e-01,  9.573329251924878e+01
3966        ,  1.750200000000000e+00,  9.928336282184472e-01,  1.066075896763298e+02
4958        ,  3.220400000000000e+00,  3.212833430533810e+00,  3.819058345284005e+02
4890        ,  2.595300000000000e+00,  2.709642353554743e+00,  3.195060000000000e+02
3933        ,  3.733600000000000e+00,  3.596553887184058e+00,  4.294903289591987e+02
3444        ,  2.131800000000000e+00,  2.218455304684397e+00,  2.585947637435630e+02
4837        ,  2.507100000000000e+00,  2.512897346313616e+00,  2.951080000000000e+02
4339        ,  0.000000000000000e+00,  1.331520558424902e-01,  0.000000000000000e+00
4325        ,  2.300000000000000e-01,  4.572960881760452e+00,  5.505728315737560e+02
5893        ,  4.026400000000000e+00,  3.777460289502076e+00,  4.519242116058144e+02
5161        ,  4.347900000000000e+00,  4.251187879903254e+00,  5.106703313304316e+02
3743        ,  0.000000000000000e+00,  1.331520558424902e-01,  0.000000000000000e+00
4950        ,  1.466200000000001e+00,  1.010865139064157e+00,  1.088436454105139e+02
4189        ,  1.018400000000000e+00,  1.087039972156882e+00,  1.182899515905663e+02
4450        ,  5.732999999999999e-01,  3.627176849126936e-01,  2.846802720228836e+01
4947        ,  8.538999999999999e-01,  1.048856549821686e+00,  1.135548929926504e+02
5135        ,  1.470899999999999e+00,  1.331520558424902e-01,  0.000000000000000e+00
3721        ,  1.803700000000000e+00,  1.659368187635273e+00,  1.892633602531210e+02
4840        ,  3.246200000000000e+00,  3.335997336913617e+00,  3.971791724900176e+02
4848        ,  7.781000000000002e-01,  7.219947716476555e-01,  7.302134260823709e+01
3448        ,  1.538000000000000e+00,  9.666005615469579e-01,  1.033544735255012e+02
4846        ,  0.000000000000000e+00,  1.331520558424902e-01,  0.000000000000000e+00
5732        ,  5.205000000000001e-01,  4.419490820412008e-01,  3.829337247660153e+01
4953        ,  2.663900000000000e+00,  2.550166473559206e+00,  2.997296784826641e+02
4256        ,  2.726200000000000e+00,  2.804173909704340e+00,  3.312286909047365e+02
4685        ,  7.060000000000000e-01,  5.973157922562455e-01,  5.756012312497213e+01
4747        ,  3.408700000000000e+00,  2.826511256573131e+00,  3.339987057404209e+02
5625        ,  8.441999999999998e-01,  1.047541910553247e+00,  1.133918669046132e+02
5067        ,  2.608600000000000e+00,  3.566787080773413e+00,  4.257990000000000e+02
3965        ,  4.246200000000000e+00,  3.557906397302514e+00,  4.246977221665176e+02
4444        ,  9.563000000000001e-01,  3.174083612726962e-01,  2.284929820036848e+01
3422        ,  9.169000000000000e-01,  8.902858688609648e-01,  9.389082360491685e+01
3134        ,  0.000000000000000e+00,  1.331520558424902e-01,  0.000000000000000e+00
5724        ,  0.000000000000000e+00,  1.331520558424902e-01,  0.000000000000000e+00
5875        ,  4.952999999999994e-01,  3.493212501362768e-01,  2.680675904479737e+01
4070        ,  7.039999999999997e-01,  1.331520558424902e-01,  0.000000000000000e+00
4121        ,  1.252800000000000e+00,  1.061648361125974e+00,  1.151411828638822e+02
3358        ,  0.000000000000000e+00,  1.331520558424902e-01,  0.000000000000000e+00
3180        ,  1.234700000000000e+00,  1.483171059940566e+00,  1.674134664145095e+02
5476        ,  0.000000000000000e+00,  1.331520558424902e-01,  0.000000000000000e+00
3830        ,  6.069000000000000e-01,  6.129996256935769e-01,  5.950504754043664e+01
3277        ,  1.579500000000000e+00,  1.681638144783371e+00,  1.920250182088596e+02
4178        ,  2.596900000000000e+00,  2.070176728125849e+00,  2.402070000000000e+02
4672        ,  6.372000000000000e-01,  6.265859682898737e-01,  6.118986583042858e+01
5042        ,  3.263400000000000e+00,  3.159228918357447e+00,  3.752584338831784e+02
3034        ,  1.700700000000000e+00,  2.045460919482533e+00,  2.371420363308554e+02
4575        ,  2.957400000000000e+00,  2.202700191073660e+00,  2.566410000000000e+02
5517        ,  1.991000000000000e+00,  1.755977586902191e+00,  2.012437208038997e+02
5696        ,  0.000000000000000e+00,  1.331520558424902e-01,  0.000000000000000e+00
4993        ,  7.869999999999999e-01,  7.230322624040297e-01,  7.315000000000001e+01
4049        ,  4.949900000000000e+00,  5.860489694497968e+00,  7.102370000000001e+02
3296        ,  6.007300000000000e+00,  6.007467217790027e+00,  7.284634224315730e+02
3504        ,  0.000000000000000e+00,  1.331520558424902e-01,  0.000000000000000e+00
5474        ,  0.000000000000000e+00,  1.331520558424902e-01,  0.000000000000000e+00
3708        ,  3.914400000000000e+00,  3.145398964456564e+00,  3.735434057866320e+02
3778        ,  4.467100000000000e+00,  4.011104367189466e+00,  4.808980000000000e+02
3067        ,  0.000000000000000e+00,  8.681467736145687e-01,  9.114539360191009e+01
3245        ,  0.000000000000000e+00,  1.331520558424902e-01,  0.000000000000000e+00
3972        ,  9.501000000000001e-01,  5.867951336434165e-01,  5.625547487780611e+01
5077        ,  1.153900000000000e+00,  1.219088748270368e+00,  1.346650865167011e+02
3503        ,  7.069999999999999e-01,  3.944618919690027e-01,  3.240457011445803e+01
4802        ,  0.000000000000000e+00,  1.331520558424902e-01,  0.000000000000000e+00
4651        ,  3.520400000000000e+00,  3.436481212587112e+00,  4.096400000000000e+02
3873        ,  3.645000000000000e+00,  3.418917862075956e+00,  4.074620000000000e+02
4895        ,  2.159000000000000e-01,  7.862472121825351e-01,  8.098917399644982e+01
5431        ,  0.000000000000000e+00,  1.331520558424902e-01,  0.000000000000000e+00
5297        ,  1.494600000000000e+00,  1.616664226763261e+00,  1.839677176751194e+02
3520        ,  8.754999999999997e-01,  9.600372148894128e-01,  1.025405645272691e+02
4859        ,  0.000000000000000e+00,  1.331520558424902e-01,  0.000000000000000e+00
5591        ,  4.297800000000001e+00,  4.210791844154721e+00,  5.056608904606829e+02
5160        ,  4.105000000000000e+00,  4.140180866544242e+00,  4.969045481478684e+02
5202        ,  3.249999999999975e-02,  1.842281438535066e-01,  6.333855241193064e+00
3573        ,  2.447999999999999e-01,  6.362641030682454e-01,  6.239003418861884e+01
4237        ,  0.000000000000000e+00,  1.331520558424902e-01,  0.000000000000000e+00
3838        ,  1.593100000000000e+00,  1.028971286159843e+00,  1.110889566539100e+02
5749        ,  1.189500000000000e+00,  1.025524740229888e+00,  1.106615565954375e+02
4112        ,  5.923999999999998e-01,  1.331520558424902e-01,  0.000000000000000e+00
3399        ,  0.000000000000000e+00,  1.331520558424902e-01,  0.000000000000000e+00
5582        ,  0.000000000000000e+00,  6.100995862684080e-01,  5.914541878600246e+01
4409        ,  2.585300000000000e+00,  2.267409384563054e+00,  2.646654725133955e+02
4907        ,  3.617400000000000e+00,  3.672120004008592e+00,  4.388611493125986e+02
5719        ,  2.343600000000000e+00,  1.951327605867953e+00,  2.254687307777759e+02
3741        ,  4.134000000000000e+00,  3.784377478772730e+00,  4.527820000000000e+02
3665        ,  1.944300000000001e+00,  1.995787246638548e+00,  2.309820921114719e+02
5189        ,  6.053000000000002e-01,  5.097564328616490e-01,  4.670204199516134e+01
3079        ,  3.068500000000000e+00,  2.371505261203176e+00,  2.775742178680009e+02
4684        ,  0.000000000000000e+00,  1.331520558424902e-01,  0.000000000000000e+00
4673        ,  1.365500000000000e+00,  1.236469932936615e+00,  1.368204964528088e+02
3508        ,  5.225600000000000e+00,  4.857742853179780e+00,  5.858881396271557e+02
4472        ,  1.962400000000000e+00,  1.639915548741756e+00,  1.868510729459144e+02
3173        ,  0.000000000000000e+00,  1.331520558424902e-01,  0.000000000000000e+00
3772        ,  6.627000000000001e-01,  3.265563574878761e-01,  2.398372501397711e+01
3941        ,  1.333200000000000e+00,  1.092979940297786e+00,  1.190265565226761e+02
3998        ,  5.336600000000000e+00,  4.878756916555854e+00,  5.884940564198553e+02
4086        ,  1.453300000000000e+00,  7.255340342323265e-01,  7.346024029490100e+01
4023        ,  0.000000000000000e+00,  2.324756606747145e+00,  2.717770000000000e+02
3485        ,  1.129800000000000e+00,  1.295912726499258e+00,  1.441918920357418e+02
3689        ,  1.522999999999999e-01,  7.192203044397716e-01,  7.267728584213583e+01
4565        ,  1.903700000000000e+00,  2.067256524052419e+00,  2.398448706632375e+02
4165        ,  0.000000000000000e+00,  1.331520558424902e-01,  0.000000000000000e+00
3463        ,  1.951400000000000e+00,  1.963537893589001e+00,  2.269829069390699e+02
5755        ,  1.744400000000000e+00,  1.613940222514734e+00,  1.836299187312605e+02
4114        ,  2.924900000000000e+00,  3.550512671485085e+00,  4.237808393189007e+02
3199        ,  2.250400000000000e+00,  1.701263439684156e+00,  1.944587162818302e+02
3686        ,  1.206600000000000e+00,  1.087061599940954e+00,  1.182926336137759e+02
4416        ,  8.491000000000000e-01,  1.047931054017322e+00,  1.134401238965931e+02
4562        ,  2.138600000000000e+00,  2.157499397351124e+00,  2.510357296009862e+02
3272        ,  0.000000000000000e+00,  1.331520558424902e-01,  0.000000000000000e+00
5130        ,  3.741200000000000e+00,  3.083735086326854e+00,  3.658965774390908e+02
3567        ,  3.290600000000000e+00,  3.323785400573888e+00,  3.956647918864400e+02
4052        ,  2.301500000000000e+00,  2.094071265313707e+00,  2.431701192500598e+02
3662        ,  2.304500000000000e+00,  2.424720629915462e+00,  2.841733615212431e+02
3222        ,  0.000000000000000e+00,  1.331520558424902e-01,  0.000000000000000e+00
4792        ,  3.406700000000000e+00,  2.741969839002789e+00,  3.235148742328022e+02
3618        ,  3.023200000000000e+00,  7.457611541629106e-01,  7.596856962425248e+01
4741        ,  0.000000000000000e+00,  1.331520558424902e-01,  0.000000000000000e+00
3319        ,  9.309000000000001e-01,  3.432848126691392e-01,  2.605819112234573e+01
5773        ,  3.998000000000000e+00,  3.794289958348617e+00,  4.540112290416097e+02
3231        ,  1.677200000000000e+00,  1.662415420034398e+00,  1.896412421476421e+02
4392        ,  4.559800000000000e+00,  5.064550582696961e+00,  6.115340000000000e+02
3459        ,  2.935700000000000e+00,  2.763567301258964e+00,  3.261931372876830e+02
3487        ,  0.000000000000000e+00,  1.331520558424902e-01,  0.000000000000000e+00
3474        ,  3.947700000000000e+00,  3.650259304034027e+00,  4.361502426143374e+02
4762        ,  2.902400000000000e+00,  3.542440504759893e+00,  4.227798242155296e+02
3779        ,  3.920900000000000e+00,  3.610927194282763e+00,  4.312727373237699e+02
4547        ,  3.463000000000000e+00,  2.351993044680483e+00,  2.751545424444857e+02
3537        ,  2.426400000000000e+00,  2.616471071838530e+00,  3.079519943193060e+02
3521        ,  0.000000000000000e+00,  1.331520558424902e-01,  0.000000000000000e+00
5437        ,  3.014500000000000e+00,  3.038112654424542e+00,  3.602390204359369e+02
4845        ,  0.000000000000000e+00,  1.331520558424902e-01,  0.000000000000000e+00
3788        ,  7.426000000000001e-01,  6.874911548861904e-01,  6.874261018421930e+01
3211        ,  1.219999999999999e-02,  1.331520558424902e-01,  0.000000000000000e+00
3763        ,  0.000000000000000e+00,  1.331520558424902e-01,  0.000000000000000e+00
5510        ,  3.329200000000000e+00,  3.510222882142862e+00,  4.187845738778834e+02
4560        ,  4.276800000000000e+00,  3.769503155893417e+00,  4.509374615555520e+02
3975        ,  1.985400000000000e+00,  1.830693132004634e+00,  2.105090632640277e+02
3251        ,  0.000000000000000e+00,  1.331520558424902e-01,  0.000000000000000e+00
3822        ,  1.651400000000000e+00,  1.141590286128960e+00,  1.250546394418805e+02
5417        ,  2.387700000000000e+00,  2.458381539557970e+00,  2.883475913274987e+02
4039        ,  6.776000000000000e-01,  8.390582996749457e-01,  8.753818345141754e+01
3789        ,  4.554000000000000e+00,  4.042150693850600e+00,  4.847480000000000e+02
3842        ,  2.475500000000000e+00,  2.543701244056463e+00,  2.989279368190772e+02
5072        ,  9.227000000000000e-01,  9.599600867237099e-01,  1.025310000000000e+02
4751        ,  0.000000000000000e+00,  1.331520558424902e-01,  0.000000000000000e+00
5535        ,  1.533700000000000e+00,  1.423188107320732e+00,  1.599750866632759e+02
5543        ,  4.231000000000000e-01,  7.438328544055668e-01,  7.572944458550619e+01
3148        ,  4.490000000000016e-02,  1.331520558424902e-01,  0.000000000000000e+00
4233        ,  3.497600000000000e+00,  3.402832726868537e+00,  4.054673108625540e+02
3690        ,  2.423100000000000e+00,  2.306129159238539e+00,  2.694670432153890e+02
3875        ,  2.401300000000000e+00,  2.479395286618032e+00,  2.909534688944097e+02
3249        ,  0.000000000000000e+00,  1.331520558424902e-01,  0.000000000000000e+00
3912        ,  4.126200000000000e+00,  3.970009325758176e+00,  4.758018766731610e+02
4814        ,  2.224100000000000e+00,  2.123044187240237e+00,  2.467629999999999e+02
5735        ,  0.000000000000000e+00,  1.331520558424902e-01,  0.000000000000000e+00
3678        ,  5.503999999999998e-01,  3.431930325498617e-01,  2.604680963225593e+01
3628        ,  1.788400000000000e+00,  1.538714078512446e+00,  1.743012578056064e+02
3928        ,  1.122600000000000e+00,  1.216269354001840e+00,  1.343154584253553e+02
4408        ,  7.400000000000002e-01,  1.331520558424902e-01,  0.000000000000000e+00
5400        ,  3.421000000000000e+00,  3.232874318933683e+00,  3.843910696153618e+02
4007        ,  2.537700000000000e+00,  2.210691724674090e+00,  2.576320159323348e+02
3683        ,  2.536900000000000e+00,  2.309436878683178e+00,  2.698772276472176e+02
5279        ,  2.576100000000000e+00,  2.644586687117965e+00,  3.114385619898489e+02
4369        ,  2.673600000000000e+00,  3.296950150192931e+00,  3.923370000000000e+02
4246        ,  3.542900000000000e+00,  3.463733678996310e+00,  4.130195301073980e+02
4229        ,  6.249999999999996e-01,  3.795771544681256e-01,  3.055874017122942e+01
3575        ,  2.196800000000000e+00,  1.533873954781257e+00,  1.737010426314098e+02
3196        ,  0.000000000000000e+00,  1.331520558424902e-01,  0.000000000000000e+00
3284        ,  0.000000000000000e+00,  1.331520558424902e-01,  0.000000000000000e+00
3465        ,  1.376900000000000e+00,  1.368585268415306e+00,  1.532038852879757e+02
5768        ,  1.701800000000000e+00,  1.968167450334827e+00,  2.275570100742322e+02
5370        ,  3.720300000000000e+00,  3.874323122299557e+00,  4.639360000000000e+02
3481        ,  8.867999999999998e-01,  1.331520558424902e-01,  0.000000000000000e+00
4452        ,  1.246100000000000e+00,  8.805020785989570e-01,  9.267755309726978e+01
4214        ,  7.783000000000002e-01,  9.685689896318725e-01,  1.035985748071001e+02
4940        ,  4.171100000000000e+00,  4.626619969194056e+00,  5.572270000000001e+02
5898        ,  3.282200000000000e+00,  3.108799637637133e+00,  3.690047880688970e+02
5359        ,  1.056300000000000e+00,  1.220900298496958e+00,  1.348897336528502e+02
3390        ,  0.000000000000000e+00,  1.331520558424902e-01,  0.000000000000000e+00
5907        ,  7.605000000000004e-01,  8.273839957526892e-01,  8.609047369202257e+01
4305        ,  7.780300000000000e+00,  6.509808547325462e+00,  7.907578812840137e+02
3982        ,  9.999999999976694e-05,  1.331520558424902e-01,  0.000000000000000e+00
5631        ,  1.302400000000000e+00,  3.828361104834794e+00,  4.582363315925017e+02
4511        ,  3.130800000000000e+00,  2.810459088680028e+00,  3.320081048212529e+02
4808        ,  8.830000000000001e-01,  6.584128280536898e-01,  6.513665835851499e+01
5136        ,  1.867100000000000e+00,  1.534297469220558e+00,  1.737535619071716e+02
3472        ,  7.224000000000004e-01,  8.077463316659189e-01,  8.365524173819809e+01
3462        ,  9.331000000000000e-01,  7.647846240338964e-01,  7.832763644084253e+01
5529        ,  0.000000000000000e+00,  1.331520558424902e-01,  0.000000000000000e+00
5715        ,  3.863600000000000e+00,  4.235791068425613e+00,  5.087610000000000e+02
3854        ,  3.373500000000000e+00,  3.166914501772933e+00,  3.762115094747801e+02
4487        ,  2.786700000000000e+00,  2.593316961706444e+00,  3.050806941174652e+02
3531        ,  4.588000000000001e-01,  4.642149828333788e-01,  4.105452741082443e+01
3569        ,  2.146999999999997e-01,  1.331520558424902e-01,  0.000000000000000e+00
5601        ,  8.203000000000000e-01,  1.208978852166484e+00,  1.334113762009915e+02
3088        ,  1.459500000000000e+00,  9.862144016744980e-01,  1.057867511123232e+02
3655        ,  2.189700000000000e+00,  1.828747414684257e+00,  2.102677783041284e+02
5892        ,  1.967200000000000e+00,  2.254898040962188e+00,  2.631139629454815e+02
5281        ,  1.805600000000000e+00,  2.162637627169538e+00,  2.516729123832463e+02
5141        ,  1.826300000000000e+00,  1.409153474545149e+00,  1.582346767018733e+02
4791        ,  3.607100000000000e+00,  4.038779949813105e+00,  4.843300000000000e+02
3860        ,  1.860999999999999e-01,  1.331520558424902e-01,  0.000000000000000e+00
3765        ,  2.134000000000000e+00,  2.031577840497163e+00,  2.354204202866428e+02
4742        ,  2.144300000000000e+00,  1.637059091722415e+00,  1.864968487684619e+02
4331        ,  3.055899999999999e+00,  1.331520558424902e-01,  0.000000000000000e+00
3696        ,  2.420000000000000e-02,  1.331520558424902e-01,  0.000000000000000e+00
4181        ,  1.362600000000000e+00,  1.355858249430347e+00,  1.516256301975455e+02
5206        ,  2.109000000000000e+00,  2.202967405305234e+00,  2.566741367637399e+02
5491        ,  9.824000000000006e-01,  1.113202667470629e+00,  1.215343411139177e+02
4372        ,  0.000000000000000e+00,  1.331520558424902e-01,  0.000000000000000e+00
5497        ,  0.000000000000000e+00,  1.204853155905655e+00,  1.328997559124608e+02
5633        ,  4.619200000000000e+00,  4.403223287139918e+00,  5.295239729947103e+02
4869        ,  2.777500000000000e+00,  4.069648868893317e+00,  4.881579999999999e+02
3643        ,  1.559600000000000e+00,  1.251391295035402e+00,  1.386708681475783e+02
3735        ,  4.644100000000000e+00,  4.061222008799581e+00,  4.871130000000000e+02
4961        ,  2.021900000000000e+00,  1.588335417638532e+00,  1.804547122132930e+02
3952        ,  2.400100000000000e+00,  2.597111184500787e+00,  3.055512089683093e+02
3532        ,  2.109100000000000e+00,  2.084169157829578e+00,  2.419421764331848e+02
3155        ,  0.000000000000000e+00,  1.331520558424902e-01,  0.000000000000000e+00
3515        ,  0.000000000000000e+00,  1.331520558424902e-01,  0.000000000000000e+00
5107        ,  2.169700000000000e+00,  4.096526117402814e+00,  4.914910000000000e+02
3130        ,  0.000000000000000e+00,  1.331520558424902e-01,  0.000000000000000e+00
4535        ,  1.017200000000000e+00,  8.342279752212871e-01,  8.693918346827729e+01
3006        ,  1.215300000000000e+00,  7.910523264395619e-01,  8.158504770774181e+01
5286        ,  3.213700000000000e+00,  3.123665173980244e+00,  3.708482369105478e+02
3273        ,  3.100000000000014e-02,  1.331520558424902e-01,  0.000000000000000e+00
5787        ,  2.082800000000000e+00,  1.489062259448322e+00,  1.681440236347702e+02
5602        ,  1.740300000000000e+00,  1.504396337377559e+00,  1.700455754889375e+02
3424        ,  0.000000000000000e+00,  1.331520558424902e-01,  0.000000000000000e+00
5826        ,  4.010000000000025e-02,  1.609700792919623e-01,  3.449663834612145e+00
5367        ,  0.000000000000000e+00,  1.331520558424902e-01,  0.000000000000000e+00
3538        ,  1.800000000000246e-03,  1.331520558424902e-01,  0.000000000000000e+00
3579        ,  1.574400000000000e+00,  1.374555722153095e+00,  1.539442706849786e+02
3218        ,  0.000000000000000e+00,  1.331520558424902e-01,  0.000000000000000e+00
3617        ,  2.533399999999999e+00,  2.522305542859372e+00,  2.962746937959043e+02
3475        ,  0.000000000000000e+00,  1.331520558424902e-01,  0.000000000000000e+00
5391        ,  2.591300000000000e+00,  2.466358980571512e+00,  2.893368596630852e+02
4841        ,  4.640900000000000e+00,  3.811698246234527e+00,  4.561700000000000e+02
4694        ,  2.325100000000000e+00,  2.908072732814617e+00,  3.441130000000001e+02
3219        ,  0.000000000000000e+00,  1.331520558424902e-01,  0.000000000000000e+00
5472        ,  0.000000000000000e+00,  1.331520558424902e-01,  0.000000000000000e+00
3362        ,  0.000000000000000e+00,  1.331520558424902e-01,  0.000000000000000e+00
3973        ,  2.406300000000000e+00,  2.045889467638233e+00,  2.371951798288754e+02
3659        ,  1.149999999999984e-02,  1.331520558424902e-01,  0.000000000000000e+00
3488        ,  3.973200000000000e+00,  3.175183800384531e+00,  3.772369705543516e+02
4400        ,  2.935200000000000e+00,  2.049774856319961e+00,  2.376770000000000e+02
4001        ,  2.571800000000000e+00,  2.320144009643205e+00,  2.712050000000000e+02
5635        ,  2.510199999999999e+00,  2.370045973212894e+00,  2.773932541480766e+02
4527        ,  2.819700000000000e+00,  2.498366030491699e+00,  2.933059972534265e+02
5763        ,  3.147600000000001e+00,  4.259434777164124e+00,  5.116930144581621e+02
3800        ,  1.905300000000000e+00,  2.125673022230867e+00,  2.470889971726896e+02
4177        ,  2.914400000000000e+00,  2.891887358537768e+00,  3.421058803930329e+02
2989        ,  0.000000000000000e+00,  1.331520558424902e-01,  0.000000000000000e+00
4152        ,  0.000000000000000e+00,  1.331520558424902e-01,  0.000000000000000e+00
2992        ,  0.000000000000000e+00,  1.331520558424902e-01,  0.000000000000000e+00
5521        ,  0.000000000000000e+00,  1.331520558424902e-01,  0.000000000000000e+00
5838        ,  1.495700000000000e+00,  1.813077299349652e+00,  2.083245550462943e+02
3398        ,  1.423800000000000e+00,  1.501416794333114e+00,  1.696760876314424e+02
3215        ,  2.198300000000000e+00,  1.920854274992821e+00,  2.216897869706771e+02
3866        ,  4.189600000000000e+00,  4.093688463204729e+00,  4.911391075271200e+02
4013        ,  1.083500000000000e+00,  1.076046669296757e+00,  1.169266915671360e+02
4879        ,  4.412000000000000e+00,  4.569672135718490e+00,  5.501650000000000e+02
5571        ,  2.085500000000000e+00,  1.714550301059617e+00,  1.961063964358745e+02
4738        ,  4.309900000000000e+00,  3.855893004918116e+00,  4.616505137750749e+02
5730        ,  0.000000000000000e+00,  1.331520558424902e-01,  0.000000000000000e+00
3608        ,  1.196200000000000e+00,  8.103705591428182e-01,  8.398066754126774e+01
3510        ,  2.562800000000000e+00,  1.327663760982554e+00,  1.481292816050437e+02
3712        ,  0.000000000000000e+00,  1.331520558424902e-01,  0.000000000000000e+00
3681        ,  1.421999999999999e-01,  1.331520558424902e-01,  0.000000000000000e+00
4652        ,  3.696700000000000e+00,  3.497200016906779e+00,  4.171696314176635e+02
5806        ,  3.925800000000000e+00,  3.031687148006793e+00,  3.594422047617880e+02
5247        ,  0.000000000000000e+00,  1.331520558424902e-01,  0.000000000000000e+00
4075        ,  2.952200000000000e+00,  2.503230323792640e+00,  2.939092096531745e+02
4253        ,  0.000000000000000e+00,  1.331520558424902e-01,  0.000000000000000e+00
4596        ,  1.153000000000000e-01,  7.385699851043158e-01,  7.507680548166071e+01
4040        ,  3.755400000000000e+00,  4.556189159568512e+00,  5.484929999999999e+02
3096        ,  1.272100000000000e+00,  1.499196838846003e+00,  1.694007948820403e+02
4733        ,  4.222000000000001e-01,  5.046542406254757e-01,  4.606932816966848e+01
4616        ,  3.628800000000000e+00,  3.203637996079255e+00,  3.807655249827191e+02
3341        ,  1.408900000000000e+00,  1.747458364604465e+00,  2.001872671305153e+02
4948        ,  0.000000000000000e+00,  1.331520558424902e-01,  0.000000000000000e+00
3861        ,  4.192900000000000e+00,  4.631261357088000e+00,  5.578025702948928e+02
4080        ,  2.228600000000000e+00,  2.594483252267079e+00,  3.052253237449072e+02
3133        ,  0.000000000000000e+00,  1.331520558424902e-01,  0.000000000000000e+00
4690        ,  1.719900000000000e+00,  1.756366730366267e+00,  2.012919777958795e+02
5282        ,  3.805300000000000e+00,  3.740867189238499e+00,  4.473863660322464e+02
3983        ,  0.000000000000000e+00,  1.331520558424902e-01,  0.000000000000000e+00
4723        ,  8.354000000000004e-01,  1.038494325013498e+00,  1.122698918410821e+02
4639        ,  4.481400000000000e+00,  4.522215607822186e+00,  5.442800000000001e+02
3446        ,  1.277400000000000e+00,  1.185990075555789e+00,  1.305605787164062e+02
5584        ,  3.728300000000000e+00,  3.900845555647212e+00,  4.672250000000001e+02
3588        ,  0.000000000000000e+00,  1.331520558424902e-01,  0.000000000000000e+00
3506        ,  1.599000000000000e+00,  1.069378912611553e+00,  1.160998348662377e+02
3987        ,  6.479999999999997e-02,  1.331520558424902e-01,  0.000000000000000e+00
4902        ,  1.785500000000000e+00,  1.281021442369024e+00,  1.423452502565978e+02
5846        ,  0.000000000000000e+00,  1.331520558424902e-01,  0.000000000000000e+00
4032        ,  5.322200000000000e+00,  4.860768955643838e+00,  5.862634012358409e+02
3028        ,  0.000000000000000e+00,  1.331520558424902e-01,  0.000000000000000e+00
4930        ,  7.380000000000009e-02,  7.217298193382449e-01,  7.298848634145988e+01
4370        ,  8.121000000000000e-01,  9.998800014393919e-01,  1.074813979434636e+02
4161        ,  5.473999999999997e-01,  6.427858437870773e-01,  6.319878370805669e+01
5577        ,  2.700600000000000e+00,  2.957680765664540e+00,  3.502648043199391e+02
4330        ,  2.371100000000000e+00,  2.310670873088995e+00,  2.700302531086272e+02
3024        ,  0.000000000000000e+00,  1.331520558424902e-01,  0.000000000000000e+00
3545        ,  5.858400000000000e+00,  5.578533834513111e+00,  6.752721530218017e+02
3957        ,  2.369100000000000e+00,  1.799561654878617e+00,  2.066485039056410e+02
3064        ,  0.000000000000000e+00,  1.924305106966549e-01,  7.351016230665423e+00
3168        ,  1.440000000000019e-02,  1.331520558424902e-01,  0.000000000000000e+00
3572        ,  1.227300000000000e+00,  1.450663520181830e+00,  1.633822639654348e+02
3081        ,  9.398000000000002e-01,  1.374175191337746e+00,  1.538970817323182e+02
4251        ,  0.000000000000000e+00,  1.331520558424902e-01,  0.000000000000000e+00
3343        ,  0.000000000000000e+00,  1.331520558424902e-01,  0.000000000000000e+00
3191        ,  0.000000000000000e+00,  1.331520558424902e-01,  0.000000000000000e+00
4377        ,  4.062600000000000e+00,  4.503499108035045e+00,  5.419589999999999e+02
4348        ,  2.519400000000000e+00,  2.014959602668767e+00,  2.333596220370573e+02
3109        ,  0.000000000000000e+00,  1.331520558424902e-01,  0.000000000000000e+00
4724        ,  7.427999999999999e-01,  6.706970260324048e-01,  6.666000000000004e+01
5357        ,  3.189999999999982e-02,  1.331520558424902e-01,  0.000000000000000e+00
5336        ,  4.309000000000003e-01,  5.929250586473667e-01,  5.701563602417299e+01
3833        ,  2.096400000000000e+00,  1.954732611178611e+00,  2.258909794575995e+02
5048        ,  3.346100000000000e+00,  3.035870440245601e+00,  3.599609674255712e+02
5052        ,  0.000000000000000e+00,  1.331520558424902e-01,  0.000000000000000e+00
4236        ,  1.189800000000000e+00,  1.417588468334083e+00,  1.592806853470137e+02
4016        ,  1.261500000000000e+00,  2.053506172141433e+00,  2.381397138685186e+02
3748        ,  5.403900000000000e+00,  4.840822792955614e+00,  5.837899129166641e+02
4264        ,  0.000000000000000e+00,  1.331520558424902e-01,  0.000000000000000e+00
4210        ,  3.155900000000000e+00,  2.999377999871073e+00,  3.554356045066203e+02
3089        ,  0.000000000000000e+00,  1.331520558424902e-01,  0.000000000000000e+00
3142        ,  0.000000000000000e+00,  1.331520558424902e-01,  0.000000000000000e+00
5291        ,  4.676600000000000e+00,  4.727121363785669e+00,  5.696900000000001e+02
3310        ,  0.000000000000000e+00,  6.766024241181996e-01,  6.739231796078387e+01
3456        ,  1.118800000000000e+00,  9.795278437645044e-01,  1.049575629048274e+02
3584        ,  3.670800000000000e+00,  3.789965817571734e+00,  4.534750000000001e+02
3827        ,  1.014500000000000e+00,  1.038083636230897e+00,  1.122189630522991e+02
4259        ,  0.000000000000000e+00,  1.331520558424902e-01,  0.000000000000000e+00
5399        ,  1.045000000000000e+00,  6.237413766788811e-01,  6.083711306125696e+01
3288        ,  0.000000000000000e+00,  1.331520558424902e-01,  0.000000000000000e+00
3177        ,  1.162500000000000e+00,  1.561308568998561e+00,  1.771031605659881e+02
5495        ,  3.851200000000000e+00,  3.817076584415205e+00,  4.568369581951392e+02
3073        ,  0.000000000000000e+00,  1.331520558424902e-01,  0.000000000000000e+00
3886        ,  1.935600000000000e+00,  1.963488339120304e+00,  2.269767617771457e+02
4630        ,  2.287500000000000e+00,  1.672603599724074e+00,  1.909046602722204e+02
4413        ,  6.556000000000002e-01,  6.687404470589453e-01,  6.641736810573317e+01
4892        ,  0.000000000000000e+00,  1.331520558424902e-01,  0.000000000000000e+00
4401        ,  0.000000000000000e+00,  1.331520558424902e-01,  0.000000000000000e+00
3289        ,  0.000000000000000e+00,  1.331520558424902e-01,  0.000000000000000e+00
3217        ,  3.489100000000000e+00,  3.055675840140692e+00,  3.624170000000000e+02
4695        ,  2.482000000000000e+00,  2.402290477450798e+00,  2.813918380279318e+02
3120        ,  0.000000000000000e+00,  1.331520558424902e-01,  0.000000000000000e+00
3871        ,  2.856000000000001e-01,  2.966435138414622e-01,  2.027428623573782e+01
4441        ,  4.190000000000000e+00,  4.207192267112023e+00,  5.052145132848693e+02
3405        ,  2.360100000000000e+00,  2.171235905617542e+00,  2.527391696698533e+02
3501        ,  1.934100000000000e+00,  1.937318441161245e+00,  2.237314790665020e+02
3720        ,  2.619999999999978e-02,  1.331520558424902e-01,  0.000000000000000e+00
4149        ,  0.000000000000000e+00,  1.480853157801008e+00,  1.671260274741575e+02
3543        ,  2.136700000000000e+00,  2.139365823956092e+00,  2.487870172707680e+02
3150        ,  0.000000000000000e+00,  1.331520558424902e-01,  0.000000000000000e+00
5174        ,  1.404900000000000e+00,  1.355938105832861e+00,  1.516355330486311e+02
5780        ,  9.264000000000001e-01,  1.008037638265672e+00,  1.084930120427412e+02
3159        ,  9.429000000000001e-01,  8.290952057856985e-01,  8.630267781842356e+01
4744        ,  1.614900000000000e+00,  1.581756831011967e+00,  1.796389133334860e+02
5516        ,  0.000000000000000e+00,  1.331520558424902e-01,  0.000000000000000e+00
5554        ,  1.662000000000000e+00,  1.165341925085807e+00,  1.280000381353220e+02
3492        ,  0.000000000000000e+00,  1.331520558424902e-01,  0.000000000000000e+00
5262        ,  2.010999999999994e-01,  2.132515786282150e-01,  9.933000000000000e+00
3626        ,  3.394699999999999e+00,  3.337615994513365e+00,  3.973798993530390e+02
3389        ,  6.611000000000002e-01,  7.523298702349570e-01,  7.678314447407000e+01
5294        ,  0.000000000000000e+00,  1.331520558424902e-01,  0.000000000000000e+00
4836        ,  2.266100000000000e+00,  2.309334472508422e+00,  2.698645284388019e+02
3498        ,  3.940200000000000e+00,  3.708407632033607e+00,  4.433611138147181e+02
3186        ,  0.000000000000000e+00,  1.331520558424902e-01,  0.000000000000000e+00
5236        ,  1.808000000000001e-01,  1.331520558424902e-01,  0.000000000000000e+00
4171        ,  4.364300000000000e+00,  4.101442530749582e+00,  4.921006757143496e+02
3406        ,  0.000000000000000e+00,  1.331520558424902e-01,  0.000000000000000e+00
4952        ,  4.310000000000036e-02,  2.455519073477902e-01,  1.393850657498699e+01
4923        ,  2.503000000000000e+00,  3.687069420637691e+00,  4.407150000000001e+02
3144        ,  2.984600000000000e+00,  2.509262047485805e+00,  2.946571930288619e+02
4447        ,  2.571900000000000e+00,  2.654801703049938e+00,  3.127053080293195e+02
3036        ,  0.000000000000000e+00,  1.556055132233545e+00,  1.764516911742603e+02
3722        ,  0.000000000000000e+00,  1.331520558424902e-01,  0.000000000000000e+00
3719        ,  0.000000000000000e+00,  1.331520558424902e-01,  0.000000000000000e+00
4956        ,  3.796700000000000e+00,  4.035941428518373e+00,  4.839780000000000e+02
5085        ,  0.000000000000000e+00,  1.331520558424902e-01,  0.000000000000000e+00
4434        ,  1.092800000000000e+00,  6.253142116071146e-01,  6.103215753591554e+01
4730        ,  1.903900000000000e+00,  2.062368865858593e+00,  2.392387608244917e+02
3116        ,  0.000000000000000e+00,  1.331520558424902e-01,  0.000000000000000e+00
3131        ,  6.086400000000000e+00,  5.540255686466265e+00,  6.705253476561013e+02
5503        ,  8.586999999999998e-01,  7.417710303553694e-01,  7.547376143561530e+01
3128        ,  0.000000000000000e+00,  1.331520558424902e-01,  0.000000000000000e+00
3734        ,  1.765000000000000e+00,  1.891754603394208e+00,  2.180811882183193e+02
5220        ,  2.462000000000000e-01,  8.975321315935624e-01,  9.478941981647529e+01
5628        ,  0.000000000000000e+00,  1.331520558424902e-01,  0.000000000000000e+00
3700        ,  6.755000000000000e-01,  7.856931112935783e-01,  8.092046092627672e+01
4098        ,  2.567200000000000e+00,  3.478083290313031e+00,  4.147990000000000e+02
5849        ,  0.000000000000000e+00,  1.331520558424902e-01,  0.000000000000000e+00
3654        ,  0.000000000000000e+00,  1.331520558424902e-01,  0.000000000000000e+00
5450        ,  1.609300000000000e+00,  1.637254785546213e+00,  1.865211164130643e+02
5797        ,  0.000000000000000e+00,  1.331520558424902e-01,  0.000000000000000e+00
5034        ,  2.416000000000000e-01,  1.331520558424902e-01,  0.000000000000000e+00
3165        ,  1.235000000000000e+00,  1.491274764029756e+00,  1.684183924105514e+02
4290        ,  4.068000000000001e-01,  5.113667134688938e-01,  4.690173004217444e+01
4717        ,  0.000000000000000e+00,  1.331520558424902e-01,  0.000000000000000e+00
4492        ,  1.135700000000000e+00,  1.057811776126080e+00,  1.146654147509324e+02
3091        ,  0.000000000000000e+00,  1.331520558424902e-01,  0.000000000000000e+00
3457        ,  2.942700000000000e+00,  2.868538750693256e+00,  3.392104608742430e+02
4753        ,  7.596999999999996e-01,  1.396551382275906e+00,  1.566719135522694e+02
3393        ,  8.523999999999998e-01,  2.489916170260957e-01,  1.436505888199645e+01
3229        ,  5.016000000000003e-01,  6.237844283621051e-01,  6.084245182426818e+01
5651        ,  5.059999999999998e-01,  4.907748993276206e-01,  4.434817562946677e+01
3602        ,  1.873300000000000e+00,  1.191524992261079e+00,  1.312469539371515e+02
3187        ,  0.000000000000000e+00,  1.331520558424902e-01,  0.000000000000000e+00
5049        ,  3.301000000000000e+00,  3.244062193525846e+00,  3.857784581347821e+02
3407        ,  2.927999999999997e-01,  1.331520558424902e-01,  0.000000000000000e+00
5766        ,  2.967000000000000e+00,  2.656650134504296e+00,  3.129345287412237e+02
3723        ,  6.068800000000000e+00,  5.621052664728829e+00,  6.805448378749004e+02
3415        ,  1.425400000000000e+00,  1.413562391644220e-01,  1.017386247790131e+00
3627        ,  2.072800000000000e+00,  1.697959562786491e+00,  1.940490083574486e+02
5207        ,  0.000000000000000e+00,  1.331520558424902e-01,  0.000000000000000e+00
3922        ,  1.836800000000000e+00,  1.839059716482251e+00,  2.115465885915941e+02
4304        ,  3.197500000000000e+00,  3.708115774435551e+00,  4.433249210707333e+02
3738        ,  1.802400000000000e+00,  1.708912272568564e+00,  1.954072345051419e+02
4262        ,  2.272100000000000e+00,  1.589668295201961e+00,  1.806200000000000e+02
5623        ,  3.708000000000000e+00,  4.219061142766318e+00,  5.066863515402542e+02
3227        ,  0.000000000000000e+00,  2.777753828805797e-01,  1.793448272235351e+01
3798        ,  1.146800000000000e+00,  1.276551929523587e+00,  1.417909938821561e+02
4960        ,  0.000000000000000e+00,  1.331520558424902e-01,  0.000000000000000e+00
4293        ,  1.136700000000000e+00,  1.715454037535493e+00,  1.962184671961322e+02
5627        ,  1.765000000000000e+00,  1.507929124276940e+00,  1.704836701373341e+02
4279        ,  3.202400000000000e+00,  3.229566599489044e+00,  3.839808851835332e+02
3283        ,  0.000000000000000e+00,  1.331520558424902e-01,  0.000000000000000e+00
5770        ,  1.462100000000000e+00,  1.037928472037637e+00,  1.121997214154197e+02
4222        ,  2.760500000000000e+00,  2.510226585644294e+00,  2.947768036981277e+02
4509        ,  2.598600000000000e+00,  1.355646248234805e+00,  1.515993403046462e+02
4777        ,  1.779300000000000e+00,  1.824651191214217e+00,  2.097598128842001e+02
4390        ,  2.926900000000000e+00,  3.591275449346964e+00,  4.288357592287882e+02
5266        ,  2.960300000000000e+00,  3.087723806833625e+00,  3.663912116068840e+02
5901        ,  2.864800000000001e+00,  4.137243729444503e+00,  4.965403189764943e+02
2996        ,  0.000000000000000e+00,  1.331520558424902e-01,  0.000000000000000e+00
4358        ,  3.600000000000003e-02,  1.331520558424902e-01,  0.000000000000000e+00
4157        ,  1.256900000000000e+00,  1.767978259842607e+00,  2.027319030073821e+02
5125        ,  9.231000000000000e-01,  1.148135496016692e+00,  1.258662993314001e+02
3581        ,  3.809500000000000e+00,  3.467084020295943e+00,  4.134349999999999e+02
4706        ,  3.862500000000000e+00,  4.054210156826672e+00,  4.862434726517131e+02
3533        ,  0.000000000000000e+00,  1.331520558424902e-01,  0.000000000000000e+00
5097        ,  1.196899999999999e+00,  1.284238422577002e+00,  1.427441822763468e+02
3421        ,  8.106000000000000e-01,  1.331520558424902e-01,  0.000000000000000e+00
4977        ,  0.000000000000000e+00,  1.331520558424902e-01,  0.000000000000000e+00
4476        ,  3.099999999999881e-03,  1.331520558424902e-01,  0.000000000000000e+00
3225        ,  2.281000000000004e-01,  1.331520558424902e-01,  0.000000000000000e+00
3835        ,  1.736000000000000e+00,  1.823125955728711e+00,  2.095706711321567e+02
4661        ,  5.475600000000000e+00,  5.115838865835495e+00,  6.178941691832532e+02
5134        ,  2.371200000000000e+00,  2.216334304903180e+00,  2.583317423160424e+02
5729        ,  3.487600000000000e+00,  3.241921904473432e+00,  3.855130446788930e+02
3709        ,  2.167100000000000e+00,  1.764265619994653e+00,  2.022715051132726e+02
3853        ,  0.000000000000000e+00,  1.331520558424902e-01,  0.000000000000000e+00
4891        ,  2.943400000000000e+00,  1.331520558424902e-01,  0.000000000000000e+00
3365        ,  8.793000000000000e-01,  1.192838991490926e+00,  1.314099006551361e+02
4734        ,  1.172500000000000e+00,  1.387214871719316e+00,  1.555141094089576e+02
3367        ,  2.085999999999997e-01,  3.874656301173479e-01,  3.153697606950484e+01
5375        ,  2.877700000000000e+00,  2.617479115266406e+00,  3.080770000000000e+02
5429        ,  3.010400000000000e+00,  2.816296240641157e+00,  3.327319597009504e+02
3342        ,  0.000000000000000e+00,  1.331520558424902e-01,  0.000000000000000e+00
4451        ,  1.030000000000000e-01,  1.331520558424902e-01,  0.000000000000000e+00
4167        ,  1.737100000000000e+00,  1.633689253316553e+00,  1.860789610742371e+02
5109        ,  0.000000000000000e+00,  1.331520558424902e-01,  0.000000000000000e+00
5642        ,  5.254999999999996e-01,  8.304525526515523e-01,  8.647100000000000e+01
3209        ,  2.847000000000008e-01,  1.331520558424902e-01,  0.000000000000000e+00
4987        ,  2.826900000000000e+00,  2.701690930316635e+00,  3.185199580826791e+02
3658        ,  2.646900000000000e+00,  2.301848581133711e+00,  2.689362163036108e+02
5128        ,  4.194100000000000e+00,  4.059270525409453e+00,  4.868710000000000e+02
3810        ,  2.148500000000000e+00,  2.241210655800614e+00,  2.614166145458711e+02
5165        ,  7.931000000000000e-01,  5.751681765960697e-01,  5.481363652053840e+01
3801        ,  0.000000000000000e+00,  1.331520558424902e-01,  0.000000000000000e+00
4708        ,  4.946400000000000e+00,  4.474144683467629e+00,  5.383188097830351e+02
2981        ,  2.159200000000000e+00,  1.493365272240492e+00,  1.686776326324039e+02
3586        ,  2.156900000000000e+00,  2.175207985120915e+00,  2.532317402162790e+02
5702        ,  3.637999999999995e-01,  4.744948776956841e-01,  4.232931897157361e+01
5376        ,  2.012700000000000e+00,  2.093170398523373e+00,  2.430584043544252e+02
3084        ,  8.620000000000028e-02,  9.810074122596502e-01,  1.051410415742521e+02
4082        ,  2.931300000000000e+00,  2.298540861689072e+00,  2.685260318717822e+02
5459        ,  6.888000000000001e-01,  6.917121603603540e-01,  6.926604959954550e+01
4786        ,  1.332600000000000e+00,  1.101952231317225e+00,  1.201391944460566e+02
4641        ,  4.323000000000001e-01,  4.110322597492492e-01,  3.445943208412911e+01
3725        ,  0.000000000000000e+00,  1.331520558424902e-01,  0.000000000000000e+00
3197        ,  1.631300000000000e+00,  1.704383358360692e+00,  1.948456118729180e+02
4597        ,  2.728600000000000e+00,  1.874812272244162e+00,  2.159801997297412e+02
3846        ,  4.541999999999993e-01,  6.528813138130093e-01,  6.445070507138165e+01
4243        ,  2.519600000000000e+00,  2.279861975413461e+00,  2.662096962567502e+02
3140        ,  0.000000000000000e+00,  1.331520558424902e-01,  0.000000000000000e+00
5779        ,  0.000000000000000e+00,  1.331520558424902e-01,  0.000000000000000e+00
4663        ,  1.831000000000000e+00,  1.366918987750165e+00,  1.529972527729340e+02
4399        ,  4.730000000000034e-02,  1.331520558424902e-01,  0.000000000000000e+00
3666        ,  4.611900000000000e+00,  5.524745847605422e+00,  6.686020000000000e+02
3410        ,  2.838900000000000e+00,  2.606937056968686e+00,  3.067696980158000e+02
3101        ,  0.000000000000000e+00,  1.331520558424902e-01,  0.000000000000000e+00
4436        ,  1.310000000000011e-02,  1.331520558424902e-01,  0.000000000000000e+00
3204        ,  3.863100000000000e+00,  3.542921241681375e+00,  4.228394395499911e+02
3489        ,  2.194900000000000e+00,  2.323455178690384e+00,  2.716156122109318e+02
3529        ,  3.656900000000000e+00,  3.689478023698578e+00,  4.410136866010151e+02
4996        ,  0.000000000000000e+00,  1.331520558424902e-01,  0.000000000000000e+00
3796        ,  3.416900000000000e+00,  2.859551759432788e+00,  3.380960000000000e+02
4679        ,  0.000000000000000e+00,  9.776435918039448e-01,  1.047239001553712e+02
4497        ,  1.327300000000000e+00,  1.514920425913390e+00,  1.713506490747821e+02
3591        ,  1.393800000000000e+00,  1.367834711446724e+00,  1.531108100472046e+02
3790        ,  0.000000000000000e+00,  1.331520558424902e-01,  0.000000000000000e+00
5645        ,  2.352200000000000e+00,  2.156698069033653e+00,  2.509363582951330e+02
3265        ,  0.000000000000000e+00,  1.331520558424902e-01,  0.000000000000000e+00
3029        ,  0.000000000000000e+00,  1.331520558424902e-01,  0.000000000000000e+00
3824        ,  2.338300000000000e+00,  2.296548801380744e+00,  2.682790000000001e+02
3305        ,  0.000000000000000e+00,  1.331520558424902e-01,  0.000000000000000e+00
4582        ,  0.000000000000000e+00,  1.331520558424902e-01,  0.000000000000000e+00
5555        ,  0.000000000000000e+00,  1.331520558424902e-01,  0.000000000000000e+00
3271        ,  0.000000000000000e+00,  1.331520558424902e-01,  0.000000000000000e+00
4810        ,  2.130700000000000e+00,  2.344369257202175e+00,  2.742091300576403e+02
4118        ,  3.832100000000000e+00,  3.800987934322345e+00,  4.548418331829729e+02
3276        ,  1.351600000000000e+00,  7.839850927811383e-01,  8.070865257469075e+01
3826        ,  3.180200000000001e+00,  3.396108939442812e+00,  4.046335058887293e+02
5238        ,  2.869999999999995e-02,  1.331520558424902e-01,  0.000000000000000e+00
4790        ,  1.588000000000000e+00,  6.274299710379246e-01,  6.129452911686060e+01
3110        ,  0.000000000000000e+00,  1.331520558424902e-01,  0.000000000000000e+00
5313        ,  3.138300000000000e+00,  3.161563779141899e+00,  3.755479758350574e+02
3979        ,  1.458900000000000e+00,  1.634953969574797e+00,  1.862357962981715e+02
4323        ,  0.000000000000000e+00,  1.331520558424902e-01,  0.000000000000000e+00
4127        ,  2.794999999999999e-01,  3.125183632134447e-01,  2.224289819905410e+01
3384        ,  0.000000000000000e+00,  1.331520558424902e-01,  0.000000000000000e+00
3345        ,  1.220300000000000e+00,  1.331520558424902e-01,  0.000000000000000e+00
3260        ,  0.000000000000000e+00,  1.331520558424902e-01,  0.000000000000000e+00
3207        ,  0.000000000000000e+00,  1.331520558424902e-01,  0.000000000000000e+00
4979        ,  1.930300000000000e+00,  1.921163133041829e+00,  2.217280879104842e+02
4894        ,  4.453700000000000e+00,  4.774400484101052e+00,  5.755530000000000e+02
5265        ,  0.000000000000000e+00,  1.331520558424902e-01,  0.000000000000000e+00
3292        ,  0.000000000000000e+00,  1.331520558424902e-01,  0.000000000000000e+00
3052        ,  4.224600000000000e+00,  4.213807706001303e+00,  5.060348821485265e+02
4213        ,  0.000000000000000e+00,  1.331520558424902e-01,  0.000000000000000e+00
3172        ,  0.000000000000000e+00,  1.331520558424902e-01,  0.000000000000000e+00
3043        ,  8.247000000000004e-01,  1.040050898869799e+00,  1.124629198090014e+02
3947        ,  5.163000000000002e-01,  5.098710907653646e-01,  4.671626051879292e+01
4634        ,  1.984300000000000e+00,  1.756658587964322e+00,  2.013281705398643e+02
5350        ,  5.800999999999998e-01,  6.110387774805253e-01,  5.926188622532687e+01
3023        ,  2.116900000000000e+00,  1.980513365673596e+00,  2.290880051762635e+02
3100        ,  1.347000000000000e+00,  1.370451417433495e+00,  1.534353031236007e+02
4624        ,  1.861999999999995e-01,  1.682722534752791e-01,  4.355193526179951e+00
5526        ,  0.000000000000000e+00,  1.331520558424902e-01,  0.000000000000000e+00
3802        ,  3.640600000000001e+00,  3.658139000999942e+00,  4.371273898836390e+02
4541        ,  9.722000000000000e-01,  8.074570601258585e-01,  8.361936968668654e+01
3619        ,  0.000000000000000e+00,  1.331520558424902e-01,  0.000000000000000e+00
4285        ,  0.000000000000000e+00,  1.331520558424902e-01,  0.000000000000000e+00
5507        ,  2.815200000000000e+00,  3.080546824161235e+00,  3.655012066929278e+02
3432        ,  0.000000000000000e+00,  1.331520558424902e-01,  0.000000000000000e+00
3113        ,  1.532700000000000e+00,  9.909215365303016e-01,  1.063704745715475e+02
3380        ,  3.602999999999998e-01,  7.227915371799067e-01,  7.312014809117390e+01
3718        ,  0.000000000000000e+00,  1.331520558424902e-01,  0.000000000000000e+00
4921        ,  3.986700000000000e+00,  3.547332959758891e+00,  4.233865288975918e+02
3015        ,  0.000000000000000e+00,  1.331520558424902e-01,  0.000000000000000e+00
4801        ,  3.595800000000000e+00,  3.288434586308735e+00,  3.912810000000000e+02
3558        ,  0.000000000000000e+00,  1.331520558424902e-01,  0.000000000000000e+00
3997        ,  2.932200000000000e+00,  2.698465675956735e+00,  3.181200000000001e+02
3090        ,  0.000000000000000e+00,  1.331520558424902e-01,  0.000000000000000e+00
5333        ,  4.202400000000000e+00,  3.499283496233062e+00,  4.174280000000000e+02
3445        ,  0.000000000000000e+00,  1.331520558424902e-01,  0.000000000000000e+00
5229        ,  4.162100000000001e+00,  4.600810881024112e+00,  5.540264606724706e+02
4590        ,  0.000000000000000e+00,  1.331520558424902e-01,  0.000000000000000e+00
5025        ,  2.353300000000000e+00,  2.217902399454142e+00,  2.585261989449086e+02
5683        ,  0.000000000000000e+00,  1.331520558424902e-01,  0.000000000000000e+00
3453        ,  2.586800000000000e+00,  2.405308266147286e+00,  2.817660686610207e+02
4215        ,  2.252700000000000e+00,  1.918852606737984e+00,  2.214415636344596e+02
5502        ,  4.470800000000000e+00,  4.551576562464572e+00,  5.479209999999999e+02
4144        ,  7.689000000000000e-01,  4.030351432042648e-01,  3.346772382072498e+01
5533        ,  0.000000000000000e+00,  1.331520558424902e-01,  0.000000000000000e+00
3896        ,  5.040999999999999e+00,  4.339840614635641e+00,  5.216640000000000e+02
5918        ,  0.000000000000000e+00,  1.331520558424902e-01,  0.000000000000000e+00
3303        ,  0.000000000000000e+00,  1.331520558424902e-01,  0.000000000000000e+00
4702        ,  4.318700000000000e+00,  3.932351951037400e+00,  4.711320523085129e+02
3733        ,  0.000000000000000e+00,  1.331520558424902e-01,  0.000000000000000e+00
4584        ,  0.000000000000000e+00,  1.331520558424902e-01,  0.000000000000000e+00
3633        ,  4.639500000000000e+00,  4.187868221935447e+00,  5.028181726568182e+02
5841        ,  3.369700000000000e+00,  3.342904633400953e+00,  3.980357340976598e+02
3663        ,  0.000000000000000e+00,  1.331520558424902e-01,  0.000000000000000e+00
3112        ,  0.000000000000000e+00,  1.331520558424902e-01,  0.000000000000000e+00
5145        ,  8.130000000000002e-01,  8.768142840711179e-01,  9.222023622731767e+01
3797        ,  5.508700000000000e+00,  5.156359005823457e+00,  6.229190000000001e+02
4041        ,  2.202900000000001e+00,  2.229098594548003e+00,  2.599146192750125e+02
3182        ,  0.000000000000000e+00,  1.331520558424902e-01,  0.000000000000000e+00
3672        ,  0.000000000000000e+00,  1.331520558424902e-01,  0.000000000000000e+00
4704        ,  7.975000000000003e-01,  9.053104861419393e-01,  9.575399979201039e+01
4019        ,  1.387000000000000e-01,  1.331520558424902e-01,  0.000000000000000e+00
5747        ,  9.680999999999997e-01,  1.331520558424902e-01,  0.000000000000000e+00
3139        ,  1.653300000000000e+00,  1.607464594312201e+00,  1.828268875433240e+02
4534        ,  1.043000000000000e+00,  1.139769789515792e+00,  1.248288828801718e+02
5091        ,  3.107900000000000e+00,  3.358421876981976e+00,  3.999600000000000e+02
4326        ,  3.563700000000000e+00,  4.251039343090810e+00,  5.106519115433131e+02
3794        ,  0.000000000000000e+00,  1.858747286639562e-01,  6.538045308166975e+00
5163        ,  8.546999999999993e-01,  1.028473880813561e+00,  1.110272742976014e+02
5757        ,  5.346700000000000e+00,  5.421849450671379e+00,  6.558420000000000e+02
5178        ,  1.411000000000000e+00,  7.843711719962874e-01,  8.075652957458668e+01
3639        ,  3.916900000000000e+00,  3.916634830349159e+00,  4.691830000000000e+02
3461        ,  1.653900000000000e+00,  1.662420585721711e+00,  1.896418827353797e+02
3914        ,  1.235300000000000e+00,  2.079075527158748e+00,  2.413105243122514e+02
4514        ,  3.202900000000000e+00,  3.171000508145723e+00,  3.767182078905684e+02
3268        ,  0.000000000000000e+00,  1.331520558424902e-01,  0.000000000000000e+00
3670        ,  5.524000000000000e+00,  5.329801546771758e+00,  6.444273024133387e+02
3961        ,  1.207400000000000e+00,  1.405067468172358e+00,  1.577279782860850e+02
3436        ,  6.292000000000000e-01,  2.061743673973549e-01,  9.055367565856939e+00
5607        ,  9.406000000000001e-01,  5.736354203954511e-01,  5.462356213792976e+01
3685        ,  3.286000000000000e+00,  2.895876499572679e+00,  3.426005667097762e+02
5271        ,  0.000000000000000e+00,  1.331520558424902e-01,  0.000000000000000e+00
5364        ,  0.000000000000000e+00,  1.331520558424902e-01,  0.000000000000000e+00
3883        ,  6.357800000000000e+00,  6.126955881040955e+00,  7.432809999999999e+02
5671        ,  3.270300000000000e+00,  2.438721474120472e+00,  2.859095814218334e+02
4172        ,  2.572000000000000e+00,  1.886716990059621e+00,  2.174564827080716e+02
4207        ,  1.619500000000000e+00,  2.969229622022720e+00,  3.516969575490249e+02
4680        ,  2.538000000000000e+00,  2.600905333275521e+00,  3.060217146401126e+02
5485        ,  6.596000000000002e-01,  6.477346511819222e-01,  6.381247655095282e+01
5822        ,  0.000000000000000e+00,  1.331520558424902e-01,  0.000000000000000e+00
3252        ,  4.925999999999999e-01,  2.803447566183224e-01,  1.825310621035196e+01
4655        ,  5.565700000000001e+00,  5.311895561894333e+00,  6.422068129322307e+02
4849        ,  3.854400000000000e+00,  3.843326487198292e+00,  4.600921621623576e+02
5883        ,  5.354999999999999e-01,  6.065816934198397e-01,  5.870917112247634e+01
5131        ,  2.770000000000028e-02,  1.685641110733355e-01,  4.391386270164827e+00
3544        ,  0.000000000000000e+00,  1.331520558424902e-01,  0.000000000000000e+00
3011        ,  0.000000000000000e+00,  1.331520558424902e-01,  0.000000000000000e+00
3823        ,  1.302100000000000e+00,  1.373571336110030e+00,  1.538221987146883e+02
3524        ,  1.959900000000000e+00,  1.687337892449454e+00,  1.927318338252104e+02
4360        ,  1.576000000000000e-01,  3.303968788686805e-01,  2.445998127055407e+01
4026        ,  2.560600000000000e+00,  2.440692460878865e+00,  2.861540000000000e+02
5480        ,  2.703000000000000e+00,  2.160200360210329e+00,  2.513706712229514e+02
5208        ,  0.000000000000000e+00,  1.331520558424902e-01,  0.000000000000000e+00
5334        ,  2.209999999999979e-02,  1.331520558424902e-01,  0.000000000000000e+00
4677        ,  0.000000000000000e+00,  1.712977234121879e+00,  1.959113231901281e+02
3360        ,  4.618000000000002e-01,  1.331520558424902e-01,  0.000000000000000e+00
3285        ,  0.000000000000000e+00,  1.331520558424902e-01,  0.000000000000000e+00
3154        ,  0.000000000000000e+00,  1.331520558424902e-01,  0.000000000000000e+00
4506        ,  1.594500000000000e+00,  1.763762455752809e+00,  2.022091086065217e+02
4336        ,  0.000000000000000e+00,  1.331520558424902e-01,  0.000000000000000e+00
3829        ,  0.000000000000000e+00,  1.331520558424902e-01,  0.000000000000000e+00
3021        ,  0.000000000000000e+00,  1.331520558424902e-01,  0.000000000000000e+00
3580        ,  1.859800000000000e+00,  1.497586326756243e+00,  1.692010781292904e+02
5284        ,  5.591300000000000e+00,  5.408176923202456e+00,  6.541464940765487e+02
5632        ,  2.338000000000005e-01,  1.331520558424902e-01,  0.000000000000000e+00
4033        ,  5.497999999999998e-01,  8.702580038083690e-01,  9.140720352019284e+01
5362        ,  1.485500000000000e+00,  1.131499612927476e+00,  1.238033129242622e+02
3554        ,  3.720300000000000e+00,  3.520451338885274e+00,  4.200529866884586e+02
3693        ,  2.168900000000000e+00,  1.984672826559077e+00,  2.296038125561153e+02
3758        ,  0.000000000000000e+00,  1.331520558424902e-01,  0.000000000000000e+00
4688        ,  2.151000000000000e+00,  2.267880928358092e+00,  2.647239478245237e+02
5805        ,  3.861999999999999e-01,  5.603266130679604e-01,  5.297316050523082e+01
3143        ,  0.000000000000000e+00,  5.848357661743946e-01,  5.601249718714171e+01
4893        ,  2.208000000000006e-01,  2.689631248047432e-01,  1.684169020096180e+01
4220        ,  1.188700000000000e+00,  1.214483737631773e+00,  1.340940273008363e+02
4868        ,  0.000000000000000e+00,  1.386762129256743e-01,  6.850409390584686e-01
3241        ,  3.769000000000000e-01,  7.933339426461072e-01,  8.186798689378718e+01
5435        ,  2.611900000000000e+00,  2.779406691756696e+00,  3.281573520587853e+02
5916        ,  9.017999999999997e-01,  1.068458371747290e+00,  1.159856802235293e+02
4404        ,  2.805900000000000e+00,  2.270911675739731e+00,  2.650997854412140e+02
3967        ,  2.306200000000000e+00,  2.184219728499500e+00,  2.543492705568646e+02
4232        ,  0.000000000000000e+00,  5.879919792103805e-01,  5.640389357748369e+01
3781        ,  1.123700000000000e+00,  1.228444796382176e+00,  1.358253134776432e+02
3926        ,  7.533000000000000e-01,  6.697056450968191e-01,  6.653706060547312e+01
4426        ,  3.982600000000000e+00,  3.900158073956673e+00,  4.671397466127810e+02
3817        ,  2.727700000000000e+00,  2.805789367111126e+00,  3.314290209174949e+02
4074        ,  2.853600000000000e+00,  4.171569524132297e+00,  5.007970000000000e+02
4405        ,  3.958000000000000e+00,  3.855309289722003e+00,  4.615781282871051e+02
3184        ,  0.000000000000000e+00,  1.331520558424902e-01,  0.000000000000000e+00
4294        ,  1.687000000000000e+00,  1.529466627398827e+00,  1.731544977661327e+02
4495        ,  0.000000000000000e+00,  1.331520558424902e-01,  0.000000000000000e+00
4125        ,  1.822700000000000e+00,  1.586430303880079e+00,  1.802184624292170e+02
4076        ,  3.507100000000000e+00,  3.182468719641282e+00,  3.781403604930267e+02
3597        ,  2.477700000000000e+00,  2.156972851534170e+00,  2.509704335865045e+02
3438        ,  1.828700000000000e+00,  1.868264677445660e+00,  2.151682440916595e+02
4123        ,  0.000000000000000e+00,  1.331520558424902e-01,  0.000000000000000e+00
3063        ,  4.020500000000000e+00,  4.030910277885948e+00,  4.833540959180049e+02
4602        ,  3.186700000000000e+00,  3.127805583633373e+00,  3.713616817808069e+02
4374        ,  4.502000000000002e-01,  1.331520558424902e-01,  0.000000000000000e+00
2990        ,  0.000000000000000e+00,  1.331520558424902e-01,  0.000000000000000e+00
4881        ,  3.677999999999999e-01,  3.861484306945406e-01,  3.137363250125731e+01
5168        ,  0.000000000000000e+00,  1.331520558424902e-01,  0.000000000000000e+00
5588        ,  0.000000000000000e+00,  1.331520558424902e-01,  0.000000000000000e+00
3717        ,  1.106800000000000e+00,  1.323762443481968e+00,  1.476454861292956e+02
4880        ,  0.000000000000000e+00,  1.331520558424902e-01,  0.000000000000000e+00
4508        ,  4.478999999999997e-01,  1.331520558424902e-01,  0.000000000000000e+00
5514        ,  0.000000000000000e+00,  1.331520558424902e-01,  0.000000000000000e+00
3496        ,  4.153700000000000e+00,  3.829350300536143e+00,  4.583590000000000e+02
5148        ,  0.000000000000000e+00,  1.331520558424902e-01,  0.000000000000000e+00
3509        ,  0.000000000000000e+00,  1.331520558424902e-01,  0.000000000000000e+00
3237        ,  9.591000000000000e-01,  9.155471458871026e-01,  9.702342984243298e+01
3959        ,  2.491400000000000e+00,  2.032561303993656e+00,  2.355423778535661e+02
3070        ,  9.367000000000001e-01,  9.283287482071014e-01,  9.860845371559860e+01
5144        ,  1.861700000000000e+00,  1.116738640335209e+00,  1.219728308482177e+02
4270        ,  7.806999999999999e-01,  9.531746205150049e-01,  1.016895463495036e+02
4498        ,  0.000000000000000e+00,  1.331520558424902e-01,  0.000000000000000e+00
4804        ,  4.575000000000000e-01,  4.597370914991366e-01,  4.049923203482058e+01
4119        ,  3.041100000000000e+00,  2.503139929362973e+00,  2.938980000000000e+02
3644        ,  5.740000000000003e-01,  6.892015838062278e-01,  6.895471744618365e+01
3816        ,  3.645000000000000e+00,  3.166914501772933e+00,  3.762115094747801e+02
3518        ,  1.070500000000000e+00,  1.138235534863869e+00,  1.246386226772701e+02
3017        ,  0.000000000000000e+00,  1.331520558424902e-01,  0.000000000000000e+00
4193        ,  4.166600000000000e+00,  3.861283665101881e+00,  4.623190000000001e+02
3039        ,  1.061300000000000e+00,  1.266947692175463e+00,  1.405999894134514e+02
4671        ,  1.044100000000000e+00,  8.189820617884395e-01,  8.504856473720710e+01
5520        ,  0.000000000000000e+00,  1.331520558424902e-01,  0.000000000000000e+00
3657        ,  7.258000000000000e-01,  7.271023169483011e-01,  7.365472025777727e+01
4703        ,  0.000000000000000e+00,  1.331520558424902e-01,  0.000000000000000e+00
4337        ,  0.000000000000000e+00,  1.331520558424902e-01,  0.000000000000000e+00
5030        ,  2.814400000000000e+00,  2.551128680002040e+00,  2.998490000000000e+02
3783        ,  2.028500000000000e+00,  1.417881130289095e+00,  1.593169778378805e+02
3244        ,  0.000000000000000e+00,  1.331520558424902e-01,  0.000000000000000e+00
4549        ,  4.942399999999999e+00,  4.750893979629051e+00,  5.726380000000000e+02
4061        ,  1.667600000000000e+00,  1.745665285104198e+00,  1.999649105164341e+02
4195        ,  5.205000000000000e+00,  5.884439717922270e+00,  7.132070000000000e+02
3948        ,  2.504600000000000e+00,  3.166330786576820e+00,  3.761391239868104e+02
5733        ,  3.228000000000000e-01,  4.491121735354822e-01,  3.918165477015569e+01
3014        ,  1.998000000000002e-01,  1.331520558424902e-01,  0.000000000000000e+00
3200        ,  0.000000000000000e+00,  1.255636377967472e+00,  1.391972933658290e+02
4838        ,  3.014200000000000e+00,  2.932650136399649e+00,  3.471608003029205e+02
5828        ,  3.484800000000000e+00,  2.907926725659027e+00,  3.440948939111491e+02
3302        ,  1.491900000000000e+00,  1.347684354826039e+00,  1.506120000000000e+02
4858        ,  3.400500000000000e+00,  3.344292010527422e+00,  3.982077802786848e+02
5817        ,  3.843800000000000e+00,  3.928242380737662e+00,  4.706224317718651e+02
3286        ,  0.000000000000000e+00,  1.331520558424902e-01,  0.000000000000000e+00
3491        ,  8.259000000000001e-01,  9.488649124720085e-01,  1.011551070856693e+02
3791        ,  2.952400000000000e+00,  2.422820995373728e+00,  2.839377912051311e+02
5408        ,  2.319000000000000e+00,  1.583489746450848e+00,  1.798538091088386e+02
5318        ,  2.948200000000000e+00,  2.864487243383071e+00,  3.387080406261259e+02
5053        ,  0.000000000000000e+00,  1.331520558424902e-01,  0.000000000000000e+00
3762        ,  3.050900000000000e+00,  3.167664627003026e+00,  3.763045311764255e+02
3250        ,  1.199900000000000e+00,  1.331520558424902e-01,  0.000000000000000e+00
3012        ,  0.000000000000000e+00,  1.331520558424902e-01,  0.000000000000000e+00
5063        ,  0.000000000000000e+00,  1.331520558424902e-01,  0.000000000000000e+00
3895        ,  0.000000000000000e+00,  1.528192851340886e-01,  2.438898282528386e+00
4129        ,  2.116100000000000e+00,  2.048808043618797e+00,  2.375571072687242e+02
5264        ,  0.000000000000000e+00,  1.331520558424902e-01,  0.000000000000000e+00
4917        ,  2.182400000000000e+00,  2.031889635948835e+00,  2.354590854885535e+02
5320        ,  0.000000000000000e+00,  1.331520558424902e-01,  0.000000000000000e+00
4778        ,  3.289100000000000e+00,  3.077314219169613e+00,  3.651003370714235e+02
5692        ,  2.643300000000000e+00,  2.380499928327210e+00,  2.786896306124942e+02
3460        ,  0.000000000000000e+00,  1.331520558424902e-01,  0.000000000000000e+00
4414        ,  0.000000000000000e+00,  1.331520558424902e-01,  0.000000000000000e+00
3363        ,  3.151200000000000e+00,  2.715118939981598e+00,  3.201851417861937e+02
3025        ,  0.000000000000000e+00,  1.331520558424902e-01,  0.000000000000000e+00
3704        ,  2.006600000000000e+00,  2.347973026670896e+00,  2.746560271287823e+02
5803        ,  2.048100000000000e+00,  2.127403601781008e+00,  2.473036032786152e+02
3368        ,  0.000000000000000e+00,  1.331520558424902e-01,  0.000000000000000e+00
3042        ,  0.000000000000000e+00,  1.331520558424902e-01,  0.000000000000000e+00
4312        ,  5.035999999999996e-01,  4.583787059433583e-01,  4.033078104714566e+01
4974        ,  1.457600000000000e+00,  1.291261395570591e+00,  1.436150887227178e+02
5374        ,  2.020000000000000e+00,  1.907354394427453e+00,  2.200156906840548e+02
4198        ,  4.097700000000001e+00,  3.927185623629318e+00,  4.704913851939065e+02
5614        ,  1.138500000000000e+00,  1.184714981639763e+00,  1.304024565775044e+02
5656        ,  2.185500000000000e+00,  2.250754923149800e+00,  2.626001822411877e+02
5560        ,  3.030600000000000e+00,  2.529594793483736e+00,  2.971786208598082e+02
3253        ,  0.000000000000000e+00,  1.331520558424902e-01,  0.000000000000000e+00
4771        ,  2.747500000000000e+00,  2.382206706465245e+00,  2.789012851474464e+02
4474        ,  1.164100000000000e+00,  9.545964506127671e-01,  1.018658649824979e+02
5360        ,  2.079200000000000e+00,  1.254811486214019e+00,  1.390950000000000e+02
4604        ,  2.293100000000000e+00,  2.531262450180416e+00,  2.973854240140846e+02
4693        ,  4.030700000000000e+00,  3.659571245594972e+00,  4.373050000000000e+02
3240        ,  1.162500000000000e+00,  1.246916423700219e+00,  1.381159472763107e+02
3813        ,  0.000000000000000e+00,  1.331520558424902e-01,  0.000000000000000e+00
5328        ,  0.000000000000000e+00,  1.331520558424902e-01,  0.000000000000000e+00
3977        ,  3.184500000000000e+00,  3.207307337328504e+00,  3.812205534942658e+02
5233        ,  6.469999999999976e-02,  1.331520558424902e-01,  0.000000000000000e+00
3077        ,  2.134800000000000e+00,  1.820478116072660e+00,  2.092423172245570e+02
3239        ,  9.895999999999999e-01,  1.267602539487785e+00,  1.406811958692088e+02
5796        ,  1.643200000000000e+00,  1.452640256655555e+00,  1.636273955556196e+02
3332        ,  0.000000000000000e+00,  1.331520558424902e-01,  0.000000000000000e+00
5833        ,  5.220599999999999e+00,  5.615175403879629e+00,  6.798160091630082e+02
5181        ,  0.000000000000000e+00,  1.331520558424902e-01,  0.000000000000000e+00
2997        ,  0.000000000000000e+00,  1.331520558424902e-01,  0.000000000000000e+00
4903        ,  1.562900000000000e+00,  1.951441219652292e+00,  2.254828198220123e+02
5700        ,  2.603800000000000e+00,  2.128971597218293e+00,  2.474980476165699e+02
5019        ,  1.267900000000000e+00,  1.379330325781770e+00,  1.545363608272695e+02
3728        ,  0.000000000000000e+00,  1.331520558424902e-01,  0.000000000000000e+00
4657        ,  7.240000000000002e-01,  5.382436403424695e-01,  5.023469015667348e+01
4615        ,  0.000000000000000e+00,  1.331520558424902e-01,  0.000000000000000e+00
5698        ,  2.943900000000000e+00,  2.967186618836325e+00,  3.514436083411307e+02
4055        ,  1.163999999999996e-01,  3.012620323229866e-01,  2.084702053528795e+01
3563        ,  0.000000000000000e+00,  7.962605777786164e-01,  8.223091373479943e+01
5843        ,  9.450000000000003e-02,  9.819740165619668e-01,  1.052609084623557e+02
3429        ,  4.021700000000000e+00,  3.567230599725714e+00,  4.258539999999999e+02
3238        ,  0.000000000000000e+00,  1.331520558424902e-01,  0.000000000000000e+00
3757        ,  1.403600000000000e+00,  1.345961490354110e+00,  1.503983506272634e+02
4089        ,  4.025900000000000e+00,  4.093688463204729e+00,  4.911391075271200e+02
5882        ,  0.000000000000000e+00,  1.331520558424902e-01,  0.000000000000000e+00
5695        ,  2.888000000000000e+00,  2.018649425152967e+00,  2.338171903902871e+02
3906        ,  1.246300000000000e+00,  1.325943791047564e+00,  1.479159911787080e+02
4715        ,  0.000000000000000e+00,  1.331520558424902e-01,  0.000000000000000e+00
3782        ,  1.082200000000000e+00,  6.874911548861904e-01,  6.874261018421930e+01
5548        ,  0.000000000000000e+00,  1.331520558424902e-01,  0.000000000000000e+00
5285        ,  3.423700000000000e+00,  2.911878323927449e+00,  3.445849246158917e+02
4769        ,  1.221900000000000e+00,  1.323250067133659e+00,  1.475819472455326e+02
5682        ,  3.568200000000000e+00,  3.188021895507582e+00,  3.788290000000000e+02
4131        ,  8.060000000000000e-01,  5.309101672504934e-01,  4.932527914285929e+01
3293        ,  2.504400000000000e+00,  2.821138132591369e+00,  3.333323941488574e+02
5240        ,  1.568900000000000e+00,  1.128882495123852e+00,  1.234787687791873e+02
4029        ,  2.932100000000001e+00,  2.726618863652071e+00,  3.216112269593149e+02
3226        ,  0.000000000000000e+00,  1.331520558424902e-01,  0.000000000000000e+00
4324        ,  0.000000000000000e+00,  1.666836776893666e-01,  4.158197055630678e+00
3316        ,  0.000000000000000e+00,  1.331520558424902e-01,  0.000000000000000e+00
4618        ,  9.976000000000003e-01,  1.091883266863043e+00,  1.188905599917549e+02
3455        ,  0.000000000000000e+00,  1.331520558424902e-01,  0.000000000000000e+00
5562        ,  3.304500000000000e+00,  3.089826799467940e+00,  3.666520000000000e+02
3645        ,  0.000000000000000e+00,  1.331520558424902e-01,  0.000000000000000e+00
5373        ,  3.522100000000000e+00,  3.160299062883654e+00,  3.753911406111230e+02
3324        ,  2.361700000000000e+00,  2.292035137466750e+00,  2.677192685297184e+02
4502        ,  7.188000000000000e+00,  6.535682107416317e+00,  7.939664156603043e+02
3402        ,  0.000000000000000e+00,  1.331520558424902e-01,  0.000000000000000e+00
5728        ,  3.545400000000000e+00,  3.853743842912748e+00,  4.613840000000000e+02
5687        ,  3.023600000000000e+00,  2.930217989749178e+00,  3.468591941030465e+02
3620        ,  9.683000000000000e-01,  1.274539078764533e+00,  1.415413838233899e+02
3353        ,  1.561700000000000e+00,  1.438236602215061e+00,  1.618412238709249e+02
4091        ,  5.020000000000000e-01,  6.346283164045987e-01,  6.218718318071123e+01
2987        ,  0.000000000000000e+00,  1.331520558424902e-01,  0.000000000000000e+00
3179        ,  0.000000000000000e+00,  1.331520558424902e-01,  0.000000000000000e+00
4225        ,  6.553999999999998e-01,  3.531566438071831e-01,  2.728237942314876e+01
5741        ,  1.094500000000000e+00,  1.152979874078250e+00,  1.264670420775732e+02
4755        ,  2.301300000000000e+00,  2.336968778766500e+00,  2.732914098297908e+02
5482        ,  9.074999999999998e-01,  9.545768812303871e-01,  1.018634382180376e+02
5538        ,  0.000000000000000e+00,  1.331520558424902e-01,  0.000000000000000e+00
3710        ,  3.456000000000000e+00,  3.317610308236063e+00,  3.948990296189705e+02
5212        ,  0.000000000000000e+00,  1.331520558424902e-01,  0.000000000000000e+00
4147        ,  2.493800000000000e+00,  2.446436499311201e+00,  2.868663080358546e+02
5595        ,  1.449800000000000e+00,  1.395488849671245e+00,  1.565401507652385e+02
3514        ,  0.000000000000000e+00,  1.331520558424902e-01,  0.000000000000000e+00
4239        ,  4.587000000000003e-01,  5.633501553776499e-01,  5.334810463370568e+01
4805        ,  8.720000000000001e-01,  6.829622406783168e-01,  6.818098755199526e+01
4065        ,  0.000000000000000e+00,  1.331520558424902e-01,  0.000000000000000e+00
5492        ,  0.000000000000000e+00,  1.331520558424902e-01,  0.000000000000000e+00
5813        ,  4.605999999999999e-01,  1.331520558424902e-01,  0.000000000000000e+00
5501        ,  0.000000000000000e+00,  1.331520558424902e-01,  0.000000000000000e+00
5626        ,  2.421200000000000e+00,  2.450600164763221e+00,  2.873826368165585e+02
4412        ,  0.000000000000000e+00,  1.331520558424902e-01,  0.000000000000000e+00
4100        ,  0.000000000000000e+00,  1.331520558424902e-01,  0.000000000000000e+00
4901        ,  1.536700000000000e+00,  1.627895029516608e+00,  1.853604296398013e+02
3917        ,  4.013700000000000e+00,  3.908085916886571e+00,  4.681228643778310e+02
4190        ,  0.000000000000000e+00,  1.331520558424902e-01,  0.000000000000000e+00
3963        ,  0.000000000000000e+00,  1.331520558424902e-01,  0.000000000000000e+00
5146        ,  3.059299999999999e+00,  3.202229271137760e+00,  3.805908314969500e+02
5315        ,  1.127500000000000e+00,  1.234986561349104e+00,  1.366365461686335e+02
3834        ,  0.000000000000000e+00,  1.331520558424902e-01,  0.000000000000000e+00
5018        ,  1.576900000000000e+00,  1.303792881646782e+00,  1.451690961233335e+02
3870        ,  1.333400000000000e+00,  5.956490628958934e-01,  5.735343496803183e+01
5337        ,  8.550000000000000e-01,  1.000992660608981e+00,  1.076193768370594e+02
4310        ,  1.386300000000000e+00,  1.349813245797088e+00,  1.508760000000000e+02
5629        ,  8.353000000000002e-01,  8.663775877880069e-01,  9.092600000000000e+01
3775        ,  7.872000000000000e-01,  9.714065500769292e-01,  1.039504556538331e+02
4918        ,  1.971800000000000e+00,  1.715353394997540e+00,  1.962059866931939e+02
3936        ,  7.376000000000000e-01,  8.999333170730446e-01,  9.508718657635350e+01
5518        ,  0.000000000000000e+00,  1.331520558424902e-01,  0.000000000000000e+00
4299        ,  3.159100000000000e+00,  2.568995569221352e+00,  3.020646412977663e+02
4572        ,  2.515200000000000e+00,  2.343292360057722e+00,  2.740755859494630e+02
4955        ,  4.844999999999997e-01,  1.331520558424902e-01,  0.000000000000000e+00
3330        ,  0.000000000000000e+00,  1.331520558424902e-01,  0.000000000000000e+00
3631        ,  3.243400000000000e+00,  3.435812635448912e+00,  4.095570909328449e+02
4411        ,  0.000000000000000e+00,  1.331520558424902e-01,  0.000000000000000e+00
4587        ,  0.000000000000000e+00,  1.331520558424902e-01,  0.000000000000000e+00
3642        ,  5.232000000000000e-01,  6.919559998646597e-01,  6.929628770474305e+01
4935        ,  3.557399999999999e+00,  3.582426915809398e+00,  4.277384682516152e+02
4094        ,  1.604600000000000e+00,  1.328211634017502e+00,  1.481972223700680e+02
4037        ,  1.423100000000000e+00,  1.212052309991047e+00,  1.337925102640877e+02
4780        ,  3.433200000000000e+00,  3.516851761842578e+00,  4.196066095126452e+02
4192        ,  2.623400000000000e+00,  2.560101592943739e+00,  3.009617150468588e+02
3799        ,  3.415900000000000e+00,  2.980843122278714e+00,  3.531371271534229e+02
5012        ,  0.000000000000000e+00,  1.331520558424902e-01,  0.000000000000000e+00
4716        ,  3.336500000000000e+00,  3.275582814115940e+00,  3.896872744851486e+02
4389        ,  1.188300000000000e+00,  1.288421714815810e+00,  1.432629449401300e+02
3320        ,  0.000000000000000e+00,  1.331520558424902e-01,  0.000000000000000e+00
3210        ,  7.141999999999999e-01,  7.205258617857387e-01,  7.283918569704736e+01
4990        ,  3.729400000000000e+00,  3.359054087160075e+00,  4.000383992648228e+02
3051        ,  3.296900000000000e+00,  3.546242445433814e+00,  4.232512961469553e+02
4912        ,  0.000000000000000e+00,  1.331520558424902e-01,  0.000000000000000e+00
3369        ,  0.000000000000000e+00,  1.331520558424902e-01,  0.000000000000000e+00
3612        ,  2.530999999999999e-01,  4.126744236088255e-01,  3.466307391681277e+01
3466        ,  8.565000000000000e-01,  1.092825921030632e+00,  1.190074568660559e+02
3673        ,  0.000000000000000e+00,  1.331520558424902e-01,  0.000000000000000e+00
3988        ,  1.247000000000000e+00,  1.287452075509080e+00,  1.431427016865026e+02
5098        ,  2.883100000000000e+00,  2.441690591402476e+00,  2.862777763989875e+02
4104        ,  3.053999999999999e+00,  3.063450126620718e+00,  3.633810755015816e+02
3828        ,  3.228500000000000e+00,  3.319166882092364e+00,  3.950920575868898e+02
3094        ,  0.000000000000000e+00,  1.331520558424902e-01,  0.000000000000000e+00
3008        ,  0.000000000000000e+00,  1.331520558424902e-01,  0.000000000000000e+00
5311        ,  0.000000000000000e+00,  1.331520558424902e-01,  0.000000000000000e+00
5039        ,  8.927999999999998e-01,  1.331520558424902e-01,  0.000000000000000e+00
3787        ,  0.000000000000000e+00,  1.331520558424902e-01,  0.000000000000000e+00
3613        ,  5.574700000000000e+00,  5.476870104523461e+00,  6.626650138670705e+02
3295        ,  0.000000000000000e+00,  1.331520558424902e-01,  0.000000000000000e+00
4347        ,  3.522500000000000e+00,  3.935248189775627e+00,  4.714912097464888e+02
3348        ,  0.000000000000000e+00,  1.331520558424902e-01,  0.000000000000000e+00
4407        ,  3.911400000000000e+00,  3.255791591419313e+00,  3.872329999999999e+02
5070        ,  2.822200000000000e+00,  2.525606072976965e+00,  2.966839866920149e+02
4605        ,  8.457000000000000e-01,  6.949779321010943e-01,  6.967103217088429e+01
3548        ,  0.000000000000000e+00,  1.331520558424902e-01,  0.000000000000000e+00
4252        ,  1.628000000000003e-01,  1.331520558424902e-01,  0.000000000000000e+00
3484        ,  1.768600000000000e+00,  2.088584592877217e+00,  2.424897267156692e+02
4910        ,  0.000000000000000e+00,  1.331520558424902e-01,  0.000000000000000e+00
5542        ,  4.253000000000000e-01,  1.331520558424902e-01,  0.000000000000000e+00
3732        ,  0.000000000000000e+00,  1.331520558424902e-01,  0.000000000000000e+00
5911        ,  1.002100000000000e+00,  1.723457914928790e+00,  1.972110138603652e+02
4464        ,  2.394400000000000e+00,  2.012325843861745e+00,  2.330330142706148e+02
3440        ,  2.282500000000000e+00,  2.574054434254331e+00,  3.026919821935042e+02
4866        ,  4.522399999999999e+00,  3.904748522427468e+00,  4.677090000000000e+02
3322        ,  0.000000000000000e+00,  1.331520558424902e-01,  0.000000000000000e+00
3256        ,  1.546800000000000e+00,  5.597505783349539e-01,  5.290172745789221e+01
4277        ,  2.930600000000000e+00,  2.665405862445989e+00,  3.140203110607700e+02
3649        ,  1.546300000000000e+00,  1.091320550261709e+00,  1.188207785023445e+02
3940        ,  2.413200000000000e+00,  2.071183792803123e+00,  2.403318843075646e+02
4920        ,  3.948700000000000e+00,  3.679708301558059e+00,  4.398021606562054e+02
4925        ,  4.453400000000000e+00,  4.967686043514224e+00,  5.995219999999999e+02
5137        ,  3.959000000000001e-01,  5.572205720105836e-01,  5.258798585312389e+01
3327        ,  1.875800000000000e+00,  1.341667651579011e+00,  1.498658792832436e+02
3038        ,  0.000000000000000e+00,  1.331520558424902e-01,  0.000000000000000e+00
4382        ,  1.551700000000000e+00,  1.584634775492346e+00,  1.799958021329371e+02
3812        ,  9.600000000000053e-03,  1.331520558424902e-01,  0.000000000000000e+00
5842        ,  5.800000000000005e-02,  1.331520558424902e-01,  0.000000000000000e+00
3141        ,  3.993400000000000e+00,  3.892764348139244e+00,  4.662228637651641e+02
4658        ,  2.303800000000000e+00,  2.282178787326163e+00,  2.664970000000000e+02
3396        ,  2.201400000000000e+00,  2.366409973013825e+00,  2.769423602011306e+02
3007        ,  1.782999999999997e-01,  1.882124692349840e+00,  2.168870000000000e+02
3512        ,  2.296399999999999e+00,  2.257799900806492e+00,  2.634738174468695e+02
4011        ,  0.000000000000000e+00,  1.331520558424902e-01,  0.000000000000000e+00
3624        ,  1.820700000000000e+00,  1.691853362385575e+00,  1.932917892570982e+02
3267        ,  2.079300000000000e+00,  8.820331807488397e-01,  9.286742236397527e+01
4512        ,  7.999000000000001e-01,  5.003575380672842e-01,  4.553650169297788e+01
3018        ,  0.000000000000000e+00,  1.790450531489406e-01,  5.691109339870049e+00
4102        ,  1.217700000000000e+00,  1.169889849550850e+00,  1.285640181958788e+02
5256        ,  1.496700000000000e+00,  1.516785667616781e+00,  1.715819543959055e+02
5524        ,  0.000000000000000e+00,  1.331520558424902e-01,  0.000000000000000e+00
3934        ,  1.132800000000000e+00,  1.008627564145725e+00,  1.085661677066299e+02
4197        ,  1.164100000000000e+00,  9.578443420839083e-01,  1.022686302532617e+02
4773        ,  2.457200000000000e+00,  2.041614107597606e+00,  2.366650000000000e+02
3301        ,  1.573000000000000e+00,  1.331520558424902e-01,  0.000000000000000e+00
4813        ,  4.401000000000000e+00,  3.958518712911889e+00,  4.743769461188618e+02
4227        ,  4.606999999999999e-01,  1.055457047397739e+00,  1.143734090105090e+02
3814        ,  2.086700000000000e+00,  1.954732611178611e+00,  2.258909794575995e+02
3760        ,  3.901500000000000e+00,  3.664726278191162e+00,  4.379442664649818e+02
3411        ,  0.000000000000000e+00,  1.331520558424902e-01,  0.000000000000000e+00
3019        ,  3.700100000000000e+00,  2.616568357704548e+00,  3.079640585673009e+02
5704        ,  2.854299999999999e+00,  2.989360912463407e+00,  3.541934032330057e+02
3736        ,  4.481999999999999e-01,  6.707673629384818e-01,  6.666872235518726e+01
5317        ,  4.574800000000001e+00,  4.266561218069176e+00,  5.125767517770379e+02
4770        ,  2.630999999999999e-01,  7.973368938094995e-01,  8.236438578011189e+01
5394        ,  6.362999999999999e-01,  1.381346158421549e+00,  1.547863406637848e+02
3622        ,  0.000000000000000e+00,  1.331520558424902e-01,  0.000000000000000e+00
4439        ,  0.000000000000000e+00,  1.331520558424902e-01,  0.000000000000000e+00
3560        ,  1.123000000000000e+00,  3.515763718134469e-01,  2.708641269116494e+01
4365        ,  4.376200000000001e+00,  4.749474718981684e+00,  5.724620000000000e+02
5697        ,  1.888100000000000e+00,  1.412793969651057e+00,  1.586861280542580e+02
3203        ,  2.789999999999981e-02,  1.331520558424902e-01,  0.000000000000000e+00
4589        ,  1.158500000000000e+00,  1.317916012622164e+00,  1.469204805898021e+02
5184        ,  1.397900000000000e+00,  1.445359177630357e+00,  1.627244818372601e+02
3136        ,  1.730999999999998e-01,  4.965554866335144e-01,  4.506501602641950e+01
3534        ,  0.000000000000000e+00,  5.760798653725059e-01,  5.492669343150860e+01
5473        ,  0.000000000000000e+00,  1.331520558424902e-01,  0.000000000000000e+00
3749        ,  2.032700000000000e+00,  2.039724294819226e+00,  2.364306476633716e+02
3192        ,  1.573799999999999e+00,  1.704685285974550e+00,  1.948830533817329e+02
4965        ,  2.943700000000000e+00,  2.747515133365861e+00,  3.242025363685148e+02
5122        ,  0.000000000000000e+00,  1.331520558424902e-01,  0.000000000000000e+00
5599        ,  1.938499999999999e+00,  2.077463010050661e+00,  2.411105589207287e+02
4563        ,  0.000000000000000e+00,  1.331520558424902e-01,  0.000000000000000e+00
5191        ,  2.255300000000000e+00,  2.169791084812858e+00,  2.525600000000000e+02
