# c0 + a0 * (mp_bandgap / max:mendeleev_number)
# Property Label: $bandgap$; Unit of the Property: eV
# RMSE: 0.471399002768494; Max AE: 4.28691917294531
# Coefficients
# Task   a0                      c0
# all ,  9.453965065843180e+01,  1.431627269445913e-01, 
# Feature Rung, Units, and Expressions
# 0;  1; eV;                                               0|21|div; (mp_bandgap / max:mendeleev_number); $\left(\frac{ mp_{bandgap} }{ max:mendeleev_{number} } \right)$; (mp_bandgap ./ max:mendeleev_number); mp_bandgap,max:mendeleev_number
# Number of Samples Per Task
# Task, n_samples               
# all , 1016                  

# Sample ID , Property Value        ,  Property Value (EST) ,  Feature 0 Value      
3033        ,  0.000000000000000e+00,  1.220446726378147e+00,  1.139504950495050e-02
5293        ,  2.833800000000000e+00,  2.903628740102200e+00,  2.919902912621360e-02
3707        ,  1.609999999999999e+00,  1.734926825080608e+00,  1.683700000000000e-02
4870        ,  2.521100000000000e+00,  2.574761129491971e+00,  2.572040816326530e-02
5075        ,  0.000000000000000e+00,  1.431627269445913e-01,  0.000000000000000e+00
5016        ,  3.666500000000000e+00,  2.911264599304149e+00,  2.927979797979798e-02
5647        ,  3.195000000000000e+00,  3.087843379783241e+00,  3.114757281553398e-02
4329        ,  2.076200000000000e+00,  1.620200064935662e+00,  1.562346938775510e-02
3574        ,  2.645500000000000e+00,  2.362223616211366e+00,  2.347227722772277e-02
3908        ,  1.994499999999999e+00,  1.668995247125875e+00,  1.613960396039604e-02
4303        ,  0.000000000000000e+00,  1.431627269445913e-01,  0.000000000000000e+00
4983        ,  0.000000000000000e+00,  3.460114176075276e+00,  3.508529411764706e-02
4042        ,  1.349900000000000e+00,  1.576846471770065e+00,  1.516489361702128e-02
3447        ,  1.737800000000000e+00,  1.634501842432197e+00,  1.577474747474748e-02
3615        ,  3.120000000000012e-02,  1.571545952420393e-01,  1.480000000000015e-04
4735        ,  0.000000000000000e+00,  1.431627269445913e-01,  0.000000000000000e+00
4750        ,  9.359000000000002e-01,  3.087664520867206e-01,  1.751685393258426e-03
4141        ,  3.190800000000000e+00,  3.396356349354292e+00,  3.441089108910891e-02
4420        ,  0.000000000000000e+00,  1.431627269445913e-01,  0.000000000000000e+00
4136        ,  0.000000000000000e+00,  1.431627269445913e-01,  0.000000000000000e+00
3925        ,  4.481500000000000e+00,  4.586618093959486e+00,  4.700097087378641e-02
4443        ,  2.707600000000000e+00,  2.751614652586690e+00,  2.759108910891089e-02
4617        ,  2.861800000000000e+00,  2.741973480291819e+00,  2.748910891089109e-02
4712        ,  1.100500000000000e+00,  1.115294640112961e+00,  1.028279569892473e-02
4913        ,  1.940700000000000e+00,  1.731524352602870e+00,  1.680101010101010e-02
4046        ,  0.000000000000000e+00,  6.532088224275567e-01,  5.395049504950497e-03
4558        ,  0.000000000000000e+00,  1.431627269445913e-01,  0.000000000000000e+00
4191        ,  1.821500000000000e+00,  2.240241257849926e+00,  2.218200000000000e-02
4636        ,  3.054200000000000e+00,  2.473886366915036e+00,  2.465339805825243e-02
5195        ,  2.369000000000003e-01,  2.875505570411055e-01,  1.527272727272730e-03
4525        ,  1.162800000000000e+00,  1.578064535827011e+00,  1.517777777777777e-02
3086        ,  1.589400000000000e+00,  1.422256119268820e+00,  1.352970297029703e-02
5751        ,  5.041900000000000e+00,  4.992863233584941e+00,  5.129805825242718e-02
5102        ,  3.760100000000000e+00,  3.693033923236687e+00,  3.754901960784314e-02
5500        ,  1.070000000000002e-01,  2.481859824285126e-01,  1.110891089108912e-03
3022        ,  0.000000000000000e+00,  1.431627269445913e-01,  0.000000000000000e+00
3170        ,  1.528999999999998e-01,  1.431627269445913e-01,  0.000000000000000e+00
4533        ,  1.544200000000000e+00,  1.400820891545274e+00,  1.330297029702970e-02
5493        ,  0.000000000000000e+00,  9.144654725823712e-01,  8.158510638297868e-03
5258        ,  3.733000000000000e-01,  8.842932436488290e-01,  7.839361702127654e-03
3559        ,  4.266400000000000e+00,  5.372398627247676e+00,  5.531262135922330e-02
3426        ,  3.814500000000001e+00,  3.708149989298089e+00,  3.770891089108910e-02
4705        ,  2.014900000000000e+00,  1.918753815290272e+00,  1.878144329896907e-02
5105        ,  1.147400000000000e+00,  1.499044297355520e+00,  1.434193548387097e-02
4062        ,  5.457999999999998e-01,  3.163927338863649e-01,  1.832352941176471e-03
3907        ,  1.832000000000000e+00,  1.105103672394135e+00,  1.017500000000000e-02
3583        ,  1.527200000000000e+00,  1.679076255759910e+00,  1.624623655913979e-02
5228        ,  8.589000000000000e-01,  1.000549641214926e+00,  9.069072164948460e-03
3315        ,  3.259000000000000e+00,  3.660973767583387e+00,  3.720990099009901e-02
3746        ,  0.000000000000000e+00,  1.431627269445913e-01,  0.000000000000000e+00
3201        ,  0.000000000000000e+00,  5.675854139430826e-01,  4.489361702127656e-03
5331        ,  1.814300000000000e+00,  1.191710416722564e+00,  1.109108910891089e-02
3126        ,  0.000000000000000e+00,  1.431627269445913e-01,  0.000000000000000e+00
5676        ,  4.641999999999999e-01,  1.431627269445913e-01,  0.000000000000000e+00
5120        ,  8.623000000000001e-01,  1.991656556210383e+00,  1.955257731958763e-02
4244        ,  6.532000000000000e-01,  1.431627269445913e-01,  0.000000000000000e+00
3178        ,  0.000000000000000e+00,  1.431627269445913e-01,  0.000000000000000e+00
5371        ,  4.331500000000000e+00,  3.552112763904421e+00,  3.605841584158416e-02
4218        ,  2.750400000000000e+00,  2.764625555004038e+00,  2.772871287128713e-02
5277        ,  4.523999999999999e-01,  8.670930815904445e-01,  7.657425742574261e-03
3755        ,  1.748400000000000e+00,  1.484163812933625e+00,  1.418453608247423e-02
3400        ,  6.249000000000002e-01,  3.291833925048586e-01,  1.967647058823529e-03
5825        ,  2.044100000000000e+00,  2.189745015506749e+00,  2.164787234042553e-02
3969        ,  2.773000000000000e+00,  1.825500490592111e+00,  1.779504950495049e-02
3278        ,  1.245800000000000e+00,  9.544755784552837e-01,  8.581720430107525e-03
4278        ,  7.349000000000001e-01,  1.431627269445913e-01,  0.000000000000000e+00
3966        ,  1.750200000000000e+00,  9.873401510304799e-01,  8.929347826086960e-03
4647        ,  3.913400000000000e+00,  3.631492264103524e+00,  3.689805825242719e-02
4890        ,  2.595300000000000e+00,  2.809180875512368e+00,  2.820000000000000e-02
3933        ,  3.733600000000000e+00,  3.499125398204161e+00,  3.549793814432990e-02
3444        ,  2.131800000000000e+00,  2.163777198543156e+00,  2.137319587628866e-02
4994        ,  3.688700000000000e+00,  4.116261748576072e+00,  4.202574257425742e-02
4339        ,  0.000000000000000e+00,  1.431627269445913e-01,  0.000000000000000e+00
4325        ,  2.300000000000000e-01,  4.516919172945315e+00,  4.626372549019608e-02
5893        ,  4.026400000000000e+00,  3.699858978230745e+00,  3.762121212121212e-02
5161        ,  4.347900000000000e+00,  4.199933285443515e+00,  4.291078431372550e-02
3743        ,  0.000000000000000e+00,  1.431627269445913e-01,  0.000000000000000e+00
4950        ,  1.466200000000001e+00,  9.876545370835732e-01,  8.932673267326734e-03
4189        ,  1.018400000000000e+00,  1.060946167247486e+00,  9.707920792079208e-03
4450        ,  5.732999999999999e-01,  3.725722409359560e-01,  2.426595744680851e-03
4947        ,  8.538999999999999e-01,  9.093237515074084e-01,  8.104123711340208e-03
4749        ,  2.372800000000001e+00,  2.259738670509247e+00,  2.238823529411765e-02
5135        ,  1.470899999999999e+00,  1.431627269445913e-01,  0.000000000000000e+00
3721        ,  1.803700000000000e+00,  1.632687445096328e+00,  1.575555555555556e-02
4840        ,  3.246200000000000e+00,  3.224780923951414e+00,  3.259603960396040e-02
4848        ,  7.781000000000002e-01,  7.178492094319069e-01,  6.078787878787878e-03
5490        ,  2.288300000000000e+00,  2.163294028141677e+00,  2.136808510638298e-02
5388        ,  1.719900000000000e+00,  1.660423545915977e+00,  1.604893617021277e-02
3448        ,  1.538000000000000e+00,  1.020958300531214e+00,  9.284946236559141e-03
4846        ,  0.000000000000000e+00,  1.431627269445913e-01,  0.000000000000000e+00
4953        ,  2.663900000000000e+00,  2.502070252767401e+00,  2.495151515151515e-02
3082        ,  3.936999999999999e-01,  1.431627269445913e-01,  0.000000000000000e+00
4747        ,  3.408700000000000e+00,  2.734578794745269e+00,  2.741089108910891e-02
5625        ,  8.441999999999998e-01,  1.022943099755087e+00,  9.305940594059406e-03
5067        ,  2.608600000000000e+00,  3.696109656398219e+00,  3.758155339805825e-02
4444        ,  9.563000000000001e-01,  3.372231496402325e-01,  2.052688172043011e-03
3134        ,  0.000000000000000e+00,  1.431627269445913e-01,  0.000000000000000e+00
5724        ,  0.000000000000000e+00,  1.431627269445913e-01,  0.000000000000000e+00
5875        ,  4.952999999999994e-01,  3.511499583931412e-01,  2.200000000000000e-03
4937        ,  0.000000000000000e+00,  1.431627269445913e-01,  0.000000000000000e+00
4070        ,  7.039999999999997e-01,  1.431627269445913e-01,  0.000000000000000e+00
3180        ,  1.234700000000000e+00,  1.492263656659702e+00,  1.427021276595745e-02
5476        ,  0.000000000000000e+00,  1.431627269445913e-01,  0.000000000000000e+00
3830        ,  6.069000000000000e-01,  6.440279483195201e-01,  5.297938144329897e-03
3277        ,  1.579500000000000e+00,  1.690595774849518e+00,  1.636808510638298e-02
4700        ,  7.430000000000003e-02,  1.431627269445913e-01,  0.000000000000000e+00
5159        ,  2.832700000000000e+00,  2.553159861961605e+00,  2.549191919191919e-02
4672        ,  6.372000000000000e-01,  6.179202597560429e-01,  5.021782178217823e-03
5042        ,  3.263400000000000e+00,  3.054703156380751e+00,  3.079702970297029e-02
5909        ,  1.706400000000000e+00,  1.449076932276888e+00,  1.381340206185567e-02
3339        ,  0.000000000000000e+00,  1.868118848017822e-01,  4.617021276595756e-04
5517        ,  1.991000000000000e+00,  1.704564620640929e+00,  1.651584158415842e-02
5696        ,  0.000000000000000e+00,  1.431627269445913e-01,  0.000000000000000e+00
4993        ,  7.869999999999999e-01,  7.535400831373791e-01,  6.456310679611651e-03
4049        ,  4.949900000000000e+00,  6.069513818267859e+00,  6.268640776699029e-02
3296        ,  6.007300000000000e+00,  5.795136178486599e+00,  5.978415841584158e-02
3504        ,  0.000000000000000e+00,  1.431627269445913e-01,  0.000000000000000e+00
5474        ,  0.000000000000000e+00,  1.431627269445913e-01,  0.000000000000000e+00
4069        ,  2.483500000000000e+00,  2.378136230678627e+00,  2.364059405940594e-02
3708        ,  3.914400000000000e+00,  3.110595526435133e+00,  3.138823529411765e-02
3778        ,  4.467100000000000e+00,  4.155866074017720e+00,  4.244466019417476e-02
3067        ,  0.000000000000000e+00,  8.503380345925639e-01,  7.480198019801981e-03
3503        ,  7.069999999999999e-01,  3.945820355273119e-01,  2.659405940594059e-03
4651        ,  3.520400000000000e+00,  3.561275921624203e+00,  3.615533980582524e-02
3793        ,  0.000000000000000e+00,  1.431627269445913e-01,  0.000000000000000e+00
3873        ,  3.645000000000000e+00,  3.543102280041320e+00,  3.596310679611650e-02
4895        ,  2.159000000000000e-01,  8.289128358277161e-01,  7.253571428571428e-03
5431        ,  0.000000000000000e+00,  1.431627269445913e-01,  0.000000000000000e+00
5297        ,  1.494600000000000e+00,  1.570524244657885e+00,  1.509801980198020e-02
3520        ,  8.754999999999997e-01,  1.014045723923931e+00,  9.211827956989252e-03
5591        ,  4.297800000000001e+00,  4.066464625654998e+00,  4.149900990099010e-02
5160        ,  4.105000000000000e+00,  3.961713756689309e+00,  4.039100000000000e-02
3573        ,  2.447999999999999e-01,  6.459326350738475e-01,  5.318085106382982e-03
4237        ,  0.000000000000000e+00,  1.431627269445913e-01,  0.000000000000000e+00
3838        ,  1.593100000000000e+00,  1.038372759402784e+00,  9.469148936170211e-03
5749        ,  1.189500000000000e+00,  1.074621944823594e+00,  9.852577319587632e-03
4112        ,  5.923999999999998e-01,  1.431627269445913e-01,  0.000000000000000e+00
5658        ,  1.245900000000000e+00,  1.414482291808937e+00,  1.344747474747475e-02
5582        ,  0.000000000000000e+00,  6.327430607114702e-01,  5.178571428571429e-03
5068        ,  2.732000000000000e+00,  2.479033585664001e+00,  2.470784313725490e-02
4409        ,  2.585300000000000e+00,  2.196638822137341e+00,  2.172079207920792e-02
4907        ,  3.617400000000000e+00,  3.548181412094862e+00,  3.601683168316831e-02
5719        ,  2.343600000000000e+00,  1.892520678583632e+00,  1.850396039603960e-02
3741        ,  4.134000000000000e+00,  3.921260882675047e+00,  3.996310679611650e-02
3665        ,  1.944300000000001e+00,  1.935297530416211e+00,  1.895643564356436e-02
5189        ,  6.053000000000002e-01,  5.078713586599023e-01,  3.857731958762885e-03
3079        ,  3.068500000000000e+00,  2.296794689666570e+00,  2.278019801980198e-02
4684        ,  0.000000000000000e+00,  1.431627269445913e-01,  0.000000000000000e+00
3508        ,  5.225600000000000e+00,  4.688928662168435e+00,  4.808316831683169e-02
4472        ,  1.962400000000000e+00,  1.592895508526563e+00,  1.533465346534653e-02
3772        ,  6.627000000000001e-01,  3.292467125970292e-01,  1.968316831683167e-03
3998        ,  5.336600000000000e+00,  4.828223131947947e+00,  4.955656565656566e-02
4086        ,  1.453300000000000e+00,  7.351418586206860e-01,  6.261702127659570e-03
4023        ,  0.000000000000000e+00,  2.410921123855149e+00,  2.398737864077670e-02
3485        ,  1.129800000000000e+00,  1.261913127607539e+00,  1.183366336633663e-02
3689        ,  1.522999999999999e-01,  7.604151557596425e-01,  6.529032258064513e-03
4165        ,  0.000000000000000e+00,  1.431627269445913e-01,  0.000000000000000e+00
3463        ,  1.951400000000000e+00,  2.053598978638924e+00,  2.020777777777778e-02
5755        ,  1.744400000000000e+00,  1.567903343451512e+00,  1.507029702970297e-02
4114        ,  2.924900000000000e+00,  3.431176893953238e+00,  3.477920792079207e-02
3199        ,  2.250400000000000e+00,  1.710207723656320e+00,  1.657553191489361e-02
3686        ,  1.206600000000000e+00,  1.074139549438583e+00,  9.847474747474747e-03
4562        ,  2.138600000000000e+00,  2.137393240245394e+00,  2.109411764705883e-02
3600        ,  1.261000000000001e-01,  2.824893434199970e-01,  1.473737373737371e-03
3272        ,  0.000000000000000e+00,  1.431627269445913e-01,  0.000000000000000e+00
3567        ,  3.290600000000000e+00,  3.286328053541394e+00,  3.324705882352941e-02
4052        ,  2.301500000000000e+00,  2.102748422081703e+00,  2.072765957446808e-02
3337        ,  0.000000000000000e+00,  1.431627269445913e-01,  0.000000000000000e+00
3662        ,  2.304500000000000e+00,  2.347995866805344e+00,  2.332178217821782e-02
3222        ,  0.000000000000000e+00,  1.431627269445913e-01,  0.000000000000000e+00
4931        ,  7.595999999999998e-01,  1.000000662810092e+00,  9.063265306122448e-03
4792        ,  3.406700000000000e+00,  2.653237253733212e+00,  2.655049504950495e-02
4038        ,  0.000000000000000e+00,  3.728739632252917e-01,  2.429787234042555e-03
3618        ,  3.023200000000000e+00,  7.325846875348336e-01,  6.234653465346532e-03
4741        ,  0.000000000000000e+00,  1.431627269445913e-01,  0.000000000000000e+00
3319        ,  9.309000000000001e-01,  3.495057905556034e-01,  2.182608695652175e-03
4531        ,  8.411000000000000e-01,  9.016117086484612e-01,  8.022549019607842e-03
4586        ,  1.556100000000000e+00,  1.838955773805633e+00,  1.793737373737373e-02
5773        ,  3.998000000000000e+00,  3.716284048850190e+00,  3.779494949494950e-02
3637        ,  3.929200000000000e+00,  3.572840966267856e+00,  3.627766990291262e-02
3000        ,  0.000000000000000e+00,  1.432633010410366e-01,  1.063829787236288e-06
3231        ,  1.677200000000000e+00,  1.671386122428496e+00,  1.616489361702127e-02
3487        ,  0.000000000000000e+00,  1.431627269445913e-01,  0.000000000000000e+00
3897        ,  3.892500000000000e+00,  3.530068658300060e+00,  3.582524271844660e-02
3474        ,  3.947700000000000e+00,  3.575716002618663e+00,  3.630808080808081e-02
3858        ,  3.167000000000000e-01,  3.155805848780877e-01,  1.823762376237624e-03
4762        ,  2.902400000000000e+00,  3.501730159551390e+00,  3.552549019607843e-02
5355        ,  1.801200000000000e+00,  1.194144110699910e+00,  1.111683168316831e-02
3779        ,  3.920900000000000e+00,  3.489304738565997e+00,  3.539405940594059e-02
4547        ,  3.463000000000000e+00,  2.257636553571077e+00,  2.236600000000000e-02
3537        ,  2.426400000000000e+00,  2.532488591011057e+00,  2.527326732673267e-02
3521        ,  0.000000000000000e+00,  1.431627269445913e-01,  0.000000000000000e+00
4845        ,  0.000000000000000e+00,  1.431627269445913e-01,  0.000000000000000e+00
3788        ,  7.426000000000001e-01,  6.971248501644233e-01,  5.859574468085104e-03
3211        ,  1.219999999999999e-02,  1.431627269445913e-01,  0.000000000000000e+00
3763        ,  0.000000000000000e+00,  1.431627269445913e-01,  0.000000000000000e+00
5299        ,  3.388300000000000e+00,  2.579290398267706e+00,  2.576831683168317e-02
4560        ,  4.276800000000000e+00,  3.641878630222674e+00,  3.700792079207921e-02
3975        ,  1.985400000000000e+00,  1.776452196587142e+00,  1.727623762376238e-02
4984        ,  0.000000000000000e+00,  1.431627269445913e-01,  0.000000000000000e+00
4289        ,  4.016000000000002e-01,  3.076242776444573e-01,  1.739603960396039e-03
5409        ,  5.116999999999998e-01,  1.431627269445913e-01,  0.000000000000000e+00
3675        ,  1.858500000000000e+00,  1.948967518078018e+00,  1.910103092783505e-02
4096        ,  3.949999999999998e-02,  1.356920796338537e+00,  1.283861386138614e-02
4039        ,  6.776000000000000e-01,  8.223505538530875e-01,  7.184158415841585e-03
3789        ,  4.554000000000000e+00,  4.187991198027866e+00,  4.278446601941748e-02
4751        ,  0.000000000000000e+00,  1.431627269445913e-01,  0.000000000000000e+00
5535        ,  1.533700000000000e+00,  1.446183417417472e+00,  1.378279569892473e-02
5543        ,  4.231000000000000e-01,  8.334084010777258e-01,  7.301123595505618e-03
3148        ,  4.490000000000016e-02,  1.431627269445913e-01,  0.000000000000000e+00
4233        ,  3.497600000000000e+00,  3.289086607122051e+00,  3.327623762376238e-02
3690        ,  2.423100000000000e+00,  2.233893060713634e+00,  2.211485148514852e-02
3950        ,  0.000000000000000e+00,  1.431627269445913e-01,  0.000000000000000e+00
3875        ,  2.401300000000000e+00,  2.400601098161819e+00,  2.387821782178218e-02
3249        ,  0.000000000000000e+00,  1.431627269445913e-01,  0.000000000000000e+00
3912        ,  4.126200000000000e+00,  3.834795679734583e+00,  3.904851485148515e-02
3678        ,  5.503999999999998e-01,  3.553178354651795e-01,  2.244086021505375e-03
3928        ,  1.122600000000000e+00,  1.254968312494006e+00,  1.176020408163265e-02
4408        ,  7.400000000000002e-01,  1.431627269445913e-01,  0.000000000000000e+00
5400        ,  3.421000000000000e+00,  3.125561092567317e+00,  3.154653465346534e-02
4007        ,  2.537700000000000e+00,  2.142067914876087e+00,  2.114356435643564e-02
4743        ,  0.000000000000000e+00,  1.431627269445913e-01,  0.000000000000000e+00
3502        ,  0.000000000000000e+00,  1.431627269445913e-01,  0.000000000000000e+00
3819        ,  0.000000000000000e+00,  1.431627269445913e-01,  0.000000000000000e+00
5413        ,  7.898000000000001e-01,  2.009645544229631e+00,  1.974285714285715e-02
5279        ,  2.576100000000000e+00,  2.559540035605400e+00,  2.555940594059406e-02
4369        ,  2.673600000000000e+00,  3.416896435715743e+00,  3.462815533980582e-02
4246        ,  3.542900000000000e+00,  3.347682469807376e+00,  3.389603960396040e-02
3575        ,  2.196800000000000e+00,  1.490867568707067e+00,  1.425544554455445e-02
3196        ,  0.000000000000000e+00,  1.431627269445913e-01,  0.000000000000000e+00
3284        ,  0.000000000000000e+00,  1.431627269445913e-01,  0.000000000000000e+00
3465        ,  1.376900000000000e+00,  1.331835027648973e+00,  1.257326732673267e-02
5768        ,  1.701800000000000e+00,  1.976930227428833e+00,  1.939680851063830e-02
5370        ,  3.720300000000000e+00,  4.014331956235872e+00,  4.094757281553398e-02
3481        ,  8.867999999999998e-01,  1.431627269445913e-01,  0.000000000000000e+00
4452        ,  1.246100000000000e+00,  8.622256936357527e-01,  7.605940594059406e-03
4214        ,  7.783000000000002e-01,  9.584955929260971e-01,  8.624242424242425e-03
4940        ,  4.171100000000000e+00,  4.792769604036028e+00,  4.918155339805826e-02
5898        ,  3.282200000000000e+00,  3.074540698880103e+00,  3.100686274509803e-02
5359        ,  1.056300000000000e+00,  1.293771931751614e+00,  1.217065217391304e-02
3390        ,  0.000000000000000e+00,  1.431627269445913e-01,  0.000000000000000e+00
3138        ,  0.000000000000000e+00,  1.431627269445913e-01,  0.000000000000000e+00
5907        ,  7.605000000000004e-01,  8.111181201114918e-01,  7.065346534653467e-03
4686        ,  5.896000000000001e-01,  2.024602349143829e+00,  1.990106382978724e-02
5631        ,  1.302400000000000e+00,  3.698508817003220e+00,  3.760693069306931e-02
4511        ,  3.130800000000000e+00,  2.719134198350575e+00,  2.724752475247525e-02
4050        ,  5.382100000000000e+00,  4.944950905775523e+00,  5.079126213592233e-02
5136        ,  1.867100000000000e+00,  1.543355297653833e+00,  1.481063829787234e-02
3472        ,  7.224000000000004e-01,  8.077208595141556e-01,  7.029411764705879e-03
3462        ,  9.331000000000000e-01,  7.743657562342914e-01,  6.676595744680853e-03
5529        ,  0.000000000000000e+00,  1.431627269445913e-01,  0.000000000000000e+00
5715        ,  3.863600000000000e+00,  4.388360185782581e+00,  4.490388349514563e-02
3854        ,  3.373500000000000e+00,  3.062097841927301e+00,  3.087524752475247e-02
3434        ,  0.000000000000000e+00,  1.431627269445913e-01,  0.000000000000000e+00
5601        ,  8.203000000000000e-01,  1.193125816832932e+00,  1.110606060606061e-02
3088        ,  1.459500000000000e+00,  1.065951925762762e+00,  9.760869565217389e-03
3655        ,  2.189700000000000e+00,  1.774580124296876e+00,  1.725643564356435e-02
3809        ,  4.851000000000000e+00,  4.445970929309932e+00,  4.551326530612245e-02
5892        ,  1.967200000000000e+00,  2.263465828201037e+00,  2.242765957446809e-02
5281        ,  1.805600000000000e+00,  1.914876009922182e+00,  1.874042553191490e-02
4791        ,  3.607100000000000e+00,  4.184503327421050e+00,  4.274757281553399e-02
4765        ,  2.740200000000000e+00,  2.753794009470054e+00,  2.761414141414141e-02
4742        ,  2.144300000000000e+00,  1.610914677065901e+00,  1.552525252525253e-02
3539        ,  2.172700000000000e+00,  2.298471834842077e+00,  2.279793814432990e-02
4181        ,  1.362600000000000e+00,  1.378175862266406e+00,  1.306344086021505e-02
5206        ,  2.109000000000000e+00,  2.303637403383208e+00,  2.285257731958763e-02
5491        ,  9.824000000000006e-01,  1.166140225203251e+00,  1.082061855670103e-02
5467        ,  0.000000000000000e+00,  1.237710618557052e+00,  1.157765957446808e-02
5497        ,  0.000000000000000e+00,  1.174300144423090e+00,  1.090693069306930e-02
4944        ,  2.979200000000000e+00,  3.038415162469720e+00,  3.062474226804124e-02
5633        ,  4.619200000000000e+00,  4.251612575162302e+00,  4.345742574257425e-02
4156        ,  3.097000000000000e+00,  3.066384336862514e+00,  3.092058823529412e-02
4869        ,  2.777500000000000e+00,  4.216444879293995e+00,  4.308543689320388e-02
3643        ,  1.559600000000000e+00,  1.260641512546545e+00,  1.182021276595745e-02
3735        ,  4.644100000000000e+00,  4.207725202776955e+00,  4.299320388349515e-02
4961        ,  2.021900000000000e+00,  1.567592618050757e+00,  1.506701030927835e-02
3952        ,  2.400100000000000e+00,  2.513861471722910e+00,  2.507623762376238e-02
3515        ,  0.000000000000000e+00,  1.431627269445913e-01,  0.000000000000000e+00
5107        ,  2.169700000000000e+00,  4.244256058079923e+00,  4.337961165048544e-02
3130        ,  0.000000000000000e+00,  1.431627269445913e-01,  0.000000000000000e+00
3202        ,  0.000000000000000e+00,  1.431627269445913e-01,  0.000000000000000e+00
4535        ,  1.017200000000000e+00,  8.437618827814373e-01,  7.410638297872332e-03
3006        ,  1.215300000000000e+00,  8.006155954064730e-01,  6.954255319148938e-03
5286        ,  3.213700000000000e+00,  3.089185076138959e+00,  3.116176470588235e-02
5787        ,  2.082800000000000e+00,  1.571219729578623e+00,  1.510537634408602e-02
5602        ,  1.740300000000000e+00,  1.462505673509538e+00,  1.395544554455446e-02
4272        ,  2.407300000000000e+00,  2.411365513830848e+00,  2.399207920792079e-02
5826        ,  4.010000000000025e-02,  1.717175602046889e-01,  3.020408163265291e-04
5269        ,  0.000000000000000e+00,  1.431627269445913e-01,  0.000000000000000e+00
4354        ,  2.761100000000000e+00,  2.608026707923289e+00,  2.607227722772277e-02
3784        ,  2.679300000000000e+00,  2.547090754875131e+00,  2.542772277227723e-02
3218        ,  0.000000000000000e+00,  1.431627269445913e-01,  0.000000000000000e+00
3475        ,  0.000000000000000e+00,  1.431627269445913e-01,  0.000000000000000e+00
5391        ,  2.591300000000000e+00,  2.388058213817037e+00,  2.374554455445544e-02
4841        ,  4.640900000000000e+00,  3.949530991803976e+00,  4.026213592233010e-02
3224        ,  0.000000000000000e+00,  1.431627269445913e-01,  0.000000000000000e+00
5396        ,  3.100000000000103e-03,  1.431627269445913e-01,  0.000000000000000e+00
4694        ,  2.325100000000000e+00,  3.014506310971506e+00,  3.037184466019418e-02
4889        ,  0.000000000000000e+00,  1.431627269445913e-01,  0.000000000000000e+00
3219        ,  0.000000000000000e+00,  1.431627269445913e-01,  0.000000000000000e+00
5472        ,  0.000000000000000e+00,  1.431627269445913e-01,  0.000000000000000e+00
3973        ,  2.406300000000000e+00,  1.983503391890559e+00,  1.946633663366337e-02
3659        ,  1.149999999999984e-02,  1.431627269445913e-01,  0.000000000000000e+00
3527        ,  1.341400000000000e+00,  1.293899354759023e+00,  1.217200000000000e-02
3488        ,  3.973200000000000e+00,  3.070054149160932e+00,  3.095940594059406e-02
4400        ,  2.935200000000000e+00,  2.126384311193849e+00,  2.097766990291262e-02
4388        ,  0.000000000000000e+00,  1.431627269445913e-01,  0.000000000000000e+00
4001        ,  2.571800000000000e+00,  2.406148248287927e+00,  2.393689320388349e-02
5635        ,  2.510199999999999e+00,  2.295390635448871e+00,  2.276534653465347e-02
4527        ,  2.819700000000000e+00,  2.418853802991912e+00,  2.407128712871287e-02
5763        ,  3.147600000000001e+00,  4.113266432911647e+00,  4.199405940594060e-02
3800        ,  1.905300000000000e+00,  2.134328688365477e+00,  2.106170212765958e-02
4177        ,  2.914400000000000e+00,  2.797480423698205e+00,  2.807623762376237e-02
2989        ,  0.000000000000000e+00,  1.431627269445913e-01,  0.000000000000000e+00
3751        ,  2.705800000000000e+00,  2.404122331041808e+00,  2.391546391752577e-02
3519        ,  1.893400000000000e+00,  1.411518878842713e+00,  1.341612903225806e-02
2992        ,  0.000000000000000e+00,  1.431627269445913e-01,  0.000000000000000e+00
5521        ,  0.000000000000000e+00,  1.431627269445913e-01,  0.000000000000000e+00
3046        ,  0.000000000000000e+00,  1.431627269445913e-01,  0.000000000000000e+00
3215        ,  2.198300000000000e+00,  1.853822126170495e+00,  1.809462365591398e-02
3866        ,  4.189600000000000e+00,  4.044777035245264e+00,  4.126960784313725e-02
4861        ,  0.000000000000000e+00,  1.431627269445913e-01,  0.000000000000000e+00
4879        ,  4.412000000000000e+00,  4.733842947994559e+00,  4.855825242718446e-02
5571        ,  2.085500000000000e+00,  1.766447116362379e+00,  1.717040816326531e-02
4738        ,  4.309900000000000e+00,  3.724998639910484e+00,  3.788712871287129e-02
5730        ,  0.000000000000000e+00,  1.431627269445913e-01,  0.000000000000000e+00
5734        ,  1.483100000000000e+00,  1.654489674225713e+00,  1.598617021276596e-02
3608        ,  1.196200000000000e+00,  9.086152242981415e-01,  8.096629213483147e-03
3712        ,  0.000000000000000e+00,  1.431627269445913e-01,  0.000000000000000e+00
3516        ,  1.097000000000001e-01,  2.254790692350643e-01,  8.707070707070712e-04
4247        ,  1.700000000000035e-03,  8.853477163919707e-01,  7.850515463917525e-03
4235        ,  2.754999999999999e-01,  3.768969270830973e-01,  2.472340425531917e-03
3681        ,  1.421999999999999e-01,  1.431627269445913e-01,  0.000000000000000e+00
4652        ,  3.696700000000000e+00,  3.379882113199950e+00,  3.423663366336633e-02
5247        ,  0.000000000000000e+00,  1.431627269445913e-01,  0.000000000000000e+00
5512        ,  0.000000000000000e+00,  1.431627269445913e-01,  0.000000000000000e+00
3366        ,  0.000000000000000e+00,  1.431627269445913e-01,  0.000000000000000e+00
4075        ,  2.952200000000000e+00,  2.423533983717577e+00,  2.412079207920792e-02
4253        ,  0.000000000000000e+00,  1.431627269445913e-01,  0.000000000000000e+00
4040        ,  3.755400000000000e+00,  4.719891465567295e+00,  4.841067961165049e-02
3096        ,  1.272100000000000e+00,  1.581893561104575e+00,  1.521827956989247e-02
4733        ,  4.222000000000001e-01,  5.493749433063094e-01,  4.296739130434780e-03
4616        ,  3.628800000000000e+00,  3.167968118354318e+00,  3.199509803921569e-02
3341        ,  1.408900000000000e+00,  1.756371233924640e+00,  1.706382978723404e-02
4701        ,  2.185200000000000e+00,  2.107659953199364e+00,  2.077961165048544e-02
4948        ,  0.000000000000000e+00,  1.431627269445913e-01,  0.000000000000000e+00
3861        ,  4.192900000000000e+00,  4.471019447581476e+00,  4.577821782178219e-02
4080        ,  2.228600000000000e+00,  2.669686656275539e+00,  2.672448979591837e-02
3985        ,  2.974100000000000e+00,  2.626985529340536e+00,  2.627281553398058e-02
3133        ,  0.000000000000000e+00,  1.431627269445913e-01,  0.000000000000000e+00
5530        ,  0.000000000000000e+00,  1.719269185279013e-01,  3.042553191489357e-04
4690        ,  1.719900000000000e+00,  1.704939035098982e+00,  1.651980198019802e-02
3983        ,  0.000000000000000e+00,  1.431627269445913e-01,  0.000000000000000e+00
5532        ,  0.000000000000000e+00,  1.299124819086326e+00,  1.222727272727273e-02
5654        ,  5.839999999999979e-02,  1.431627269445913e-01,  0.000000000000000e+00
4639        ,  4.481400000000000e+00,  4.684737401293335e+00,  4.803883495145631e-02
5584        ,  3.728300000000000e+00,  4.041775990747397e+00,  4.123786407766990e-02
3588        ,  0.000000000000000e+00,  1.431627269445913e-01,  0.000000000000000e+00
2988        ,  1.057200000000000e+00,  1.139148004040814e+00,  1.053510638297872e-02
2993        ,  0.000000000000000e+00,  1.431627269445913e-01,  0.000000000000000e+00
3506        ,  1.599000000000000e+00,  1.104187216596936e+00,  1.016530612244898e-02
3987        ,  6.479999999999997e-02,  1.431627269445913e-01,  0.000000000000000e+00
5846        ,  0.000000000000000e+00,  1.431627269445913e-01,  0.000000000000000e+00
3346        ,  2.480700000000000e+00,  1.099136441968912e+00,  1.011188118811881e-02
4032        ,  5.322200000000000e+00,  4.800445438988592e+00,  4.926274509803921e-02
3028        ,  0.000000000000000e+00,  1.431627269445913e-01,  0.000000000000000e+00
4930        ,  7.380000000000009e-02,  7.374954998467738e-01,  6.286597938144329e-03
4370        ,  8.121000000000000e-01,  9.890538638459941e-01,  8.947474747474747e-03
4048        ,  5.700300000000000e+00,  4.984418915273703e+00,  5.120873786407767e-02
5577        ,  2.700600000000000e+00,  2.608937849490093e+00,  2.608191489361702e-02
4330        ,  2.371100000000000e+00,  2.288285937570812e+00,  2.269019607843137e-02
3418        ,  0.000000000000000e+00,  1.431627269445913e-01,  0.000000000000000e+00
3024        ,  0.000000000000000e+00,  1.431627269445913e-01,  0.000000000000000e+00
3545        ,  5.858400000000000e+00,  5.382437842097465e+00,  5.541881188118811e-02
3957        ,  2.369100000000000e+00,  1.746499039942887e+00,  1.695940594059406e-02
3064        ,  0.000000000000000e+00,  2.024008697507788e-01,  6.265957446808506e-04
4251        ,  0.000000000000000e+00,  1.431627269445913e-01,  0.000000000000000e+00
3191        ,  0.000000000000000e+00,  1.431627269445913e-01,  0.000000000000000e+00
4377        ,  4.062600000000000e+00,  4.665370540818645e+00,  4.783398058252427e-02
3109        ,  0.000000000000000e+00,  1.431627269445913e-01,  0.000000000000000e+00
4724        ,  7.427999999999999e-01,  6.993863026631321e-01,  5.883495145631071e-03
5357        ,  3.189999999999982e-02,  1.431627269445913e-01,  0.000000000000000e+00
3062        ,  1.324800000000000e+00,  1.082561556766708e+00,  9.936559139784949e-03
3833        ,  2.096400000000000e+00,  1.895796805091598e+00,  1.853861386138614e-02
5048        ,  3.346100000000000e+00,  2.936013773177887e+00,  2.954158415841584e-02
4236        ,  1.189800000000000e+00,  1.396720296836747e+00,  1.325959595959596e-02
3857        ,  2.970300000000000e+00,  2.990156778201366e+00,  3.011428571428571e-02
3748        ,  5.403900000000000e+00,  4.780796021400761e+00,  4.905490196078431e-02
4264        ,  0.000000000000000e+00,  1.431627269445913e-01,  0.000000000000000e+00
5423        ,  0.000000000000000e+00,  1.431627269445913e-01,  0.000000000000000e+00
4210        ,  3.155900000000000e+00,  2.966746959943087e+00,  2.986666666666666e-02
3089        ,  0.000000000000000e+00,  1.431627269445913e-01,  0.000000000000000e+00
3142        ,  0.000000000000000e+00,  1.431627269445913e-01,  0.000000000000000e+00
5291        ,  4.676600000000000e+00,  4.896763219760302e+00,  5.028155339805825e-02
3310        ,  0.000000000000000e+00,  6.610509332514802e-01,  5.477999999999996e-03
3456        ,  1.118800000000000e+00,  9.691909877480612e-01,  8.737373737373740e-03
3584        ,  3.670800000000000e+00,  3.927043404996874e+00,  4.002427184466020e-02
3827        ,  1.014500000000000e+00,  1.072063029179326e+00,  9.825510204081636e-03
4259        ,  0.000000000000000e+00,  1.431627269445913e-01,  0.000000000000000e+00
5399        ,  1.045000000000000e+00,  6.723792496521177e-01,  5.597826086956528e-03
3288        ,  0.000000000000000e+00,  1.431627269445913e-01,  0.000000000000000e+00
4457        ,  5.621100000000000e+00,  5.122465162448735e+00,  5.266893203883496e-02
3326        ,  1.114300000000000e+00,  7.928713899801969e-01,  6.872340425531914e-03
4850        ,  2.079800000000000e+00,  2.293306266300946e+00,  2.274329896907217e-02
3073        ,  0.000000000000000e+00,  1.431627269445913e-01,  0.000000000000000e+00
4630        ,  2.287500000000000e+00,  1.624346323003032e+00,  1.566732673267327e-02
4413        ,  6.556000000000002e-01,  7.072493092065676e-01,  5.966666666666666e-03
4892        ,  0.000000000000000e+00,  1.431627269445913e-01,  0.000000000000000e+00
3289        ,  0.000000000000000e+00,  1.431627269445913e-01,  0.000000000000000e+00
3217        ,  3.489100000000000e+00,  3.167238329122603e+00,  3.198737864077670e-02
4695        ,  2.482000000000000e+00,  2.305568156454902e+00,  2.287300000000000e-02
5237        ,  1.472900000000000e+00,  1.333758880662161e+00,  1.259361702127659e-02
3167        ,  0.000000000000000e+00,  1.431627269445913e-01,  0.000000000000000e+00
3871        ,  2.856000000000001e-01,  2.989640712296867e-01,  1.647999999999998e-03
4441        ,  4.190000000000000e+00,  4.063001291918005e+00,  4.146237623762376e-02
3768        ,  4.322000000000000e+00,  3.950583350887534e+00,  4.027326732673268e-02
3266        ,  1.678000000000000e+00,  5.658766500866489e-01,  4.471287128712873e-03
3501        ,  1.934100000000000e+00,  1.879041758093718e+00,  1.836138613861386e-02
3720        ,  2.619999999999978e-02,  1.431627269445913e-01,  0.000000000000000e+00
3543        ,  2.136700000000000e+00,  1.894560042440263e+00,  1.852553191489362e-02
3150        ,  0.000000000000000e+00,  1.431627269445913e-01,  0.000000000000000e+00
3159        ,  9.429000000000001e-01,  8.386326038627362e-01,  7.356382978723409e-03
3698        ,  4.599200000000000e+00,  4.352123585817186e+00,  4.452058823529412e-02
4744        ,  1.614900000000000e+00,  1.710081194954342e+00,  1.657419354838710e-02
5516        ,  0.000000000000000e+00,  1.431627269445913e-01,  0.000000000000000e+00
4391        ,  2.476800000000000e+00,  2.509967754356300e+00,  2.503505154639175e-02
3492        ,  0.000000000000000e+00,  1.431627269445913e-01,  0.000000000000000e+00
5335        ,  4.263500000000000e+00,  4.781571703666776e+00,  4.906310679611650e-02
5262        ,  2.010999999999994e-01,  2.260455468907698e-01,  8.766990291262135e-04
3626        ,  3.394699999999999e+00,  3.299952885548051e+00,  3.339117647058824e-02
4836        ,  2.266100000000000e+00,  2.216984503787951e+00,  2.193600000000000e-02
3498        ,  3.940200000000000e+00,  3.583095560308322e+00,  3.638613861386138e-02
3186        ,  0.000000000000000e+00,  1.431627269445913e-01,  0.000000000000000e+00
4171        ,  4.364300000000000e+00,  3.961254162942049e+00,  4.038613861386138e-02
3406        ,  0.000000000000000e+00,  1.431627269445913e-01,  0.000000000000000e+00
4923        ,  2.503000000000000e+00,  3.820571565420388e+00,  3.889805825242719e-02
3108        ,  0.000000000000000e+00,  1.431627269445913e-01,  0.000000000000000e+00
3144        ,  2.984600000000000e+00,  2.429337407817401e+00,  2.418217821782178e-02
4447        ,  2.571900000000000e+00,  2.569368415129296e+00,  2.566336633663366e-02
3036        ,  0.000000000000000e+00,  1.512209192816100e+00,  1.448118811881188e-02
4963        ,  4.657000000000000e+00,  4.997636109152164e+00,  5.134854368932039e-02
3722        ,  0.000000000000000e+00,  1.431627269445913e-01,  0.000000000000000e+00
3719        ,  0.000000000000000e+00,  1.431627269445913e-01,  0.000000000000000e+00
4956        ,  3.796700000000000e+00,  4.181566173225836e+00,  4.271650485436893e-02
5085        ,  0.000000000000000e+00,  1.431627269445913e-01,  0.000000000000000e+00
4434        ,  1.092800000000000e+00,  6.280028373311175e-01,  5.128431372549020e-03
4730        ,  1.903900000000000e+00,  2.071067581701484e+00,  2.039255319148936e-02
3116        ,  0.000000000000000e+00,  1.431627269445913e-01,  0.000000000000000e+00
3131        ,  6.086400000000000e+00,  5.469823240023096e+00,  5.634313725490196e-02
3128        ,  0.000000000000000e+00,  1.431627269445913e-01,  0.000000000000000e+00
3734        ,  1.765000000000000e+00,  1.859487112079939e+00,  1.815454545454545e-02
4176        ,  4.014700000000000e+00,  3.940260598875334e+00,  4.016407766990291e-02
5220        ,  2.462000000000000e-01,  8.758450195474378e-01,  7.750000000000001e-03
5628        ,  0.000000000000000e+00,  1.431627269445913e-01,  0.000000000000000e+00
3700        ,  6.755000000000000e-01,  7.800161918345728e-01,  6.736363636363637e-03
4098        ,  2.567200000000000e+00,  3.604323587797800e+00,  3.661067961165049e-02
5849        ,  0.000000000000000e+00,  1.431627269445913e-01,  0.000000000000000e+00
5193        ,  3.476700000000000e+00,  3.334165343760517e+00,  3.375306122448980e-02
3654        ,  0.000000000000000e+00,  1.431627269445913e-01,  0.000000000000000e+00
5450        ,  1.609300000000000e+00,  1.611105666259151e+00,  1.552727272727273e-02
5797        ,  0.000000000000000e+00,  1.431627269445913e-01,  0.000000000000000e+00
5034        ,  2.416000000000000e-01,  1.431627269445913e-01,  0.000000000000000e+00
3165        ,  1.235000000000000e+00,  1.608219030680746e+00,  1.549673913043478e-02
4031        ,  3.750400000000000e+00,  3.740625899669421e+00,  3.805242718446601e-02
4290        ,  4.068000000000001e-01,  5.211201813854290e-01,  3.997872340425541e-03
4717        ,  0.000000000000000e+00,  1.431627269445913e-01,  0.000000000000000e+00
4492        ,  1.135700000000000e+00,  1.117022784264781e+00,  1.030107526881720e-02
3091        ,  0.000000000000000e+00,  1.431627269445913e-01,  0.000000000000000e+00
3457        ,  2.942700000000000e+00,  2.775015556215014e+00,  2.783861386138614e-02
4753        ,  7.596999999999996e-01,  1.376188958562441e+00,  1.304242424242424e-02
3393        ,  8.523999999999998e-01,  2.640684357310968e-01,  1.278888888888889e-03
3361        ,  0.000000000000000e+00,  1.431627269445913e-01,  0.000000000000000e+00
3229        ,  5.016000000000003e-01,  6.334614471146496e-01,  5.186170212765955e-03
5651        ,  5.059999999999998e-01,  4.872496138954776e-01,  3.639603960396039e-03
3187        ,  0.000000000000000e+00,  1.431627269445913e-01,  0.000000000000000e+00
5049        ,  3.301000000000000e+00,  3.136325508236347e+00,  3.166039603960396e-02
5766        ,  2.967000000000000e+00,  2.571146883805049e+00,  2.568217821782178e-02
2999        ,  1.144500000000000e+00,  1.079573286535632e+00,  9.904950495049504e-03
3723        ,  6.068800000000000e+00,  5.561048666445731e+00,  5.730808080808081e-02
4238        ,  5.243000000000000e+00,  5.069229242660490e+00,  5.210582524271844e-02
3990        ,  0.000000000000000e+00,  1.431627269445913e-01,  0.000000000000000e+00
3627        ,  2.072800000000000e+00,  1.674899994725945e+00,  1.620206185567009e-02
5456        ,  0.000000000000000e+00,  1.431627269445913e-01,  0.000000000000000e+00
4304        ,  3.197500000000000e+00,  3.582814749464783e+00,  3.638316831683169e-02
3738        ,  1.802400000000000e+00,  1.717851354986151e+00,  1.665638297872340e-02
4262        ,  2.272100000000000e+00,  1.650289973363475e+00,  1.594174757281553e-02
5623        ,  3.708000000000000e+00,  4.074420932888628e+00,  4.158316831683168e-02
3227        ,  0.000000000000000e+00,  2.876877035362577e-01,  1.528723404255319e-03
3798        ,  1.146800000000000e+00,  1.285785036657829e+00,  1.208617021276596e-02
4960        ,  0.000000000000000e+00,  1.431627269445913e-01,  0.000000000000000e+00
4293        ,  1.136700000000000e+00,  1.659848836793433e+00,  1.604285714285714e-02
5627        ,  1.765000000000000e+00,  1.517004884385207e+00,  1.453191489361702e-02
4279        ,  3.202400000000000e+00,  3.122378569673866e+00,  3.151287128712871e-02
3867        ,  1.943600000000000e+00,  1.898571288927609e+00,  1.856796116504855e-02
3283        ,  0.000000000000000e+00,  1.431627269445913e-01,  0.000000000000000e+00
5770        ,  1.462100000000000e+00,  1.047323853986402e+00,  9.563829787234043e-03
4222        ,  2.760500000000000e+00,  2.484872799381140e+00,  2.476960784313725e-02
4509        ,  2.598600000000000e+00,  1.319385746918704e+00,  1.244158415841584e-02
4777        ,  1.779300000000000e+00,  1.833511565898063e+00,  1.787978723404255e-02
4390        ,  2.926900000000000e+00,  3.470396808434311e+00,  3.519405940594059e-02
5266        ,  2.960300000000000e+00,  2.985904499713476e+00,  3.006930693069307e-02
5901        ,  2.864800000000001e+00,  3.995700293082944e+00,  4.075049504950495e-02
2996        ,  0.000000000000000e+00,  1.431627269445913e-01,  0.000000000000000e+00
4358        ,  3.600000000000003e-02,  1.431627269445913e-01,  0.000000000000000e+00
4157        ,  1.256900000000000e+00,  1.738686447349721e+00,  1.687676767676767e-02
3581        ,  3.809500000000000e+00,  3.592942115291347e+00,  3.649029126213592e-02
4706        ,  3.862500000000000e+00,  3.942584584282371e+00,  4.018865979381443e-02
4798        ,  1.230200000000000e+00,  1.153520142001139e+00,  1.068712871287129e-02
5097        ,  1.196899999999999e+00,  1.250680693865943e+00,  1.171485148514852e-02
5017        ,  3.460900000000000e+00,  3.454016175894483e+00,  3.502079207920792e-02
3421        ,  8.106000000000000e-01,  1.431627269445913e-01,  0.000000000000000e+00
5157        ,  4.291200000000000e+00,  4.236256902201395e+00,  4.329499999999999e-02
3601        ,  2.851500000000000e+00,  2.903078023690597e+00,  2.919320388349515e-02
4977        ,  0.000000000000000e+00,  1.431627269445913e-01,  0.000000000000000e+00
3225        ,  2.281000000000004e-01,  1.431627269445913e-01,  0.000000000000000e+00
3835        ,  1.736000000000000e+00,  1.753645675910977e+00,  1.703500000000000e-02
5439        ,  3.011300000000000e+00,  2.851676916501406e+00,  2.864950495049505e-02
4661        ,  5.475600000000000e+00,  5.062280388275035e+00,  5.203232323232324e-02
5134        ,  2.371200000000000e+00,  2.147496924517858e+00,  2.120099009900990e-02
4891        ,  2.943400000000000e+00,  1.431627269445913e-01,  0.000000000000000e+00
4734        ,  1.172500000000000e+00,  1.338238450917828e+00,  1.264100000000000e-02
5375        ,  2.877700000000000e+00,  2.713815150236532e+00,  2.719126213592233e-02
5429        ,  3.010400000000000e+00,  2.724750415221373e+00,  2.730693069306931e-02
3342        ,  0.000000000000000e+00,  1.431627269445913e-01,  0.000000000000000e+00
3119        ,  7.066900000000000e+00,  6.413107241503399e+00,  6.632079207920792e-02
3232        ,  9.213999999999998e-01,  9.011033403546651e-01,  8.017171717171716e-03
4167        ,  1.737100000000000e+00,  1.586904877197712e+00,  1.527128712871287e-02
5109        ,  0.000000000000000e+00,  1.431627269445913e-01,  0.000000000000000e+00
5642        ,  5.254999999999996e-01,  8.646930122124868e-01,  7.632038834951457e-03
4442        ,  8.890999999999998e-01,  6.955589222971917e-01,  5.843010752688173e-03
3209        ,  2.847000000000008e-01,  1.431627269445913e-01,  0.000000000000000e+00
4987        ,  2.826900000000000e+00,  2.673488671037913e+00,  2.676470588235294e-02
3658        ,  2.646900000000000e+00,  2.229774501675049e+00,  2.207128712871288e-02
5128        ,  4.194100000000000e+00,  4.205705909267746e+00,  4.297184466019417e-02
3810        ,  2.148500000000000e+00,  2.249787751084498e+00,  2.228297872340425e-02
5165        ,  7.931000000000000e-01,  6.107229557444442e-01,  4.945652173913045e-03
3801        ,  0.000000000000000e+00,  1.431627269445913e-01,  0.000000000000000e+00
3568        ,  3.916600000000000e+00,  4.448367372869257e+00,  4.553861386138614e-02
3623        ,  2.059900000000000e+00,  1.969196079412201e+00,  1.931500000000000e-02
3586        ,  2.156900000000000e+00,  2.089166896097751e+00,  2.058400000000000e-02
3761        ,  3.577100000000000e+00,  2.930228702727968e+00,  2.948039215686275e-02
3084        ,  8.620000000000028e-02,  1.033411103978157e+00,  9.416666666666667e-03
4082        ,  2.931300000000000e+00,  2.226591978781596e+00,  2.203762376237624e-02
5459        ,  6.888000000000001e-01,  7.071843335016478e-01,  5.965979381443299e-03
4786        ,  1.332600000000000e+00,  1.097549768934662e+00,  1.009509803921569e-02
4641        ,  4.323000000000001e-01,  4.332142737069553e-01,  3.068041237113403e-03
3275        ,  0.000000000000000e+00,  1.432633010410366e-01,  1.063829787236288e-06
3725        ,  0.000000000000000e+00,  1.431627269445913e-01,  0.000000000000000e+00
4597        ,  2.728600000000000e+00,  1.802900833904020e+00,  1.755600000000000e-02
3846        ,  4.541999999999993e-01,  6.551598154124121e-01,  5.415686274509804e-03
4243        ,  2.519600000000000e+00,  2.208620084795043e+00,  2.184752475247525e-02
3140        ,  0.000000000000000e+00,  1.431627269445913e-01,  0.000000000000000e+00
5779        ,  0.000000000000000e+00,  1.431627269445913e-01,  0.000000000000000e+00
3287        ,  5.146999999999995e-01,  4.906193440179565e-01,  3.675247524752475e-03
3666        ,  4.611900000000000e+00,  5.722103548615272e+00,  5.901165048543689e-02
3410        ,  2.838900000000000e+00,  2.523315436788753e+00,  2.517623762376237e-02
3101        ,  0.000000000000000e+00,  1.431627269445913e-01,  0.000000000000000e+00
4436        ,  1.310000000000011e-02,  1.431627269445913e-01,  0.000000000000000e+00
3204        ,  3.863100000000000e+00,  3.145040294243250e+00,  3.175257731958763e-02
3489        ,  2.194900000000000e+00,  2.280809272388022e+00,  2.261111111111111e-02
4697        ,  9.560000000000013e-02,  1.431627269445913e-01,  0.000000000000000e+00
3529        ,  3.656900000000000e+00,  3.726507877571296e+00,  3.790309278350516e-02
5819        ,  0.000000000000000e+00,  1.431627269445913e-01,  0.000000000000000e+00
4497        ,  1.327300000000000e+00,  1.523338866067849e+00,  1.459891304347826e-02
3591        ,  1.393800000000000e+00,  1.377005742133571e+00,  1.305106382978723e-02
3790        ,  0.000000000000000e+00,  1.431627269445913e-01,  0.000000000000000e+00
5645        ,  2.352200000000000e+00,  2.090117908821207e+00,  2.059405940594060e-02
3550        ,  2.619400000000000e+00,  1.803971659254052e+00,  1.756732673267327e-02
3677        ,  0.000000000000000e+00,  1.431627269445913e-01,  0.000000000000000e+00
3265        ,  0.000000000000000e+00,  1.431627269445913e-01,  0.000000000000000e+00
3029        ,  0.000000000000000e+00,  1.431627269445913e-01,  0.000000000000000e+00
3824        ,  2.338300000000000e+00,  2.381733154040216e+00,  2.367864077669903e-02
4582        ,  0.000000000000000e+00,  1.431627269445913e-01,  0.000000000000000e+00
5556        ,  1.465900000000000e+00,  1.522120104559244e+00,  1.458602150537634e-02
3276        ,  1.351600000000000e+00,  8.286260219873931e-01,  7.250537634408603e-03
3826        ,  3.180200000000001e+00,  3.186278318801970e+00,  3.218877551020408e-02
5238        ,  2.869999999999995e-02,  1.431627269445913e-01,  0.000000000000000e+00
4790        ,  1.588000000000000e+00,  6.637407387960204e-01,  5.506451612903224e-03
3785        ,  1.859500000000000e+00,  1.699345721240246e+00,  1.646063829787234e-02
3110        ,  0.000000000000000e+00,  1.431627269445913e-01,  0.000000000000000e+00
3979        ,  1.458900000000000e+00,  1.588121724186385e+00,  1.528415841584158e-02
4323        ,  0.000000000000000e+00,  1.431627269445913e-01,  0.000000000000000e+00
4127        ,  2.794999999999999e-01,  3.192942065408438e-01,  1.863043478260872e-03
4516        ,  0.000000000000000e+00,  1.431627269445913e-01,  0.000000000000000e+00
3384        ,  0.000000000000000e+00,  1.431627269445913e-01,  0.000000000000000e+00
4281        ,  2.025100000000000e+00,  1.724636688929814e+00,  1.672815533980582e-02
3345        ,  1.220300000000000e+00,  1.431627269445913e-01,  0.000000000000000e+00
3260        ,  0.000000000000000e+00,  1.431627269445913e-01,  0.000000000000000e+00
3207        ,  0.000000000000000e+00,  1.431627269445913e-01,  0.000000000000000e+00
4894        ,  4.453700000000000e+00,  4.945685194324327e+00,  5.079902912621360e-02
5265        ,  0.000000000000000e+00,  1.431627269445913e-01,  0.000000000000000e+00
3292        ,  0.000000000000000e+00,  1.431627269445913e-01,  0.000000000000000e+00
3052        ,  4.224600000000000e+00,  4.069366337704909e+00,  4.152970297029702e-02
4213        ,  0.000000000000000e+00,  1.431627269445913e-01,  0.000000000000000e+00
3172        ,  0.000000000000000e+00,  1.431627269445913e-01,  0.000000000000000e+00
4634        ,  1.984300000000000e+00,  1.705219845942521e+00,  1.652277227722772e-02
5350        ,  5.800999999999998e-01,  6.419812136145439e-01,  5.276288659793815e-03
5760        ,  2.773000000000000e+00,  2.909711157499651e+00,  2.926336633663366e-02
3774        ,  7.475999999999998e-01,  8.142032574262078e-01,  7.097979797979799e-03
3752        ,  3.178199999999999e+00,  3.034941561284703e+00,  3.058800000000000e-02
3023        ,  2.116900000000000e+00,  1.920601762937623e+00,  1.880099009900990e-02
4664        ,  1.383200000000000e+00,  2.046014369023742e+00,  2.012755102040817e-02
5619        ,  0.000000000000000e+00,  1.431627269445913e-01,  0.000000000000000e+00
4624        ,  1.861999999999995e-01,  1.769536317838921e-01,  3.574257425742574e-04
5526        ,  0.000000000000000e+00,  1.431627269445913e-01,  0.000000000000000e+00
3594        ,  6.517999999999999e-01,  8.961915965369698e-01,  7.965217391304348e-03
4541        ,  9.722000000000000e-01,  8.242548338386697e-01,  7.204301075268816e-03
5479        ,  1.344900000000000e+00,  1.095357590430190e+00,  1.007191011235955e-02
4285        ,  0.000000000000000e+00,  1.431627269445913e-01,  0.000000000000000e+00
4250        ,  2.172900000000000e+00,  2.155739075047422e+00,  2.128817204301075e-02
3730        ,  5.054000000000003e-01,  6.038023513262356e-01,  4.872448979591833e-03
3113        ,  1.532700000000000e+00,  9.684657961083468e-01,  8.729702970297029e-03
3380        ,  3.602999999999998e-01,  7.641764106783115e-01,  6.568817204301075e-03
3638        ,  3.944000000000000e+00,  3.707766487110472e+00,  3.770485436893204e-02
4921        ,  3.986700000000000e+00,  3.506549828016329e+00,  3.557647058823529e-02
3279        ,  0.000000000000000e+00,  1.431627269445913e-01,  0.000000000000000e+00
3015        ,  0.000000000000000e+00,  1.431627269445913e-01,  0.000000000000000e+00
5896        ,  0.000000000000000e+00,  1.431627269445913e-01,  0.000000000000000e+00
4801        ,  3.595800000000000e+00,  3.408084973130103e+00,  3.453495145631068e-02
3558        ,  0.000000000000000e+00,  1.431627269445913e-01,  0.000000000000000e+00
4739        ,  2.321700000000000e+00,  1.891397435209473e+00,  1.849207920792079e-02
4610        ,  1.037200000000000e+00,  1.013029168540506e+00,  9.201075268817206e-03
3997        ,  2.932200000000000e+00,  2.797615830868716e+00,  2.807766990291263e-02
3090        ,  0.000000000000000e+00,  1.431627269445913e-01,  0.000000000000000e+00
5333        ,  4.202400000000000e+00,  3.626260458193300e+00,  3.684271844660194e-02
3445        ,  0.000000000000000e+00,  1.431627269445913e-01,  0.000000000000000e+00
4590        ,  0.000000000000000e+00,  1.431627269445913e-01,  0.000000000000000e+00
5025        ,  2.353300000000000e+00,  2.196897608600995e+00,  2.172352941176471e-02
5683        ,  0.000000000000000e+00,  1.431627269445913e-01,  0.000000000000000e+00
3453        ,  2.586800000000000e+00,  2.514840932225292e+00,  2.508659793814433e-02
5123        ,  5.819999999999992e-02,  9.344225285828581e-01,  8.369607843137254e-03
4215        ,  2.252700000000000e+00,  1.927648920170714e+00,  1.887553191489362e-02
3596        ,  0.000000000000000e+00,  1.431627269445913e-01,  0.000000000000000e+00
5621        ,  2.851700000000000e+00,  3.092312509700764e+00,  3.119484536082474e-02
3040        ,  0.000000000000000e+00,  1.431627269445913e-01,  0.000000000000000e+00
4287        ,  1.774800000000000e+00,  1.766249402605193e+00,  1.716831683168317e-02
5502        ,  4.470800000000000e+00,  4.715118590000073e+00,  4.836019417475728e-02
4144        ,  7.689000000000000e-01,  4.351052785974225e-01,  3.088043478260870e-03
4851        ,  0.000000000000000e+00,  1.431627269445913e-01,  0.000000000000000e+00
5533        ,  0.000000000000000e+00,  1.431627269445913e-01,  0.000000000000000e+00
3896        ,  5.040999999999999e+00,  4.496025244250872e+00,  4.604271844660194e-02
5918        ,  0.000000000000000e+00,  1.431627269445913e-01,  0.000000000000000e+00
4203        ,  1.323500000000000e+00,  1.487108741206612e+00,  1.421568627450980e-02
4291        ,  4.773200000000000e+00,  4.390838409634792e+00,  4.493009708737864e-02
3733        ,  0.000000000000000e+00,  1.431627269445913e-01,  0.000000000000000e+00
4584        ,  0.000000000000000e+00,  1.431627269445913e-01,  0.000000000000000e+00
3633        ,  4.639500000000000e+00,  4.137555653195354e+00,  4.225098039215687e-02
4175        ,  6.012000000000000e-01,  4.776662555978073e-01,  3.538235294117647e-03
4340        ,  0.000000000000000e+00,  1.431627269445913e-01,  0.000000000000000e+00
5841        ,  3.369700000000000e+00,  3.231426780581859e+00,  3.266633663366337e-02
4275        ,  3.135000000000000e+00,  2.201101842477334e+00,  2.176800000000000e-02
3674        ,  4.303999999999999e-01,  3.368662503045307e-01,  2.048913043478265e-03
3607        ,  1.498500000000000e+00,  1.411151674142987e+00,  1.341224489795918e-02
3663        ,  0.000000000000000e+00,  1.431627269445913e-01,  0.000000000000000e+00
3112        ,  0.000000000000000e+00,  1.431627269445913e-01,  0.000000000000000e+00
5665        ,  1.656300000000000e+00,  1.376577555386330e+00,  1.304653465346535e-02
5145        ,  8.130000000000002e-01,  9.065221714957856e-01,  8.074489795918363e-03
3797        ,  5.508700000000000e+00,  5.340916005717732e+00,  5.497961165048544e-02
4482        ,  1.776600000000000e+00,  2.884812596039113e+00,  2.900000000000000e-02
3313        ,  3.882800000000000e+00,  3.405820610817731e+00,  3.451100000000000e-02
5121        ,  2.568900000000000e+00,  2.691840485577491e+00,  2.695882352941176e-02
4041        ,  2.202900000000001e+00,  2.207927234511145e+00,  2.184019607843137e-02
3672        ,  0.000000000000000e+00,  1.431627269445913e-01,  0.000000000000000e+00
4012        ,  0.000000000000000e+00,  1.431627269445913e-01,  0.000000000000000e+00
4704        ,  7.975000000000003e-01,  9.564070336837899e-01,  8.602150537634412e-03
4019        ,  1.387000000000000e-01,  1.431627269445913e-01,  0.000000000000000e+00
5747        ,  9.680999999999997e-01,  1.431627269445913e-01,  0.000000000000000e+00
4534        ,  1.043000000000000e+00,  1.176442521028737e+00,  1.092959183673469e-02
5091        ,  3.107900000000000e+00,  3.480504181255835e+00,  3.530097087378641e-02
5746        ,  1.736800000000000e+00,  2.387373115021450e+00,  2.373829787234043e-02
4326        ,  3.563700000000000e+00,  4.162052825894190e+00,  4.251010101010101e-02
3794        ,  0.000000000000000e+00,  1.972818534949793e-01,  5.724489795918371e-04
5757        ,  5.346700000000000e+00,  5.615631709038786e+00,  5.788543689320388e-02
5312        ,  4.080400000000000e+00,  3.829928291779891e+00,  3.899702970297030e-02
3001        ,  0.000000000000000e+00,  1.431627269445913e-01,  0.000000000000000e+00
3639        ,  3.916900000000000e+00,  4.058113910958272e+00,  4.141067961165049e-02
3461        ,  1.653900000000000e+00,  1.649679865966307e+00,  1.593529411764706e-02
3914        ,  1.235300000000000e+00,  2.008391446822937e+00,  1.972959183673470e-02
3054        ,  2.297200000000000e+00,  1.388465214429519e+00,  1.317227722772277e-02
3268        ,  0.000000000000000e+00,  1.431627269445913e-01,  0.000000000000000e+00
4500        ,  0.000000000000000e+00,  1.431627269445913e-01,  0.000000000000000e+00
3436        ,  6.292000000000000e-01,  2.256990286991998e-01,  8.730337078651696e-04
5607        ,  9.406000000000001e-01,  5.953130765732341e-01,  4.782653061224491e-03
3685        ,  3.286000000000000e+00,  2.979062839603693e+00,  2.999693877551021e-02
4208        ,  9.359000000000002e-01,  6.815707176250860e-01,  5.695049504950495e-03
5271        ,  0.000000000000000e+00,  1.431627269445913e-01,  0.000000000000000e+00
5364        ,  0.000000000000000e+00,  1.431627269445913e-01,  0.000000000000000e+00
3883        ,  6.357800000000000e+00,  6.345239168343517e+00,  6.560291262135921e-02
5671        ,  3.270300000000000e+00,  2.414431491047406e+00,  2.402450980392157e-02
4172        ,  2.572000000000000e+00,  1.814245591983031e+00,  1.767599999999999e-02
4207        ,  1.619500000000000e+00,  2.871895297236279e+00,  2.886336633663367e-02
4680        ,  2.538000000000000e+00,  2.517512012688929e+00,  2.511485148514852e-02
5485        ,  6.596000000000002e-01,  6.802843916648160e-01,  5.681443298969076e-03
4546        ,  3.642200000000000e+00,  5.034901253003933e+00,  5.174271844660194e-02
5822        ,  0.000000000000000e+00,  1.431627269445913e-01,  0.000000000000000e+00
3252        ,  4.925999999999999e-01,  2.981874229167508e-01,  1.639784946236558e-03
4849        ,  3.854400000000000e+00,  3.798139770145179e+00,  3.866078431372549e-02
5883        ,  5.354999999999999e-01,  6.417831425140621e-01,  5.274193548387096e-03
3419        ,  4.336800000000000e+00,  3.877108184224574e+00,  3.949607843137255e-02
5131        ,  2.770000000000028e-02,  1.772344426274320e-01,  3.603960396039604e-04
3544        ,  0.000000000000000e+00,  1.431627269445913e-01,  0.000000000000000e+00
5684        ,  4.439300000000000e+00,  5.448213919911622e+00,  5.611456310679613e-02
3823        ,  1.302100000000000e+00,  1.382738465630944e+00,  1.311170212765957e-02
4360        ,  1.576000000000000e-01,  3.342887629664312e-01,  2.021649484536082e-03
4026        ,  2.560600000000000e+00,  2.530885515515897e+00,  2.525631067961165e-02
5480        ,  2.703000000000000e+00,  2.093487638943685e+00,  2.062970297029703e-02
5334        ,  2.209999999999979e-02,  1.431627269445913e-01,  0.000000000000000e+00
4677        ,  0.000000000000000e+00,  1.663191823026051e+00,  1.607821782178218e-02
3360        ,  4.618000000000002e-01,  1.431627269445913e-01,  0.000000000000000e+00
5246        ,  1.909999999999989e-02,  1.431627269445913e-01,  0.000000000000000e+00
3154        ,  0.000000000000000e+00,  1.431627269445913e-01,  0.000000000000000e+00
3829        ,  0.000000000000000e+00,  1.431627269445913e-01,  0.000000000000000e+00
4345        ,  1.651000000000000e+00,  1.394366062699551e+00,  1.323469387755102e-02
3021        ,  0.000000000000000e+00,  1.431627269445913e-01,  0.000000000000000e+00
4284        ,  2.943400000000000e+00,  2.692424406949204e+00,  2.696500000000000e-02
5284        ,  5.591300000000000e+00,  5.291371925577638e+00,  5.445555555555556e-02
5632        ,  2.338000000000005e-01,  1.431627269445913e-01,  0.000000000000000e+00
3693        ,  2.168900000000000e+00,  1.993424379245836e+00,  1.957127659574468e-02
3349        ,  2.150700000000000e+00,  1.086705514888548e+00,  9.980392156862743e-03
4688        ,  2.151000000000000e+00,  2.276439886642461e+00,  2.256489361702128e-02
5215        ,  1.232400000000000e+00,  1.153097015457982e+00,  1.068265306122449e-02
4896        ,  0.000000000000000e+00,  1.431627269445913e-01,  0.000000000000000e+00
5805        ,  3.861999999999999e-01,  5.258046532177908e-01,  4.047422680412374e-03
3143        ,  0.000000000000000e+00,  5.945392717903808e-01,  4.774468085106386e-03
4893        ,  2.208000000000006e-01,  2.738333728051563e-01,  1.382178217821782e-03
4220        ,  1.188700000000000e+00,  1.253135400899608e+00,  1.174081632653061e-02
4868        ,  0.000000000000000e+00,  1.484488149383964e-01,  5.591397849462705e-05
3241        ,  3.769000000000000e-01,  7.783568550318374e-01,  6.718811881188122e-03
5435        ,  2.611900000000000e+00,  2.624539149634574e+00,  2.624693877551021e-02
5916        ,  9.017999999999997e-01,  1.043067876875446e+00,  9.518811881188121e-03
4404        ,  2.805900000000000e+00,  2.200008552259819e+00,  2.175643564356436e-02
3967        ,  2.306200000000000e+00,  2.163716044938526e+00,  2.137254901960784e-02
5330        ,  5.059900000000001e+00,  4.592272835676006e+00,  4.706078431372549e-02
3781        ,  1.123700000000000e+00,  1.237710618557052e+00,  1.157765957446808e-02
4426        ,  3.982600000000000e+00,  3.767588284514034e+00,  3.833762376237624e-02
3817        ,  2.727700000000000e+00,  2.714641224853936e+00,  2.720000000000000e-02
5511        ,  1.303200000000000e+00,  1.422920895959649e+00,  1.353673469387755e-02
4405        ,  3.958000000000000e+00,  3.724437018223404e+00,  3.788118811881188e-02
4495        ,  0.000000000000000e+00,  1.431627269445913e-01,  0.000000000000000e+00
3188        ,  8.198000000000000e-01,  6.807028493296524e-01,  5.685869565217386e-03
4125        ,  1.822700000000000e+00,  1.595452679612416e+00,  1.536170212765958e-02
4123        ,  0.000000000000000e+00,  1.431627269445913e-01,  0.000000000000000e+00
4731        ,  1.348900000000000e+00,  1.256858532423820e+00,  1.178019801980198e-02
4475        ,  4.044100000000000e+00,  4.052280812639462e+00,  4.134897959183673e-02
4579        ,  0.000000000000000e+00,  1.431627269445913e-01,  0.000000000000000e+00
5403        ,  1.062500000000000e+00,  5.579203428530184e-01,  4.387128712871288e-03
4856        ,  4.825800000000000e+00,  3.655919172399670e+00,  3.715643564356436e-02
2990        ,  0.000000000000000e+00,  1.431627269445913e-01,  0.000000000000000e+00
4881        ,  3.677999999999999e-01,  3.923951981411827e-01,  2.636274509803923e-03
3430        ,  0.000000000000000e+00,  1.431627269445913e-01,  0.000000000000000e+00
5168        ,  0.000000000000000e+00,  1.431627269445913e-01,  0.000000000000000e+00
5588        ,  0.000000000000000e+00,  1.431627269445913e-01,  0.000000000000000e+00
3717        ,  1.106800000000000e+00,  1.296838855649599e+00,  1.220309278350515e-02
4880        ,  0.000000000000000e+00,  1.431627269445913e-01,  0.000000000000000e+00
4508        ,  4.478999999999997e-01,  1.431627269445913e-01,  0.000000000000000e+00
3496        ,  4.153700000000000e+00,  3.967796419455460e+00,  4.045533980582524e-02
5148        ,  0.000000000000000e+00,  1.431627269445913e-01,  0.000000000000000e+00
5144        ,  1.861700000000000e+00,  1.207144838811333e+00,  1.125434782608696e-02
4498        ,  0.000000000000000e+00,  1.431627269445913e-01,  0.000000000000000e+00
3754        ,  7.879000000000000e-01,  8.612781958235366e-01,  7.595918367346940e-03
4119        ,  3.041100000000000e+00,  2.595502907810592e+00,  2.593980582524271e-02
3644        ,  5.740000000000003e-01,  6.730574688851018e-01,  5.605000000000002e-03
3816        ,  3.645000000000000e+00,  3.062097841927301e+00,  3.087524752475247e-02
3518        ,  1.070500000000000e+00,  1.124083223473290e+00,  1.037575757575758e-02
3017        ,  0.000000000000000e+00,  1.431627269445913e-01,  0.000000000000000e+00
4193        ,  4.166600000000000e+00,  4.000839404151612e+00,  4.080485436893205e-02
3039        ,  1.061300000000000e+00,  1.342480403938676e+00,  1.268586956521740e-02
4489        ,  1.591999999999998e-01,  4.211906243110545e-01,  2.940860215053762e-03
5520        ,  0.000000000000000e+00,  1.431627269445913e-01,  0.000000000000000e+00
3657        ,  7.258000000000000e-01,  7.631284154376682e-01,  6.557731958762886e-03
4703        ,  0.000000000000000e+00,  1.431627269445913e-01,  0.000000000000000e+00
3864        ,  2.564400000000000e+00,  2.476272804698648e+00,  2.467864077669903e-02
3401        ,  2.284600000000000e+00,  2.040931481326859e+00,  2.007378640776699e-02
4395        ,  9.707000000000000e-01,  5.399209782404673e-01,  4.196739130434791e-03
3244        ,  0.000000000000000e+00,  1.431627269445913e-01,  0.000000000000000e+00
4783        ,  0.000000000000000e+00,  1.431627269445913e-01,  0.000000000000000e+00
4549        ,  4.942399999999999e+00,  4.921361886145215e+00,  5.054174757281554e-02
4061        ,  1.667600000000000e+00,  1.694642637502519e+00,  1.641089108910891e-02
4195        ,  5.205000000000000e+00,  6.094296056789972e+00,  6.294854368932039e-02
3948        ,  2.504600000000000e+00,  3.061536220240221e+00,  3.086930693069307e-02
5733        ,  3.228000000000000e-01,  4.886434938072516e-01,  3.654347826086955e-03
3014        ,  1.998000000000002e-01,  1.431627269445913e-01,  0.000000000000000e+00
3200        ,  0.000000000000000e+00,  1.223161231199033e+00,  1.142376237623762e-02
4713        ,  3.813500000000000e+00,  4.995525029574353e+00,  5.132621359223301e-02
4838        ,  3.014200000000000e+00,  2.836700338179278e+00,  2.849108910891089e-02
5828        ,  3.484800000000000e+00,  2.876656234021523e+00,  2.891372549019608e-02
3302        ,  1.491900000000000e+00,  1.399897578221531e+00,  1.329320388349515e-02
5817        ,  3.843800000000000e+00,  3.847016151629375e+00,  3.917777777777778e-02
4024        ,  4.102000000000000e+00,  4.033328946117289e+00,  4.114851485148514e-02
3286        ,  0.000000000000000e+00,  1.431627269445913e-01,  0.000000000000000e+00
5408        ,  2.319000000000000e+00,  1.538605412108850e+00,  1.476039603960396e-02
5318        ,  2.948200000000000e+00,  2.946842183154799e+00,  2.965612244897959e-02
5280        ,  9.822000000000002e-01,  2.561992657753253e-01,  1.195652173913047e-03
3825        ,  1.613500000000001e+00,  1.558774627308827e+00,  1.497373737373737e-02
5053        ,  0.000000000000000e+00,  1.431627269445913e-01,  0.000000000000000e+00
3762        ,  3.050900000000000e+00,  3.034941561284703e+00,  3.058800000000000e-02
3012        ,  0.000000000000000e+00,  1.431627269445913e-01,  0.000000000000000e+00
4129        ,  2.116100000000000e+00,  1.986311500325958e+00,  1.949603960396040e-02
5264        ,  0.000000000000000e+00,  1.431627269445913e-01,  0.000000000000000e+00
4917        ,  2.182400000000000e+00,  2.142930477216280e+00,  2.115268817204301e-02
4778        ,  3.289100000000000e+00,  2.975888912960553e+00,  2.996336633663366e-02
5692        ,  2.643300000000000e+00,  2.336482622220209e+00,  2.320000000000000e-02
4414        ,  0.000000000000000e+00,  1.431627269445913e-01,  0.000000000000000e+00
3025        ,  0.000000000000000e+00,  1.431627269445913e-01,  0.000000000000000e+00
3368        ,  0.000000000000000e+00,  1.431627269445913e-01,  0.000000000000000e+00
4312        ,  5.035999999999996e-01,  4.560796102625492e-01,  3.309900990099010e-03
4974        ,  1.457600000000000e+00,  1.299937561142381e+00,  1.223586956521739e-02
3753        ,  0.000000000000000e+00,  1.431627269445913e-01,  0.000000000000000e+00
5835        ,  0.000000000000000e+00,  1.431627269445913e-01,  0.000000000000000e+00
4198        ,  4.097700000000001e+00,  3.758737126725657e+00,  3.824400000000000e-02
5614        ,  1.138500000000000e+00,  1.154924196218838e+00,  1.070198019801980e-02
4087        ,  0.000000000000000e+00,  1.431627269445913e-01,  0.000000000000000e+00
5415        ,  1.726200000000000e+00,  1.687032296569590e+00,  1.633039215686274e-02
5656        ,  2.185500000000000e+00,  2.209856787095885e+00,  2.186060606060606e-02
5560        ,  3.030600000000000e+00,  2.448900563250681e+00,  2.438910891089109e-02
4422        ,  4.267999999999996e-01,  6.597610754434877e-01,  5.464356435643567e-03
4771        ,  2.747500000000000e+00,  2.307091087263033e+00,  2.288910891089109e-02
4474        ,  1.164100000000000e+00,  9.386602822787362e-01,  8.414432989690725e-03
5360        ,  2.079200000000000e+00,  1.303797564396892e+00,  1.227669902912621e-02
4604        ,  2.293100000000000e+00,  2.539642297039392e+00,  2.534893617021276e-02
4693        ,  4.030700000000000e+00,  3.792117884154257e+00,  3.859708737864077e-02
3240        ,  1.162500000000000e+00,  1.222376697811411e+00,  1.141546391752578e-02
5703        ,  3.516900000000001e+00,  3.130147669678469e+00,  3.159504950495049e-02
5209        ,  1.572700000000000e+00,  1.285770977913165e+00,  1.208602150537634e-02
5328        ,  0.000000000000000e+00,  1.431627269445913e-01,  0.000000000000000e+00
3161        ,  0.000000000000000e+00,  1.431627269445913e-01,  0.000000000000000e+00
3977        ,  3.184500000000000e+00,  3.171582869703024e+00,  3.203333333333334e-02
5496        ,  2.170000000000000e+00,  2.337359794236627e+00,  2.320927835051546e-02
5233        ,  6.469999999999976e-02,  1.431627269445913e-01,  0.000000000000000e+00
3077        ,  2.134800000000000e+00,  1.766623817063246e+00,  1.717227722772277e-02
3239        ,  9.895999999999999e-01,  1.234674475784168e+00,  1.154554455445544e-02
3652        ,  1.815100000000000e+00,  1.717247910407480e+00,  1.665000000000000e-02
5796        ,  1.643200000000000e+00,  1.412708550588463e+00,  1.342871287128713e-02
3332        ,  0.000000000000000e+00,  1.431627269445913e-01,  0.000000000000000e+00
5833        ,  5.220599999999999e+00,  5.367329282678874e+00,  5.525900000000000e-02
5181        ,  0.000000000000000e+00,  1.431627269445913e-01,  0.000000000000000e+00
4903        ,  1.562900000000000e+00,  1.917738816020993e+00,  1.877070707070707e-02
5019        ,  1.267900000000000e+00,  1.359381909556498e+00,  1.286464646464647e-02
3728        ,  0.000000000000000e+00,  1.431627269445913e-01,  0.000000000000000e+00
3412        ,  4.977500000000000e+00,  4.894687371198723e+00,  5.025959595959596e-02
4657        ,  7.240000000000002e-01,  5.409485831389279e-01,  4.207608695652176e-03
5471        ,  2.481200000000000e+00,  1.974891859355336e+00,  1.937524752475248e-02
4615        ,  0.000000000000000e+00,  1.431627269445913e-01,  0.000000000000000e+00
3563        ,  0.000000000000000e+00,  7.903296082700383e-01,  6.845454545454548e-03
5843        ,  9.450000000000003e-02,  9.715783526636779e-01,  8.762626262626262e-03
3429        ,  4.021700000000000e+00,  3.696568586741221e+00,  3.758640776699029e-02
3238        ,  0.000000000000000e+00,  1.431627269445913e-01,  0.000000000000000e+00
3757        ,  1.403600000000000e+00,  1.388095575666083e+00,  1.316836734693877e-02
4089        ,  4.025900000000000e+00,  4.044777035245264e+00,  4.126960784313725e-02
5882        ,  0.000000000000000e+00,  1.431627269445913e-01,  0.000000000000000e+00
3906        ,  1.246300000000000e+00,  1.399421869779968e+00,  1.328817204301075e-02
3782        ,  1.082200000000000e+00,  6.971248501644233e-01,  5.859574468085104e-03
5285        ,  3.423700000000000e+00,  2.880549043166282e+00,  2.895490196078431e-02
3230        ,  0.000000000000000e+00,  1.431627269445913e-01,  0.000000000000000e+00
3651        ,  2.001500000000000e+00,  2.027958063351025e+00,  1.993655913978494e-02
4769        ,  1.221900000000000e+00,  1.332451417408374e+00,  1.257978723404255e-02
5682        ,  3.568200000000000e+00,  3.304183143474429e+00,  3.343592233009709e-02
4131        ,  8.060000000000000e-01,  5.620852004536204e-01,  4.431182795698921e-03
3745        ,  2.101100000000000e+00,  1.236468041817101e+00,  1.156451612903226e-02
5240        ,  1.568900000000000e+00,  1.092057200603271e+00,  1.003700000000000e-02
4029        ,  2.932100000000001e+00,  2.805322114261003e+00,  2.815918367346939e-02
3226        ,  0.000000000000000e+00,  1.431627269445913e-01,  0.000000000000000e+00
4839        ,  2.247100000000000e+00,  1.900008967744697e+00,  1.858316831683168e-02
3316        ,  0.000000000000000e+00,  1.431627269445913e-01,  0.000000000000000e+00
4618        ,  9.976000000000003e-01,  1.152907189299649e+00,  1.068064516129032e-02
3455        ,  0.000000000000000e+00,  1.431627269445913e-01,  0.000000000000000e+00
3479        ,  2.809000000000000e+00,  2.513955075337424e+00,  2.507722772277228e-02
5562        ,  3.304500000000000e+00,  3.202575965533765e+00,  3.236116504854369e-02
3645        ,  0.000000000000000e+00,  1.431627269445913e-01,  0.000000000000000e+00
3194        ,  0.000000000000000e+00,  1.431627269445913e-01,  0.000000000000000e+00
5373        ,  3.522100000000000e+00,  3.055732796140397e+00,  3.080792079207921e-02
3324        ,  2.361700000000000e+00,  2.300577669789294e+00,  2.282021276595745e-02
4502        ,  7.188000000000000e+00,  6.450440400774281e+00,  6.671568627450980e-02
3402        ,  0.000000000000000e+00,  1.431627269445913e-01,  0.000000000000000e+00
5687        ,  3.023600000000000e+00,  2.834360247816446e+00,  2.846633663366337e-02
5254        ,  4.435099999999999e+00,  5.965213946057263e+00,  6.158316831683168e-02
3620        ,  9.683000000000000e-01,  1.237218010737729e+00,  1.157244897959184e-02
4550        ,  0.000000000000000e+00,  1.431627269445913e-01,  0.000000000000000e+00
3353        ,  1.561700000000000e+00,  1.505410868442428e+00,  1.440927835051547e-02
4091        ,  5.020000000000000e-01,  6.914927007634964e-01,  5.800000000000008e-03
2987        ,  0.000000000000000e+00,  1.431627269445913e-01,  0.000000000000000e+00
3179        ,  0.000000000000000e+00,  1.431627269445913e-01,  0.000000000000000e+00
4225        ,  6.553999999999998e-01,  3.630177017736677e-01,  2.325531914893616e-03
5741        ,  1.094500000000000e+00,  1.207659700647057e+00,  1.125979381443299e-02
4755        ,  2.301300000000000e+00,  2.263565406514350e+00,  2.242871287128713e-02
5482        ,  9.074999999999998e-01,  9.448398656087680e-01,  8.479797979797980e-03
5538        ,  0.000000000000000e+00,  1.431627269445913e-01,  0.000000000000000e+00
3710        ,  3.456000000000000e+00,  3.207089840808401e+00,  3.240891089108910e-02
5212        ,  0.000000000000000e+00,  1.431627269445913e-01,  0.000000000000000e+00
4147        ,  2.493800000000000e+00,  2.422031737472888e+00,  2.410490196078432e-02
3514        ,  0.000000000000000e+00,  1.431627269445913e-01,  0.000000000000000e+00
4109        ,  3.027700000000000e+00,  2.802628622496437e+00,  2.813069306930693e-02
4805        ,  8.720000000000001e-01,  6.925990158243918e-01,  5.811702127659570e-03
4072        ,  9.394999999999998e-01,  9.299011069288678e-01,  8.321782178217822e-03
5492        ,  0.000000000000000e+00,  1.431627269445913e-01,  0.000000000000000e+00
5813        ,  4.605999999999999e-01,  1.431627269445913e-01,  0.000000000000000e+00
5626        ,  2.421200000000000e+00,  2.521992569379560e+00,  2.516224489795918e-02
4412        ,  0.000000000000000e+00,  1.431627269445913e-01,  0.000000000000000e+00
4100        ,  0.000000000000000e+00,  1.431627269445913e-01,  0.000000000000000e+00
4190        ,  0.000000000000000e+00,  1.431627269445913e-01,  0.000000000000000e+00
3963        ,  0.000000000000000e+00,  1.431627269445913e-01,  0.000000000000000e+00
5146        ,  3.059299999999999e+00,  3.096075953995629e+00,  3.123465346534654e-02
5315        ,  1.127500000000000e+00,  1.244247934825986e+00,  1.164680851063830e-02
3834        ,  0.000000000000000e+00,  1.431627269445913e-01,  0.000000000000000e+00
5018        ,  1.576900000000000e+00,  1.269495020383116e+00,  1.191386138613862e-02
3870        ,  1.333400000000000e+00,  5.881543103408139e-01,  4.706930693069307e-03
5337        ,  8.550000000000000e-01,  9.750151837075067e-01,  8.798979591836733e-03
4310        ,  1.386300000000000e+00,  1.402100443867941e+00,  1.331650485436893e-02
5629        ,  8.353000000000002e-01,  9.018663699956566e-01,  8.025242718446603e-03
3775        ,  7.872000000000000e-01,  9.612649362282131e-01,  8.653535353535358e-03
3146        ,  0.000000000000000e+00,  1.431627269445913e-01,  0.000000000000000e+00
5518        ,  0.000000000000000e+00,  1.431627269445913e-01,  0.000000000000000e+00
4299        ,  3.159100000000000e+00,  2.486810027128567e+00,  2.479009900990099e-02
4572        ,  2.515200000000000e+00,  2.269649641457713e+00,  2.249306930693069e-02
4645        ,  3.145100000000000e+00,  2.636018964357383e+00,  2.636836734693877e-02
4955        ,  4.844999999999997e-01,  1.431627269445913e-01,  0.000000000000000e+00
3330        ,  0.000000000000000e+00,  1.431627269445913e-01,  0.000000000000000e+00
3631        ,  3.243400000000000e+00,  3.320818232442059e+00,  3.361188118811882e-02
4411        ,  0.000000000000000e+00,  1.431627269445913e-01,  0.000000000000000e+00
3642        ,  5.232000000000000e-01,  7.541765995696306e-01,  6.463043478260877e-03
4357        ,  2.144500000000000e+00,  1.431627269445913e-01,  0.000000000000000e+00
5777        ,  6.503000000000001e-01,  7.784112979504826e-01,  6.719387755102042e-03
5478        ,  5.165000000000000e+00,  5.120537655008125e+00,  5.264854368932038e-02
4935        ,  3.557399999999999e+00,  3.541121680659070e+00,  3.594215686274510e-02
4037        ,  1.423100000000000e+00,  1.181226811897075e+00,  1.098019801980198e-02
4780        ,  3.433200000000000e+00,  3.398790043331637e+00,  3.443663366336634e-02
4269        ,  0.000000000000000e+00,  1.431627269445913e-01,  0.000000000000000e+00
4192        ,  2.623400000000000e+00,  2.261856642657915e+00,  2.241063829787234e-02
3151        ,  1.532600000000000e+00,  1.306712018811699e+00,  1.230752688172043e-02
4437        ,  0.000000000000000e+00,  1.431627269445913e-01,  0.000000000000000e+00
3656        ,  2.389100000000000e+00,  2.020570423237825e+00,  1.985841584158416e-02
3799        ,  3.415900000000000e+00,  2.948487831335527e+00,  2.967352941176470e-02
5062        ,  4.345800000000000e+00,  4.468764781876548e+00,  4.575436893203883e-02
5012        ,  0.000000000000000e+00,  1.431627269445913e-01,  0.000000000000000e+00
4716        ,  3.336500000000000e+00,  3.166653079338656e+00,  3.198118811881188e-02
3320        ,  0.000000000000000e+00,  1.431627269445913e-01,  0.000000000000000e+00
3210        ,  7.141999999999999e-01,  7.785098415845899e-01,  6.720430107526882e-03
4990        ,  3.729400000000000e+00,  3.246964980591066e+00,  3.283069306930693e-02
3369        ,  0.000000000000000e+00,  1.431627269445913e-01,  0.000000000000000e+00
3612        ,  2.530999999999999e-01,  4.140139529031296e-01,  2.864948453608250e-03
3466        ,  8.565000000000000e-01,  9.854250691742564e-01,  8.909090909090910e-03
3673        ,  0.000000000000000e+00,  1.431627269445913e-01,  0.000000000000000e+00
3630        ,  3.936000000000000e+00,  3.865271380828792e+00,  3.937087378640777e-02
3988        ,  1.247000000000000e+00,  1.269712483325925e+00,  1.191616161616162e-02
5274        ,  2.598400000000000e+00,  5.023427994428881e+00,  5.162135922330097e-02
5098        ,  2.883100000000000e+00,  2.450131351203217e+00,  2.440212765957447e-02
5253        ,  4.834600000000000e+00,  4.643062891056918e+00,  4.759801980198020e-02
3828        ,  3.228500000000000e+00,  3.208587498640614e+00,  3.242475247524752e-02
3094        ,  0.000000000000000e+00,  1.431627269445913e-01,  0.000000000000000e+00
3008        ,  0.000000000000000e+00,  1.431627269445913e-01,  0.000000000000000e+00
5039        ,  8.927999999999998e-01,  1.431627269445913e-01,  0.000000000000000e+00
3787        ,  0.000000000000000e+00,  1.431627269445913e-01,  0.000000000000000e+00
3348        ,  0.000000000000000e+00,  1.431627269445913e-01,  0.000000000000000e+00
4605        ,  8.457000000000000e-01,  6.837236007588920e-01,  5.717821782178219e-03
3548        ,  0.000000000000000e+00,  1.431627269445913e-01,  0.000000000000000e+00
4252        ,  1.628000000000003e-01,  1.431627269445913e-01,  0.000000000000000e+00
4910        ,  0.000000000000000e+00,  1.431627269445913e-01,  0.000000000000000e+00
5911        ,  1.002100000000000e+00,  1.695236405885492e+00,  1.641717171717172e-02
4464        ,  2.394400000000000e+00,  1.951210144883471e+00,  1.912475247524752e-02
4866        ,  4.522399999999999e+00,  4.045814577765816e+00,  4.128058252427184e-02
3256        ,  1.546800000000000e+00,  5.536145765854065e-01,  4.341584158415840e-03
4277        ,  2.930600000000000e+00,  2.579571209111246e+00,  2.577128712871287e-02
3649        ,  1.546300000000000e+00,  1.065064726286071e+00,  9.751485148514852e-03
4231        ,  3.127200000000000e+00,  3.149991635955289e+00,  3.180495049504951e-02
5198        ,  3.256600000000000e+00,  3.087090007002352e+00,  3.113960396039604e-02
3940        ,  2.413200000000000e+00,  2.007840331664017e+00,  1.972376237623763e-02
4925        ,  4.453400000000000e+00,  5.145687037804639e+00,  5.291456310679611e-02
5137        ,  3.959000000000001e-01,  5.570363087159483e-01,  4.377777777777778e-03
3327        ,  1.875800000000000e+00,  1.350856477057835e+00,  1.277446808510638e-02
3038        ,  0.000000000000000e+00,  1.431627269445913e-01,  0.000000000000000e+00
5842        ,  5.800000000000005e-02,  1.431627269445913e-01,  0.000000000000000e+00
4658        ,  2.303800000000000e+00,  2.366863810926948e+00,  2.352135922330097e-02
3939        ,  0.000000000000000e+00,  1.431627269445913e-01,  0.000000000000000e+00
4383        ,  5.411300000000000e+00,  5.030128377436712e+00,  5.169223300970874e-02
3396        ,  2.201400000000000e+00,  2.374901927062253e+00,  2.360638297872341e-02
3007        ,  1.782999999999997e-01,  1.952908641539057e+00,  1.914271844660194e-02
3512        ,  2.296399999999999e+00,  2.216732398052862e+00,  2.193333333333334e-02
4011        ,  0.000000000000000e+00,  1.431627269445913e-01,  0.000000000000000e+00
3624        ,  1.820700000000000e+00,  1.664391651175721e+00,  1.609090909090909e-02
5603        ,  1.377800000000001e+00,  1.596017519992451e+00,  1.536767676767677e-02
3267        ,  2.079300000000000e+00,  8.915345785928792e-01,  7.915957446808506e-03
4512        ,  7.999000000000001e-01,  4.856277880031958e-01,  3.622448979591832e-03
3018        ,  0.000000000000000e+00,  1.890245149235755e-01,  4.851063829787267e-04
4102        ,  1.217700000000000e+00,  1.232706786898432e+00,  1.152473118279570e-02
5256        ,  1.496700000000000e+00,  1.525855404872379e+00,  1.462553191489362e-02
4496        ,  1.123700000000000e+00,  4.958611464307012e-01,  3.730693069306931e-03
3934        ,  1.132800000000000e+00,  9.855016539497673e-01,  8.909900990099010e-03
5810        ,  1.667300000000000e+00,  1.818852620980709e+00,  1.772473118279570e-02
4197        ,  1.164100000000000e+00,  9.366405671738258e-01,  8.393069306930699e-03
3301        ,  1.573000000000000e+00,  1.431627269445913e-01,  0.000000000000000e+00
4227        ,  4.606999999999999e-01,  1.043294794728812e+00,  9.521212121212123e-03
3814        ,  2.086700000000000e+00,  1.895796805091598e+00,  1.853861386138614e-02
5086        ,  4.665000000000000e+00,  3.990739301513739e+00,  4.069801980198020e-02
3760        ,  3.901500000000000e+00,  3.541067537391851e+00,  3.594158415841584e-02
4553        ,  3.322600000000000e+00,  3.202596867311763e+00,  3.236138613861386e-02
4307        ,  0.000000000000000e+00,  1.431627269445913e-01,  0.000000000000000e+00
3019        ,  3.700100000000000e+00,  2.532582194625570e+00,  2.527425742574257e-02
5704        ,  2.854299999999999e+00,  3.124475483636107e+00,  3.153505154639175e-02
3736        ,  4.481999999999999e-01,  7.093840755117585e-01,  5.989247311827962e-03
5317        ,  4.574800000000001e+00,  4.223837829910356e+00,  4.316363636363636e-02
3449        ,  5.802000000000000e-01,  6.679523277495463e-01,  5.551000000000001e-03
4770        ,  2.630999999999999e-01,  7.913800488329094e-01,  6.856565656565655e-03
5394        ,  6.362999999999999e-01,  1.403561450980509e+00,  1.333195876288660e-02
3560        ,  1.123000000000000e+00,  3.732092102134422e-01,  2.433333333333335e-03
5697        ,  1.888100000000000e+00,  1.392041061602138e+00,  1.321010101010101e-02
3203        ,  2.789999999999981e-02,  1.431627269445913e-01,  0.000000000000000e+00
4589        ,  1.158500000000000e+00,  1.327120990296782e+00,  1.252340425531915e-02
5184        ,  1.397900000000000e+00,  1.422790321715284e+00,  1.353535353535353e-02
5874        ,  4.438800000000000e+00,  4.969733144297636e+00,  5.105339805825242e-02
3136        ,  1.730999999999998e-01,  4.978296588086475e-01,  3.751515151515151e-03
3534        ,  0.000000000000000e+00,  5.857893253996534e-01,  4.681914893617023e-03
5473        ,  0.000000000000000e+00,  1.431627269445913e-01,  0.000000000000000e+00
3749        ,  2.032700000000000e+00,  2.048438410001328e+00,  2.015319148936170e-02
3192        ,  1.573799999999999e+00,  1.713627242935456e+00,  1.661170212765958e-02
5199        ,  0.000000000000000e+00,  1.461107375565208e-01,  3.118279569892368e-05
5191        ,  2.255300000000000e+00,  2.250570862010216e+00,  2.229126213592233e-02
