0             6|2|mult
1             21|3|mult
2             2|0|mult
3             2|15|div
4             3|20|div
5             17|3|mult
6             18|2|mult
7             24|2|mult
8             4|3|add
9             2|8|div
10            6|0|mult
11            3
12            6|5|mult
13            2|sq
14            3|sqrt
15            2|21|div
16            12|2|mult
17            5|2|mult
18            2|17|div
19            4|sqrt
20            4|16|div
21            2|cb
22            20|3|mult
23            4|cbrt
24            16|3|mult
25            3|sq
26            13|2|mult
27            5|cb
28            2|14|div
29            5|0|mult
30            4|20|div
31            4|nexp
32            1|0|mult
33            2|22|div
34            21|4|mult
35            2|1|mult
36            23|2|mult
37            21|20|mult
38            5|1|mult
39            4
40            4|3|mult
41            12|0|mult
42            13|1|mult
43            2
44            17|4|mult
45            1|15|div
46            5|sq
47            5|15|div
48            2|20|div
49            20|4|mult
50            3|sin
51            12|5|mult
52            3|cb
53            18|5|mult
54            24|1|mult
55            12|cb
56            15|3|mult
57            3|nexp
58            0|cb
59            9|4|add
60            12|1|mult
61            13|0|mult
62            11|4|mult
63            2|16|div
64            1|17|div
65            5|8|div
66            15|4|mult
67            22|3|mult
68            3|16|div
69            11|3|mult
70            4|21|div
71            1|14|div
72            10|3|mult
73            16|4|mult
74            16|1|mult
75            24|5|mult
76            0|sp
77            1
78            20|1|mult
79            3|21|div
80            20|2|mult
81            21|10|mult
82            17|10|mult
83            14|1|mult
84            23|5|mult
85            21|11|mult
86            4|cos
87            0|20|div
88            6|15|div
89            1|cbrt
90            10|4|mult
91            0|16|div
92            18|0|mult
93            21|1|mult
94            2|sp
95            12|15|div
96            5|sp
97            17|11|mult
98            12|sq
99            9|3|add
100           22|4|mult
101           13|2|add
102           0|15|div
103           22|1|mult
104           13|6|mult
105           4|sq
106           6|1|add
107           3|exp
108           21|2|mult
109           17|1|mult
110           16|2|mult
111           24|6|mult
112           0|sq
113           1|20|div
114           2|11|div
115           4|17|div
116           13|5|mult
117           1|11|div
118           18|1|mult
119           0|22|div
120           18|12|mult
121           12|8|div
122           6|14|div
123           17|2|mult
124           8|1|mult
125           23|0|mult
126           16|10|mult
127           20|10|mult
128           0|14|div
129           0|17|div
130           5|21|div
131           6|1|mult
132           16|15|mult
133           14|4|mult
134           22|2|mult
135           11|10|add
136           14|3|mult
137           6|22|div
138           10
139           5|17|div
140           24|12|mult
141           24|0|mult
142           15|10|mult
143           3|sp
144           20|17|mult
145           20|11|mult
146           15|11|mult
147           19|10|add
148           23|12|mult
149           1|12|div
150           3|17|div
151           6|17|div
152           11|1|mult
153           6|21|div
154           14|2|mult
155           0|8|div
156           0
157           20|3|add
158           22|10|mult
159           2|sqrt
160           8|4|mult
161           20|4|add
162           4|cb
163           13|15|div
164           22|11|mult
165           0|sqrt
166           13|12|mult
167           5|22|div
168           0|cbrt
169           8|3|mult
170           5|20|div
171           11
172           1|13|div
173           24|15|div
174           14|10|mult
175           5|14|div
176           20|15|mult
177           21|16|mult
178           6|16|div
179           10|8|mult
180           20|9|add
181           4|22|div
182           2|13|div
183           12|sp
184           23|1|mult
185           3|22|div
186           5|11|div
187           1|8|div
188           24|13|mult
189           11|10|mult
190           1|16|div
191           24|0|add
192           1|5|div
193           21|inv
194           10|cbrt
195           11|abs
196           15|1|mult
197           15|inv
198           13|17|div
199           13|16|div
200           12|5|abd
201           4|13|div
202           22|16|mult
203           24|20|div
204           11|2|mult
205           9|4|mult
206           21|0|mult
207           14|11|mult
208           6
209           12|21|div
210           19|1|mult
211           12|5|sub
212           22|21|mult
213           13|21|div
214           19|11|add
215           20
216           22|20|mult
217           20|sq
218           21|cbrt
219           24|16|div
220           14|0|mult
221           5
222           6|sqrt
223           10|abs
224           4|exp
225           22|17|mult
226           21|sqrt
227           11|8|mult
228           17|0|mult
229           9|cbrt
230           24|14|div
231           11|sq
232           1|sq
233           10|16|div
234           17|9|mult
235           21
236           20|16|add
237           13|20|div
238           21|15|mult
239           12|11|div
240           12|22|div
241           10|21|div
242           12|17|div
243           15|9|mult
244           24|18|mult
245           12|14|div
246           10|sq
247           20|sqrt
248           3|13|div
249           12|5|add
250           2|cbrt
251           20|cb
252           11|cb
253           21|sq
254           21|9|mult
255           17|16|mult
256           6|cbrt
257           20|16|mult
258           20|0|mult
259           15|cbrt
260           19|10|mult
261           11|20|div
262           24|22|div
263           19|4|mult
264           17|15|mult
265           16|14|mult
266           24|21|div
267           24|17|div
268           24|23|mult
269           20|cbrt
270           15|sqrt
271           16|0|mult
272           16|9|add
273           17|14|mult
274           21|14|mult
275           6|8|div
276           22|9|mult
277           1|24|div
278           12|20|div
279           21|cb
280           9|sqrt
281           22|0|div
282           18|13|mult
283           18|15|div
284           4|14|div
285           16|3|add
286           20|14|mult
287           10|9|mult
288           13|cb
289           11|9|mult
290           14|9|mult
291           2|12|div
292           9|3|mult
293           10|17|div
294           15|2|mult
295           18|14|div
296           15|0|div
297           23|15|div
298           21|6|mult
299           21|17|add
300           14|0|div
301           13|0|div
302           22|cbrt
303           4|0|div
304           15
305           22|sqrt
306           18|16|div
307           9|8|mult
308           16|4|add
309           21|0|div
310           17|6|mult
311           20|4|sub
312           20|log
313           10|22|div
314           12|0|div
315           17|0|div
316           24|8|div
317           11|sp
318           22|inv
319           3|0|div
320           12|16|div
321           16|9|mult
322           16|0|div
323           13|sq
324           22
325           3|14|div
326           13|14|div
327           23|13|mult
328           20|0|div
329           7|cbrt
330           15|13|div
331           0|inv
332           15|0|mult
333           22|14|add
334           10|0|div
335           18|1|add
336           18|20|div
337           21|17|mult
338           9|nexp
339           8|0|div
340           23|20|div
341           6|sq
342           18|22|div
343           14|cbrt
344           22|15|mult
345           20|6|mult
346           9|20|div
347           19|15|mult
348           14|sqrt
349           19|sqrt
350           21|sp
351           15|14|mult
352           13|22|div
353           23|14|div
354           9
355           22|13|div
356           11|0|div
357           20|5|mult
358           10|13|div
359           7|sqrt
360           13|10|mult
361           8|13|div
362           14
363           4|sp
364           22|14|mult
365           11|21|div
366           17|inv
367           14|13|div
368           22|19|mult
369           22|sq
370           16|6|mult
371           20|9|mult
372           1|6|div
373           21|15|div
374           19|17|mult
375           23|16|div
376           21|19|mult
377           16
378           21|5|mult
379           24
380           12
381           16|sq
382           18|6|add
383           23|21|div
384           22|8|mult
385           15|8|mult
386           17|13|div
387           23|sqrt
388           23|17|div
389           23|22|div
390           1|18|div
391           16|sqrt
392           14|8|mult
393           24|sqrt
394           5|0|div
395           8|2|mult
396           9|0|div
397           16|cbrt
398           20|sp
399           16|8|mult
#-----------------------------------------------------------------------
400           12|4|mult
401           5|4|mult
402           12|3|mult
403           4|2|mult
404           5|3|mult
405           6|0|mult
406           22|15|div
407           15|22|div
408           17|8|mult
409           21|8|mult
410           11|cbrt
411           3|2|mult
412           20|15|div
413           10|20|div
414           20|8|mult
415           12|9|mult
416           8|cbrt
417           8|sqrt
418           8|log
419           16|8|add
420           20|8|add
421           8|3|add
422           8|4|add
423           9|8|add
424           8
425           9|8|abd
426           8|4|sub
427           8|3|sub
428           17|cbrt
429           20|8|sub
430           16|8|sub
431           17|sqrt
432           15|14|div
433           17
434           9|5|mult
435           12|10|mult
436           9|2|mult
437           2|0|div
438           14|15|div
439           17|sq
440           22|8|mult
441           17|cb
442           8|inv
443           8|sq
444           16|11|mult
445           3|cbrt
446           10|5|mult
447           13|11|mult
448           0|21|div
449           20|21|div
450           17|sp
451           20|sin
452           0|1|div
453           15|sq
454           10|cb
455           16|15|div
456           20|8|div
457           8|21|div
458           8|17|div
459           8|cb
460           13|8|div
461           12|11|mult
462           20|17|div
463           15|21|div
464           7|14|div
465           12|8|mult
466           8|5|mult
467           7|2|mult
468           22|8|div
469           12|7|mult
470           16|8|div
471           8|20|div
472           21|8|div
473           7|5|mult
474           24|12|div
475           22|7|add
476           9|7|mult
477           14|12|mult
478           18|8|div
479           22|0|mult
480           21|7|mult
481           12|6|mult
482           14|7|add
483           10|7|mult
484           7|3|mult
485           7|20|div
486           7
487           20|7|mult
488           13|7|mult
489           18|17|div
490           19|14|mult
491           8|22|div
492           7|17|div
493           14|7|sub
494           16|7|mult
495           22|cb
496           15|17|div
497           2|5|div
498           7|21|div
499           19|cbrt
500           11|7|mult
501           15|12|mult
502           17|8|div
503           7|13|div
504           13|8|mult
505           22|7|sub
506           7|15|div
507           17|7|mult
508           7|4|mult
509           7|22|div
510           18|21|div
511           14|sq
512           7|11|div
513           7|16|div
514           19|8|mult
515           12|cbrt
516           22|7|mult
517           13|5|div
518           12|inv
519           19|3|mult
520           24|5|div
521           4|12|div
522           20|12|div
523           17|15|div
524           21|12|div
525           14|inv
526           15|7|mult
527           0|12|div
528           19|0|div
529           20|14|div
530           18|12|div
531           24|8|mult
532           6|20|div
533           3|12|div
534           5|cbrt
535           23|8|div
536           22|12|mult
537           14|5|mult
538           22|7|abd
539           7|8|div
540           17|12|div
541           14|cb
542           14|7|mult
543           16|12|div
544           11|16|div
545           8|7|mult
546           15|cb
547           14|7|abd
548           0|5|div
549           23|12|div
550           10|sp
551           15|13|mult
552           4|5|div
553           24|7|mult
554           5|inv
555           16|5|mult
556           13|18|div
557           20|5|div
558           11|5|mult
559           16|12|mult
560           24|cbrt
561           21|5|div
562           24|0|div
563           18|5|div
564           12|sqrt
565           20|22|div
566           3|5|div
567           6|12|div
568           17|5|div
569           23|5|div
570           8|14|div
571           16|5|div
572           13|9|mult
573           19|16|mult
574           8|16|div
575           18|sqrt
576           19|11|mult
577           22|12|div
578           7|1|mult
579           5|sqrt
580           14|8|div
581           12|13|div
582           19
583           20|19|mult
584           15|5|mult
585           18|7|mult
586           24|20|mult
587           19|20|div
588           20|cos
589           0|24|div
590           7|sq
591           20|exp
592           18|cbrt
593           7|0|div
594           13|6|div
595           19|13|mult
596           24|sq
597           18
598           14|20|div
599           17|5|mult
600           1|0|div
601           22|5|mult
602           15|16|div
603           9|12|div
604           19|9|mult
605           16|17|div
606           13|sp
607           1|21|div
608           23|cbrt
609           20|12|mult
610           22|5|div
611           21|12|mult
612           1|22|div
613           14|sp
614           16|21|div
615           17|12|mult
616           5|24|div
617           9|cb
618           4|sin
619           19|7|mult
620           19|16|div
621           0|13|div
622           7|6|mult
623           9|sq
624           10|14|div
625           15|20|div
626           15|8|div
627           24|16|mult
628           19|2|mult
629           6|0|div
630           24|15|mult
631           20|18|mult
632           9|5|div
633           19|12|mult
634           9|exp
635           22|sp
636           24|11|div
637           7|cb
638           21|17|abd
639           22|20|div
640           24|cb
641           9|sin
642           8|sp
643           14|12|div
644           23|18|add
645           18|6|abd
646           18|6|sub
647           0|18|div
648           0|6|div
649           18|1|abd
650           11|15|div
651           7|0|mult
652           17|20|div
653           12|2|div
654           16|log
655           9|17|div
656           12|24|div
657           17|16|div
658           18|15|mult
659           23|6|add
660           19|21|div
661           0|11|div
662           6|13|div
663           17|21|div
664           19|17|div
665           19|8|div
666           23|1|add
667           11|17|div
668           14|16|div
669           10|12|div
670           14|21|div
671           10|24|div
672           14|5|div
673           4|15|div
674           16|20|div
675           21|17|div
676           9|22|div
677           18|16|mult
678           23|13|div
679           11|12|div
680           22|14|sub
681           12|1|div
682           16|14|div
683           23|11|div
684           23
685           21|13|div
686           21|16|div
687           11|0|mult
688           16|inv
689           9|3|abd
690           19|1|div
691           9|3|sub
692           5|2|div
693           9|14|div
694           3|15|div
695           19|13|div
696           5|13|div
697           24|sp
698           21|18|mult
699           18|sq
700           4|24|div
701           8|15|div
702           5|1|div
703           18|6|mult
704           23|1|sub
705           9|21|div
706           2|18|div
707           23|7|mult
708           2|24|div
709           9|16|div
710           3|0|mult
711           15|6|mult
712           18|17|mult
713           11|13|div
714           1|sqrt
715           23|20|mult
716           15|5|div
717           18|2|div
718           11|22|div
719           4|2|div
720           4|8|div
721           16|24|div
722           3|cos
723           21|24|div
724           23|6|mult
725           20|16|sub
726           16|4|sub
727           11|24|div
728           14|17|div
729           3|24|div
730           3|2|div
731           20|16|div
732           10|5|div
733           9|15|div
734           24|10|mult
735           19|5|mult
736           16|3|sub
737           23|2|div
738           11|5|div
739           24|18|div
740           9|1|mult
741           18|13|div
742           17|24|div
743           9|2|div
744           24|21|mult
745           13|2|sub
746           24|9|mult
747           23|18|mult
748           21|20|div
749           13|2|div
750           6|1|abd
751           9|4|sub
752           19|22|div
753           19|0|mult
754           16|9|sub
755           2|inv
756           23|0|div
757           20|2|div
758           13|4|mult
759           8|12|div
760           22|21|div
761           22|16|div
762           18|11|div
763           16|2|div
764           7|1|div
765           0|2|div
766           10|18|div
767           23|16|mult
768           13
769           18|cb
770           17|2|div
771           24|0|abd
772           21|2|div
773           22|14|div
774           9|13|div
775           24|19|mult
776           6|4|mult
777           17|18|div
778           10|1|div
779           20|24|div
780           20|13|mult
781           4|0|mult
782           16|22|div
783           19|14|div
784           24|inv
785           21|18|div
786           15|18|div
787           8|0|mult
788           18|inv
789           24|6|div
790           16|cb
791           20|18|div
792           7|sp
793           16|18|div
794           1|cb
795           22|2|div
796           8|24|div
797           22|24|div
798           10|8|div
799           8|5|div
#-----------------------------------------------------------------------
