# FEAT_ID     Feature Postfix Expression (RPN)
0             6|2|mult
1             21|3|mult
2             2|0|mult
3             2|27|div
4             2|15|div
5             17|3|mult
6             2|28|div
7             3|20|div
8             24|2|mult
9             18|2|mult
10            2|8|div
11            12|2|mult
12            2|sq
13            4|3|add
14            2|cb
15            3
16            26|2|mult
17            5|2|mult
18            29|2|mult
19            2|21|div
20            2|25|div
21            2|17|div
22            13|2|mult
23            4|16|div
24            6|5|mult
25            3|sqrt
26            6|0|mult
27            4|sqrt
28            2|23|div
29            5|cb
30            16|3|mult
31            2|14|div
32            4|20|div
33            3|sq
34            21|4|mult
35            20|3|mult
36            4|cbrt
37            5|0|mult
38            28|3|mult
39            2|1|mult
40            12|cb
41            4
42            4|3|mult
43            1|0|mult
44            12|0|mult
45            3|cbrt
46            5|1|mult
47            4|nexp
48            29|1|mult
49            17|4|mult
50            2
51            12|5|mult
52            28|4|mult
53            3|sin
54            21|20|mult
55            5|sq
56            1|27|div
57            1|28|div
58            20|4|mult
59            29|0|mult
60            12|6|mult
61            2|sp
62            2|20|div
63            3|cb
64            1|15|div
65            15|3|mult
66            5|27|div
67            24|1|mult
68            5|15|div
69            12|1|mult
70            11|4|mult
71            28|16|mult
72            9|4|add
73            10|3|mult
74            15|4|mult
75            29|5|mult
76            17|10|mult
77            26|1|mult
78            29|6|mult
79            0|cb
80            21|10|mult
81            2|16|div
82            13|0|mult
83            5|28|div
84            16|4|mult
85            0|28|div
86            1|17|div
87            1|sqrt
88            20|2|mult
89            11|3|mult
90            18|5|mult
91            1|23|div
92            5|8|div
93            12|sq
94            23|3|mult
95            4|21|div
96            10|4|mult
97            3|nexp
98            1|14|div
99            21|11|mult
100           1|21|div
101           5|sp
102           17|11|mult
103           6|27|div
104           0|sp
105           1
106           16|1|mult
107           24|5|mult
108           20|1|mult
109           14|1|mult
110           4|sq
111           29|12|mult
112           3|16|div
113           22|5|mult
114           12|sp
115           23|4|mult
116           21|2|mult
117           28|10|mult
118           13|2|add
119           3|21|div
120           12|27|div
121           21|1|mult
122           16|2|mult
123           4|cos
124           3|exp
125           5|25|div
126           12|15|div
127           13|5|mult
128           9|3|add
129           23|1|mult
130           16|10|mult
131           1|cbrt
132           13|6|mult
133           2|11|div
134           20|10|mult
135           26|0|mult
136           0|20|div
137           0|16|div
138           17|2|mult
139           17|1|mult
140           6|15|div
141           12|8|div
142           6|1|add
143           10
144           3|26|div
145           12|28|div
146           28|11|mult
147           26|5|mult
148           4|17|div
149           11|10|add
150           6|28|div
151           16|11|mult
152           18|1|mult
153           14|4|mult
154           0|15|div
155           15|10|mult
156           0|sq
157           16|15|mult
158           18|0|mult
159           23|2|mult
160           6|1|mult
161           8|1|mult
162           0|23|div
163           24|6|mult
164           28|inv
165           24|12|mult
166           14|3|mult
167           18|12|mult
168           3|sp
169           20|17|mult
170           19|10|add
171           22|12|mult
172           15|11|mult
173           0|17|div
174           22|0|mult
175           26|6|mult
176           11|cbrt
177           27|4|mult
178           6|14|div
179           26|28|div
180           13|12|mult
181           5|21|div
182           26|15|div
183           20|11|mult
184           1|20|div
185           1|11|div
186           4|26|div
187           0|27|div
188           25|20|add
189           6|25|div
190           14|2|mult
191           5|17|div
192           28|20|mult
193           0|21|div
194           23|10|mult
195           29|27|div
196           6|23|div
197           4|cb
198           12|25|div
199           11|1|mult
200           24|0|mult
201           8|4|mult
202           10|20|div
203           1|26|div
204           10|26|div
205           23|11|mult
206           27|3|mult
207           29|2|add
208           14|10|mult
209           8|3|mult
210           11|10|mult
211           10|8|mult
212           11
213           1|25|div
214           6|17|div
215           2|sqrt
216           4|28|div
217           21|16|mult
218           29|18|mult
219           1|12|div
220           13|15|div
221           24|15|div
222           22|1|mult
223           6|21|div
224           13|28|div
225           20|15|mult
226           5|23|div
227           24|13|mult
228           6|20|div
229           29|28|div
230           29|15|div
231           10|abs
232           3|17|div
233           0
234           4|23|div
235           26|12|mult
236           27|10|mult
237           29|25|div
238           0|cbrt
239           0|sqrt
240           11|abs
241           11|26|div
242           1|13|div
243           5|14|div
244           0|8|div
245           1|8|div
246           24|27|div
247           5|20|div
248           13|17|div
249           26|22|mult
250           0|25|div
251           10|cbrt
252           29|13|mult
253           11|2|mult
254           10|sq
255           21|inv
256           24|0|add
257           24|25|div
258           5|11|div
259           23|16|mult
260           2|13|div
261           14|11|mult
262           6|16|div
263           4|exp
264           24|20|div
265           10|16|div
266           9|4|mult
267           4|13|div
268           3|23|div
269           15|1|mult
270           23|17|mult
271           26|27|div
272           13|16|div
273           20|3|add
274           10|cb
275           24|16|div
276           23|21|mult
277           19|11|add
278           11|sq
279           2|26|div
280           11|8|mult
281           20|4|add
282           1|5|div
283           13|27|div
284           10|21|div
285           26|14|div
286           1|16|div
287           15|inv
288           28|2|mult
289           13|21|div
290           21|cbrt
291           1|sq
292           26|24|mult
293           28|1|mult
294           23|20|mult
295           24|14|div
296           29|22|mult
297           21|sqrt
298           26|4|mult
299           27|1|mult
300           26|13|mult
301           6|sqrt
302           17|16|mult
303           12|21|div
304           25|4|mult
305           12|5|abd
306           21
307           20|9|add
308           27|11|mult
309           24|17|div
310           11|cb
311           21|0|mult
312           26|23|div
313           6
314           19|10|mult
315           12|23|div
316           13|25|div
317           5
318           17|9|mult
319           12|17|div
320           28|21|mult
321           12|5|sub
322           12|11|div
323           11|20|div
324           13|cb
325           13|20|div
326           21|15|mult
327           15|9|mult
328           24|23|div
329           19|4|mult
330           24|18|mult
331           24|21|div
332           2|12|div
333           21|sq
334           12|14|div
335           6|cbrt
336           22|27|div
337           16|14|mult
338           17|14|mult
339           10|9|mult
340           25|10|mult
341           28|cbrt
342           17|15|mult
343           23|0|div
344           18|13|mult
345           25|19|mult
346           3|13|div
347           2|cbrt
348           26|17|div
349           20|16|add
#-----------------------------------------------------------------------
350           21|cb
351           5|4|mult
352           12|4|mult
353           21|sp
354           26|25|div
355           21|17|add
356           12|3|mult
357           29|4|mult
358           21|17|mult
359           5|3|mult
360           25|log
361           25|3|add
362           25|4|add
363           4|2|mult
364           17|8|mult
365           25|cbrt
366           25|9|add
367           25|inv
368           21|8|mult
369           25|3|mult
370           25|sqrt
371           16|8|mult
372           17|inv
373           28|25|mult
374           25|11|mult
375           25|21|mult
376           25|nexp
377           20|25|div
378           25|15|mult
379           25|17|mult
380           17|cbrt
381           20|8|mult
382           17|sqrt
383           25|16|mult
384           17
385           25|20|mult
386           8|sqrt
387           16|8|add
388           8|cbrt
389           15|cbrt
390           25|8|add
391           20|8|add
392           8|4|add
393           8|3|add
394           9|8|add
395           8
396           9|8|sub
397           8|3|sub
398           8|4|sub
399           20|8|sub
400           25|8|sub
401           25
402           21|25|div
403           16|8|sub
404           8|log
405           15|sqrt
406           17|sq
407           16|25|div
408           22|2|mult
409           12|0|div
410           28|8|mult
411           12|9|mult
412           27|25|mult
413           3|2|mult
414           26|8|div
415           8|26|div
416           20|15|div
417           15|8|mult
418           17|25|div
419           17|cb
420           5|0|div
421           25|20|div
422           25|26|div
423           29|3|mult
424           24|8|div
425           9|5|mult
426           25|8|mult
427           20|sin
428           25|16|div
429           2|0|div
430           26|2|mult
431           8|sq
432           23|8|mult
433           15
434           29|10|mult
435           25|21|div
436           17|sp
437           25|14|mult
438           28|15|add
439           12|10|mult
440           25|17|div
441           28|17|mult
442           25|9|mult
443           20|28|div
444           20|21|div
445           22|25|div
446           28|15|sub
447           13|10|mult
448           9|2|mult
449           23|25|div
450           8|inv
451           15|23|div
452           14|8|mult
453           9|8|mult
454           15|26|div
455           29|25|mult
456           29|8|mult
457           25|23|div
458           21|14|mult
459           20|17|div
460           23|15|div
461           13|11|mult
462           27|8|mult
463           29|15|mult
464           8|21|div
465           10|5|mult
466           28|23|mult
467           15|28|div
468           15|14|div
469           26|21|div
470           25|13|div
471           23|15|mult
472           8|cb
473           25|4|sub
474           20|8|div
475           12|8|mult
476           28|sqrt
477           25|28|div
478           25|0|div
479           25|sq
480           25|3|sub
481           21|15|div
482           12|11|mult
483           25|14|div
484           0|1|div
485           3|25|div
486           28|14|mult
487           18|15|div
488           8|5|mult
489           15|0|div
490           15|14|mult
491           14|0|div
492           25|9|sub
493           24|12|div
494           26|25|mult
495           25|5|mult
496           13|0|div
497           8|17|div
498           28|25|div
499           14|15|div
500           10|0|div
501           26|18|mult
502           29|11|mult
503           12|cbrt
504           18|16|div
505           16|15|div
506           25|13|mult
507           28|15|div
508           15|sq
509           25|12|mult
510           21|0|div
511           7|27|div
512           29|27|mult
513           27|inv
514           4|0|div
515           17|0|div
516           18|27|div
517           18|14|div
518           29|0|div
519           7|14|div
520           18|17|div
521           27|21|mult
522           17|26|div
523           27|15|add
524           8|0|div
525           12|inv
526           8|13|div
527           18|8|div
528           16|0|div
529           3|0|div
530           13|8|mult
531           18|21|div
532           14|12|mult
533           24|5|div
534           19|15|mult
535           4|12|div
536           8|23|div
537           13|12|div
538           18|12|div
539           20|12|div
540           27|17|mult
541           23
542           25|27|div
543           24|28|div
544           8|28|div
545           7|sqrt
546           21|12|div
547           28
548           5|cbrt
549           28|0|div
550           21|26|div
551           23|sqrt
552           20|0|div
553           13|8|div
554           23|cbrt
555           23|14|mult
556           23|8|div
557           11|0|div
558           23|14|add
559           18|28|div
560           12|7|mult
561           23|sq
562           11|5|mult
563           3|12|div
564           6|8|div
565           7|2|mult
566           25|4|abd
567           14|9|mult
568           29|14|mult
569           17|12|div
570           13|1|mult
571           23|26|div
572           7|5|mult
573           14|25|div
574           9|0|div
575           28|15|mult
576           18|23|div
577           16|8|div
578           29|28|mult
579           14|5|mult
580           13|5|div
581           19|8|mult
582           29|9|mult
583           16|12|div
584           23|7|add
585           21|8|div
586           21|7|mult
587           27|23|mult
588           10|7|mult
589           5|26|div
590           18|20|div
591           16|5|mult
592           27|12|mult
593           28|26|div
594           14|7|add
595           27|0|div
596           23|19|mult
597           7|3|mult
598           15|21|div
599           14|26|div
600           11|25|div
601           7|20|div
602           7|cbrt
603           25|24|mult
604           7
605           16|7|mult
606           28|7|mult
607           5|inv
608           4|5|div
609           20|7|mult
610           20|27|div
611           18|5|div
612           25|9|abd
613           12|sqrt
614           14
615           13|7|mult
616           23|9|mult
617           10|23|div
618           14|7|sub
619           9|7|mult
620           22|12|div
621           7|15|div
622           20|5|div
623           14|sqrt
624           7|4|mult
625           17|7|mult
626           28|8|div
627           2|5|div
628           11|7|mult
629           7|13|div
630           19|17|mult
631           14|cbrt
632           23|7|sub
633           10|sp
634           7|21|div
635           21|5|div
636           25|15|div
637           7|23|div
638           7|17|div
639           7|11|div
640           10|17|div
641           23|cb
642           19|14|mult
643           28|19|mult
644           23|12|mult
645           21|19|mult
646           4|25|div
647           23|7|mult
648           14|sq
649           15|12|mult
650           26|10|mult
651           7|28|div
652           10|28|div
653           19|26|div
654           29|23|mult
655           3|5|div
656           16|12|mult
657           17|5|div
658           27|15|mult
659           8|20|div
660           5|sqrt
661           19|3|mult
662           7|16|div
663           20|14|mult
664           18|1|add
665           28|9|mult
666           26|16|div
667           12|26|div
668           6|12|div
669           23|12|div
670           27|14|mult
671           0|14|div
672           18|sqrt
673           27|16|mult
674           7|8|div
675           28|12|div
676           26|8|mult
677           15|13|div
678           16|5|div
679           19|sqrt
680           19|cbrt
681           12|13|div
682           15|7|mult
683           7|26|div
684           8|14|div
685           13|sp
686           27|cbrt
687           22|5|div
688           26|7|mult
689           26|0|div
690           24|8|mult
691           27|9|mult
692           29|7|mult
693           11|9|mult
694           27|19|mult
695           0|12|div
696           23|7|abd
697           25|2|mult
698           20|0|mult
699           23|5|mult
#-----------------------------------------------------------------------
700           28|11|mult
701           11|sp
702           10|0|div
703           19|16|mult
704           0|inv
705           19|11|mult
706           20|19|mult
707           19
708           19|20|div
709           19|13|mult
710           14|inv
711           29|19|mult
712           9|3|mult
713           9|sq
714           19|0|div
715           19|21|div
716           28|3|mult
717           9|sin
718           16|9|mult
719           21|9|mult
720           19|28|div
721           9|cb
722           9|20|div
723           19|16|div
724           19|17|div
725           3|cos
726           9|abs
727           9
728           15|5|mult
729           11|21|div
730           20|14|div
731           19|13|div
732           10|13|div
733           19|9|mult
734           19|12|mult
735           20|9|mult
736           25|inv
737           28|5|mult
738           23|inv
739           19|5|mult
740           27|5|mult
741           18|25|div
742           24|0|div
743           19|23|div
744           23|13|div
745           10|1|div
746           9|21|div
747           14|13|div
748           4|sin
749           19|1|div
750           25|1|div
751           24|19|mult
752           9|26|div
753           26|19|mult
754           10|27|div
755           11|1|div
756           19|27|div
757           15|13|mult
758           11|17|div
759           9|17|div
760           7|0|mult
761           11|13|div
762           14|21|div
763           19|14|div
764           9|exp
765           9|13|div
766           19|15|div
767           9|sqrt
768           19|8|div
769           4|sp
770           10|14|div
771           17|5|mult
772           21|14|div
773           11|16|div
774           23|21|div
775           9|sp
776           21|5|mult
777           12|1|div
778           14|1|div
779           4|1|div
780           28|20|mult
781           20|23|div
782           14|cb
783           2|1|div
784           5|1|div
785           11|28|div
786           24|7|mult
787           29|13|sub
788           25|20|abd
789           9|28|div
790           23|1|div
791           9|cbrt
792           9|23|div
793           5|13|div
794           26|9|mult
795           17|13|div
796           15|1|div
797           29|17|mult
798           10|15|div
799           19|2|mult
800           11|27|div
801           20|5|mult
802           3|1|div
803           13|14|div
804           27|7|mult
805           29|26|div
806           9|25|div
807           20|sp
808           9|27|div
809           14|17|div
810           14|7|abd
811           8|7|mult
812           11|23|div
813           24|10|mult
814           7|1|div
815           17|1|div
816           29|1|div
817           28|1|div
818           9|14|div
819           28|13|div
820           29|21|mult
821           23|14|div
822           17|12|mult
823           9|1|div
824           26|11|mult
825           21|13|div
826           21|12|mult
827           7|0|div
828           12|5|add
829           21|1|div
830           11|14|div
831           29|13|div
832           23|14|abd
833           23|14|sub
834           14|28|div
835           10|25|div
836           16|1|div
837           16|14|div
838           28|13|mult
839           24|11|mult
840           28|15|abd
841           21|23|div
842           24|9|mult
843           16|13|div
844           13|18|div
845           7|sq
846           25|23|mult
847           20|cb
848           25|11|div
849           19|7|mult
850           9|3|sub
851           1|inv
852           13|9|mult
853           14|sp
854           27|13|mult
855           9|15|div
856           20|1|div
857           18|6|abd
858           18|6|sub
859           19|sq
860           23|17|div
861           27|1|div
862           29|16|mult
863           25|7|mult
864           5|29|div
865           20|12|mult
866           13|23|div
867           20|sq
868           15|2|mult
869           13|6|div
870           8|1|div
871           3|15|div
872           25|0|mult
873           11|15|div
874           7|5|div
875           17|14|div
876           19|24|div
877           9|4|sub
878           12
879           20|18|mult
880           19|10|abd
881           22|cbrt
882           28|14|div
883           5|16|div
884           27|2|mult
885           7|cb
886           28|23|div
887           20|13|div
888           7|25|div
889           18|1|abd
890           6|22|div
891           29|sqrt
892           20|4|sub
893           7|12|div
894           13|cbrt
895           18
896           24|15|mult
897           13|sqrt
898           10|2|mult
899           14|23|div
900           18|6|div
901           27|13|div
902           20|9|sub
903           23|sp
904           29|cbrt
905           22|sqrt
906           7|1|mult
907           8|0|mult
908           13
909           15|cb
910           18|16|mult
911           29
912           9|nexp
913           20|3|sub
914           22|15|div
915           14|8|div
916           16|9|add
917           29|20|mult
918           10|8|div
919           20|8|abd
920           10|29|div
921           18|3|mult
922           8|2|mult
923           18|cbrt
924           25|16|add
925           7|29|div
926           13|2|sub
927           26|20|div
928           18|13|div
929           14|27|div
930           20
931           15|27|div
932           13|inv
933           18|sq
934           29|20|div
935           22|13|div
936           20|13|mult
937           13|sq
938           26|14|mult
939           11|8|div
940           14|16|div
941           12|20|div
942           22|8|div
943           13|26|div
944           12|16|div
945           22|14|div
946           18|7|mult
947           18|6|add
948           29|13|add
949           19|29|div
950           26|1|div
951           21|18|mult
952           8|16|div
953           18|0|div
954           16|3|add
955           5|24|div
956           15|17|div
957           27|0|mult
958           23|20|div
959           27|20|mult
960           16|4|add
961           19|5|div
962           25|5|div
963           17|23|div
964           13|29|div
965           0|18|div
966           23|28|div
967           6|0|div
968           22|28|div
969           18|4|mult
970           18|17|mult
971           18|cb
972           27|26|div
973           18|29|div
974           17|20|div
975           0|6|div
976           9|3|abd
977           16|cb
978           22|6|div
979           12|5|div
980           10|24|div
981           16|26|div
982           29|23|div
983           18|11|div
984           29|16|div
985           27|25|div
986           28|sq
987           26|13|div
988           16|sq
989           29|2|sub
990           29|2|abd
991           9|24|div
992           26|12|div
993           20|16|mult
994           5|12|div
995           15|0|mult
996           11|24|div
997           26|18|div
998           22|20|div
999           8|25|div
1000          17|13|mult
1001          29|24|div
1002          16|23|div
1003          8|27|div
1004          26|sq
1005          4|27|div
1006          20|cos
1007          25|cb
1008          4|1|mult
1009          20|sqrt
1010          16|sp
1011          19|11|div
1012          26
1013          22|18|add
1014          22|17|div
1015          27|14|div
1016          17|8|div
1017          3|8|div
1018          22|16|div
1019          22|11|div
1020          19|12|div
1021          3|28|div
1022          29|13|abd
1023          21|13|mult
1024          20|26|div
1025          15|25|div
1026          5|2|div
1027          16
1028          26|cb
1029          25|1|mult
1030          26|sqrt
1031          28|18|mult
1032          7|6|mult
1033          12|29|div
1034          11|29|div
1035          28|27|mult
1036          15|16|div
1037          21|20|div
1038          18|1|div
1039          11|10|sub
1040          11|10|abd
1041          24|4|mult
1042          26|cbrt
1043          16|21|div
1044          19|0|mult
1045          19|18|mult
1046          6|5|div
1047          18|sp
1048          3|24|div
1049          22|21|div
#-----------------------------------------------------------------------
