# FEAT_ID     Feature Postfix Expression (RPN)
0             242|191|div
1             243|223|mult
2             240|12|add
3             269|190|mult
4             17|46|div
5             242|0|mult
6             210|55|mult
7             281|244|mult
8             233|30|div
9             59|88|div
10            285|12|add
11            281|2|mult
12            234|54|add
13            281|53|mult
14            242|35|mult
15            284|241|add
16            234|sp
17            289|16|mult
18            281|234|mult
19            253|38|mult
20            285|241|div
21            9|30|div
22            10|191|div
23            241|cbrt
24            286|9|mult
25            244|12|add
26            10|sq
27            281|246|mult
28            286|49|mult
29            256|210|div
30            244|3|mult
31            244|cb
32            242|192|div
33            284|185|add
34            281|12|mult
35            10|210|div
36            243|210|div
37            289|34|div
38            243|3|mult
39            234|12|add
40            244|30|div
41            10|192|div
42            240|12|mult
43            259|1|mult
44            11|8|add
45            10|cb
46            241|52|add
47            269|259|mult
48            281|49|mult
49            241|284|div
50            257|185|mult
51            242|cbrt
52            287|9|mult
53            259|192|div
54            220|11|mult
55            24|12|mult
56            54|24|mult
57            243
58            285|54|mult
59            241|sqrt
60            284|242|add
61            289|253|mult
62            54|10|mult
63            269|23|div
64            82|88|div
65            243|52|add
66            242|285|div
67            259|52|mult
68            259|185|mult
69            243|0|mult
70            284|54|add
71            244|12|mult
72            246|4|mult
73            281|54|mult
74            281|48|mult
75            54|49|mult
76            52|11|add
77            285|281|mult
78            243|210|mult
79            259|9|mult
80            241|48|mult
81            243|240|mult
82            286|243|mult
83            285|9|add
84            259|191|div
85            10|30|div
86            241|240|mult
87            240|9|add
88            259|54|mult
89            281|9|mult
90            286|11|add
91            237|132|mult
92            241|8|mult
93            259|3|add
94            242|sqrt
95            285|12|mult
96            284|12|add
97            237|23|div
98            259|190|mult
99            286|241|mult
100           286|10|add
101           281|243|mult
102           229|24|mult
103           234|54|mult
104           242|52|add
105           259|12|mult
106           252|27|mult
107           259|176|div
108           241|53|add
109           241|234|div
110           267|243|mult
111           240|27|mult
112           242|240|mult
113           281|241|mult
114           244|9|add
115           243|8|mult
116           241|286|div
117           285|243|mult
118           244|241|mult
119           241|210|div
120           11|191|div
121           284|12|mult
122           285|259|mult
123           239|136|mult
124           234|12|mult
125           240|9|mult
126           234|9|add
127           243|53|add
128           246|31|mult
129           285|241|mult
130           243|241|add
131           241|27|mult
132           281|259|mult
133           24|210|div
134           281|242|mult
135           27|186|div
136           244|243|mult
137           243|242|add
138           253|28|mult
139           220|189|div
140           286|259|mult
141           244|242|mult
142           243|234|mult
143           244|27|mult
144           49|46|mult
145           244|9|mult
146           241|30|div
147           256|2|mult
148           11|2|add
149           281|10|mult
150           289|46|mult
151           284|243|mult
152           287|281|mult
153           242|8|mult
154           240|30|div
155           242|53|add
156           242|210|div
157           284|54|mult
158           55|8|mult
159           246|0|mult
160           240|185|mult
161           241
162           286|242|mult
163           241|234|mult
164           46|192|div
165           287|12|mult
166           246|40|mult
167           237|34|div
168           242|27|mult
169           269|46|mult
170           285|9|mult
171           259|234|mult
172           11|192|div
173           284|9|add
174           269|267|mult
175           24|sq
176           241|285|div
177           285|242|mult
178           10|2|add
179           284|259|mult
180           244|185|mult
181           233|11|mult
182           240|11|add
183           242|241|add
184           259|24|mult
185           46|11|mult
186           55|inv
187           242
188           281|220|mult
189           24|10|mult
190           284|9|mult
191           284|241|mult
192           287|240|mult
193           243|48|mult
194           49|12|mult
195           281|185|mult
196           11|30|div
197           244|11|add
198           240|10|mult
199           27|184|div
200           229|9|mult
201           46|20|div
202           243|2|mult
203           256|8|mult
204           49|46|add
205           234|9|mult
206           269|34|div
207           240|10|add
208           53|11|add
209           242|210|mult
210           244|10|mult
211           241|210|mult
212           234|185|mult
213           229|192|div
214           49|9|mult
215           257|1|mult
216           229|191|div
217           242|234|mult
218           244|10|add
219           241|2|mult
220           285|10|add
221           11|8|mult
222           243|sq
223           242|cb
224           256|30|div
225           242|30|div
226           240|185|add
227           243|cb
228           220|191|div
229           284|49|mult
230           259|240|mult
231           243|27|mult
232           285|11|add
233           287|10|mult
234           234|11|add
235           263|243|mult
236           242|48|mult
237           284|242|mult
238           287|244|mult
239           259|244|mult
240           244|220|mult
241           27|226|div
242           259|10|mult
243           259|27|add
244           240|49|mult
245           239|132|mult
246           240|220|mult
247           234|10|add
248           259|49|mult
249           241|cb
250           234|185|add
251           46|191|div
252           281|49|add
253           244|25|mult
254           24|cb
255           287|259|mult
256           210|55|div
257           253|27|mult
258           243|233|mult
259           233|55|add
260           243|241|mult
261           244|55|mult
262           286|10|mult
263           243|53|mult
264           240|25|mult
265           243|242|mult
266           240|11|mult
267           243|52|mult
268           243|1|mult
269           24|2|mult
270           242|220|mult
271           243|12|add
272           240|55|mult
273           263|11|mult
274           220|192|div
275           220|49|mult
276           244|11|mult
277           241|sq
278           243|220|mult
279           281|24|mult
280           234|49|mult
281           263|242|mult
282           242|2|mult
283           242|sq
284           244|49|mult
285           285|49|mult
286           241|53|mult
287           243|30|div
288           281|11|mult
289           259|241|mult
290           242|241|mult
291           210|11|div
292           259|242|mult
293           241|12|add
294           244|185|add
295           241|52|mult
296           55|52|mult
297           263|241|mult
298           243|12|mult
299           256|53|mult
300           11|1|mult
301           285|256|mult
302           243|54|add
303           242|12|add
304           243|18|mult
305           284|10|add
306           229|12|mult
307           285|10|mult
308           286|256|mult
309           229|10|mult
310           241|12|mult
311           287|11|mult
312           259|55|mult
313           286|24|mult
314           243|54|mult
315           242|53|mult
316           46|15|div
317           259|229|mult
318           242|52|mult
319           10|2|mult
320           55|1|add
321           241|185|add
322           242|185|add
323           243|9|add
324           241|220|mult
325           259|220|mult
326           242|12|mult
327           242|233|mult
328           234|10|mult
329           241|54|add
330           242|18|mult
331           284|10|mult
332           242|1|mult
333           241|233|mult
334           11|inv
335           256|240|mult
336           241|9|add
337           241|1|mult
338           259|11|mult
339           243|185|add
340           281|55|mult
341           256|244|mult
342           243|9|mult
343           243|10|add
344           185|11|mult
345           241|18|mult
346           285|25|mult
347           243|10|mult
348           284|11|add
349           55|cbrt
350           239|37|div
351           259|243|mult
352           242|54|add
353           256|52|mult
354           242|9|add
355           241|9|mult
356           46|9|mult
357           241|54|mult
358           55|49|mult
359           286|229|mult
360           12|11|add
361           11|sp
362           55|sqrt
363           243|11|add
364           289|190|mult
365           256|234|mult
366           286|55|mult
367           241|10|add
368           242|10|add
369           242|54|mult
370           242|9|mult
371           286|11|mult
372           281|46|add
373           241|10|mult
374           244|229|mult
375           242|10|mult
376           234|25|mult
377           46|19|div
378           284|229|mult
379           243|11|mult
380           240|229|mult
381           49|10|mult
382           12|11|mult
383           55
384           54|11|add
385           285|229|mult
386           284|24|mult
387           244|46|mult
388           281|256|mult
389           49|24|mult
390           284|256|mult
391           285|11|mult
392           259|46|mult
393           241|11|add
394           11|9|add
395           243|185|mult
396           256|54|mult
397           242|11|add
398           234|11|mult
399           243|25|mult
400           240|46|mult
401           241|49|mult
402           287|243|mult
403           281|229|mult
404           256|9|mult
405           52|11|mult
406           243|49|mult
407           55|2|mult
408           48|10|mult
409           286|55|add
410           287|241|mult
411           241|11|mult
412           242|11|mult
413           256|12|mult
414           53|11|mult
415           281|46|mult
416           27|175|div
417           285|55|mult
418           55|2|add
419           243|46|mult
420           11|2|mult
421           241|25|mult
422           46|12|mult
423           242|46|mult
424           284|11|mult
425           11|9|mult
426           55|210|div
427           55|52|add
428           27|182|div
429           241|185|mult
430           242|25|mult
431           11|10|add
432           55|sq
433           27|183|div
434           55|53|mult
435           243|55|mult
436           242|185|mult
437           242|49|mult
438           256|229|mult
439           234|55|mult
440           49|11|mult
441           289|132|mult
442           289|37|div
443           11|cbrt
444           287|242|mult
445           11|210|div
446           55|12|mult
447           11|sqrt
448           27|199|div
449           241|46|mult
450           55|8|add
451           11|10|mult
452           234|229|mult
453           256|241|mult
454           244|55|add
455           240|55|add
456           256|243|mult
457           256|49|mult
458           55|cb
459           285|55|add
460           234|55|add
461           55|9|mult
462           256|242|mult
463           55|53|add
464           11
465           55|sp
466           284|55|mult
467           46|17|div
468           241|55|mult
469           256|24|mult
470           46|8|mult
471           242|55|mult
472           54|11|mult
473           243|229|mult
474           284|55|add
475           257|24|add
476           210|11|mult
477           256|25|add
478           256|24|add
479           55|54|add
480           11|sq
481           256|10|mult
482           11|cb
483           229|11|mult
484           55|54|mult
485           25|11|mult
486           55|12|add
487           242|229|mult
488           55|10|mult
489           243|55|add
490           55|24|mult
491           55|11|add
492           256|55|mult
493           241|229|mult
494           55|9|add
495           241|55|add
496           257|11|mult
497           242|55|add
498           55|10|add
499           55|11|mult
#-----------------------------------------------------------------------
500           245|231|div
501           272|10|mult
502           183|54|abd
503           268|158|add
504           270|181|div
505           242|206|div
506           245|188|div
507           175|10|sub
508           268|186|div
509           3|231|div
510           234|235|div
511           11|177|div
512           0|181|div
513           247|175|div
514           259|27|div
515           31|231|div
516           251|183|div
517           245|177|div
518           268|0|add
519           56|208|div
520           212|3|div
521           235|206|div
522           242|182|sub
523           141|cbrt
524           261|181|div
525           256|206|div
526           285|181|div
527           11|231|div
528           9|231|div
529           267|251|mult
530           208|117|mult
531           268|46|mult
532           256|198|abd
533           190|188|div
534           183|52|div
535           268|157|sub
536           235|191|mult
537           272|37|div
538           114|255|div
539           272|186|div
540           182|1|div
541           272|204|div
542           268|99|sub
543           232|231|div
544           12|181|div
545           268|cb
546           256|57|div
547           247|35|mult
548           251|40|mult
549           249|235|mult
550           249|190|mult
551           272|221|add
552           235|284|div
553           235|11|div
554           281|272|add
555           249|49|mult
556           240|231|div
557           185|182|div
558           240|188|div
559           251|12|mult
560           10|177|div
561           272|195|div
562           57|188|div
563           267|201|div
564           272|162|add
565           182|228|div
566           256|177|div
567           40|177|div
568           11|212|div
569           46|227|div
570           3|188|div
571           10|231|div
572           268|211|div
573           181|14|div
574           267|249|mult
575           234|181|div
576           268|11|mult
577           24|181|div
578           281|14|div
579           249|11|mult
580           242|7|div
581           268|106|abd
582           272|212|div
583           272|177|div
584           235|194|mult
585           11|188|div
586           188|264|div
587           31|188|div
588           270|212|div
589           9|188|div
590           268|216|mult
591           261|188|div
592           25|183|div
593           272|251|mult
594           272|260|mult
595           249|190|add
596           16|206|div
597           288|121|div
598           46|206|div
599           270|201|div
600           49|183|div
601           231|264|div
602           256|226|div
603           235|285|div
604           263|182|div
605           268|10|mult
606           8|256|div
607           57|231|div
608           272|235|mult
609           11|235|div
610           10|212|div
611           272|271|sub
612           268|100|mult
613           272|182|div
614           31|177|div
615           263|251|mult
616           249|16|add
617           49|181|div
618           16|231|div
619           132|231|div
620           272|257|mult
621           31|212|div
622           42|231|div
623           256|212|div
624           272|45|abd
625           268|247|mult
626           268|34|div
627           235|23|div
628           220|226|div
629           272|266|div
630           272|255|div
631           8|181|div
632           243|7|div
633           247
634           272|74|mult
635           10|188|div
636           14|264|div
637           257|198|sub
638           16|152|div
639           10|182|div
640           181|27|div
641           3|181|div
642           241|14|div
643           261|168|div
644           201|23|mult
645           247|228|mult
646           268|160|abd
647           1|175|div
648           251|235|mult
649           42|188|div
650           266|140|mult
651           251|55|mult
652           27|201|div
653           31|181|div
654           235|188|div
655           272|30|div
656           233|175|div
657           268|256|mult
658           136|126|div
659           247|227|div
660           181|57|div
661           182|54|div
662           249|9|mult
663           132|177|div
664           251|247|mult
665           235|286|div
666           11|181|div
667           247|235|mult
668           251|18|div
669           241|177|div
670           272|220|mult
671           229|183|div
672           272|267|mult
673           7|235|div
674           46|201|div
675           10|181|div
676           241|201|div
677           182|54|sub
678           286|251|mult
679           235|234|div
680           190|206|div
681           182|229|div
682           249|132|add
683           272|46|mult
684           243|177|div
685           251|2|mult
686           268|232|add
687           9|181|div
688           272|247|mult
689           251|182|div
690           249|23|add
691           42|181|div
692           117|23|mult
693           188|261|div
694           235|231|div
695           268|241|mult
696           16|188|div
697           231|261|div
698           272|261|mult
699           247|176|div
700           281|57|div
701           241|57|div
702           182|53|sub
703           53|183|div
704           268|6|div
705           268|243|mult
706           247|183|div
707           220|228|div
708           235|20|mult
709           235|177|div
710           272|46|add
711           268|23|div
712           236|7|div
713           247|210|div
714           232|7|div
715           57|264|div
716           235|193|mult
717           267|212|div
718           132|181|div
719           241|212|div
720           247|252|div
721           117|260|div
722           188|34|mult
723           251|53|mult
724           231|34|mult
725           55|183|div
726           233|183|div
727           40|201|div
728           247|36|div
729           181|261|div
730           272|179|div
731           270|34|div
732           285|251|mult
733           256|231|div
734           235|18|mult
735           132|188|div
736           46|177|div
737           182|53|div
738           235|192|mult
739           1|183|div
740           243|57|div
741           266|268|div
742           272|180|div
743           243|212|div
744           243|231|div
745           177|34|mult
746           245|181|div
747           281|268|mult
748           247|12|mult
749           268|242|mult
750           267|208|div
751           244|181|div
752           241|231|div
753           243|201|div
754           247|40|mult
755           251|186|div
756           268|42|mult
757           243|188|div
758           268|204|div
759           267|177|div
760           251|49|mult
761           247|229|mult
762           251|234|mult
763           3|201|div
764           182|11|sub
765           2|182|div
766           249|16|mult
767           268|259|mult
768           183|10|sub
769           243|14|div
770           46|212|div
771           130|23|mult
772           168|34|mult
773           241|188|div
774           235|181|div
775           242|14|div
776           256|188|div
777           284|182|div
778           40|212|div
779           54|183|div
780           7|264|div
781           46|226|div
782           268|30|div
783           242|57|div
784           242|231|div
785           46|228|div
786           260|57|div
787           272|264|mult
788           281|231|div
789           256|181|div
790           272|216|mult
791           25|182|div
792           272|268|mult
793           130|34|mult
794           240|181|div
795           249|10|mult
796           242|177|div
797           247|sq
798           272|41|abd
799           247|186|div
800           173|23|mult
801           247|sp
802           27|181|div
803           268|267|mult
804           242|188|div
805           242|201|div
806           114|208|div
807           251|11|mult
808           281|188|div
809           281|201|div
810           251|52|mult
811           182|256|div
812           229|182|div
813           247|18|div
814           182|46|div
815           42|212|div
816           173|34|mult
817           251|190|mult
818           235|17|mult
819           284|251|mult
820           251|54|mult
821           181|235|div
822           242|212|div
823           268|190|mult
824           260|7|div
825           272|48|abd
826           212|34|mult
827           132|201|div
828           42|201|div
829           182|220|div
830           32|181|div
831           42|177|div
832           286|247|mult
833           251|25|mult
834           263|247|mult
835           141|34|mult
836           228|182|div
837           235|19|mult
838           257|10|div
839           272|220|add
840           236|181|div
841           247|55|mult
842           267|181|div
843           268|102|abd
844           241|181|div
845           247|182|div
846           232|181|div
847           16|201|div
848           3|177|div
849           184|46|div
850           247|2|mult
851           267|231|div
852           132|212|div
853           186|46|div
854           272|41|sub
855           281|181|div
856           201|34|mult
857           162|152|div
858           181|264|div
859           285|247|mult
860           182|9|sub
861           182|52|sub
862           256|175|div
863           197|268|div
864           242|181|div
865           247|cb
866           243|181|div
867           251|9|mult
868           181|3|div
869           235|15|mult
870           281|177|div
871           251|1|mult
872           251|16|mult
873           267|188|div
874           247|234|mult
875           268|264|mult
876           247|49|mult
877           281|212|div
878           3|212|div
879           272|39|sub
880           261|152|div
881           264|206|div
882           256|199|div
883           170|125|div
884           197|140|mult
885           55|182|div
886           259|177|div
887           235|201|div
888           264|247|mult
889           16|212|div
890           14|181|div
891           247|53|mult
892           183|46|div
893           190|201|div
894           181|7|div
895           247|11|mult
896           256|8|div
897           235|212|div
898           10|256|div
899           117|34|mult
900           52|183|div
901           260|177|div
902           268|132|mult
903           247|190|mult
904           182|10|sub
905           268|16|mult
906           247|16|mult
907           233|182|div
908           117|261|div
909           251|46|mult
910           49|182|div
911           272|132|mult
912           183|220|div
913           190|212|div
914           141|128|div
915           264|251|mult
916           182|52|div
917           1|182|div
918           268|214|abd
919           264|7|div
920           251|220|mult
921           284|247|mult
922           186|220|div
923           136|125|div
924           259|212|div
925           272|190|mult
926           247|9|mult
927           247|25|mult
928           256|249|mult
929           175|46|div
930           16|177|div
931           251|233|mult
932           247|54|mult
933           235|208|div
934           247|52|mult
935           57|181|div
936           190|177|div
937           259|201|div
938           251|10|mult
939           259|188|div
940           259|231|div
941           260|212|div
942           198|46|div
943           272|34|div
944           46|184|div
945           54|182|div
946           264|14|div
947           198|220|div
948           53|182|div
949           268|261|mult
950           184|220|div
951           231|3|div
952           264|38|div
953           272|23|div
954           182|54|abd
955           188|3|div
956           272|208|div
957           220|198|div
958           264|249|mult
959           260|201|div
960           247|1|mult
961           272|16|mult
962           259|181|div
963           175|220|div
964           268|260|mult
965           235|34|div
966           220|182|div
967           220|175|div
968           220|183|div
969           259|7|div
970           46|175|div
971           46|182|div
972           260|181|div
973           260|231|div
974           247|46|mult
975           247|10|mult
976           264|188|div
977           46|183|div
978           256|183|div
979           264|181|div
980           220|184|div
981           264|231|div
982           46|186|div
983           247|233|mult
984           247|220|mult
985           259|57|div
986           256|251|mult
987           260|188|div
988           264|57|div
989           52|182|div
990           46|199|div
991           264|177|div
992           7|181|div
993           220|186|div
994           264|201|div
995           256|247|mult
996           264|212|div
997           256|182|div
998           259|14|div
999           141|170|div
#-----------------------------------------------------------------------
