0             0|21|div
1             0|abs
2             21|0|mult
3             27|0|mult
4             25|0|mult
5             0|24|div
6             0|28|div
7             14|0|mult
8             0|27|div
9             24|0|mult
10            28|0|mult
11            0|25|div
12            20|0|mult
13            0|15|div
14            15|0|mult
15            0|14|div
16            0|sqrt
17            0|22|div
18            18|0|mult
19            0|23|div
20            0|20|div
21            12|0|mult
22            13|0|mult
23            0|18|div
24            0|12|div
25            17|0|mult
26            22|0|mult
27            0|13|div
28            0|17|div
29            23|0|mult
30            0|cbrt
31            0|sq
32            0|8|div
33            0|6|div
34            7|0|mult
35            0|10|div
36            10|0|mult
37            0|7|div
38            5|0|mult
39            0|5|div
40            0|3|div
41            0|cb
42            3|0|mult
43            24|0|add
44            0|11|div
45            0|1|div
46            29|0|mult
47            16|0|mult
48            9|0|mult
49            0|9|div
50            26|0|mult
51            0|19|div
52            15|0|add
53            11|0|mult
54            19|0|mult
55            0|4|div
56            0|2|div
57            0|16|div
58            0|29|div
59            28|11|div
60            15|11|div
61            24|11|div
62            28|17|div
63            28|12|div
64            13|9|mult
65            8|0|mult
66            12|9|mult
67            24|17|div
68            9|5|mult
69            9|7|mult
70            15|17|div
71            18|9|mult
72            23|9|mult
73            21|12|div
74            22|9|mult
75            9|3|mult
76            24|12|div
77            21|11|div
78            15|12|div
79            2|cbrt
80            28|13|div
81            12|24|div
82            28|20|div
83            25|9|mult
84            9|cbrt
85            9|24|div
86            0|sp
87            12|21|div
88            9|sqrt
89            14|9|mult
90            14|12|add
91            20|12|add
92            20|21|div
93            27|9|mult
94            21|17|div
95            24|20|div
96            20|9|mult
97            20|24|div
98            4|cbrt
99            15|13|div
100           28|14|div
101           27|12|add
102           17|9|mult
103           21|sp
104           2|sqrt
105           20|12|mult
106           24|13|div
107           15|20|div
108           9|2|add
109           9|4|add
110           12|cbrt
111           12|sqrt
112           24|14|div
113           28|18|div
114           21|27|div
115           14|12|mult
116           3|2|div
117           13|24|div
118           21|14|div
119           11|inv
120           27|12|mult
121           25|12|add
122           20|13|add
123           9|28|div
124           14|13|add
125           21|13|div
126           12
127           20|28|div
128           12|5|add
129           12|inv
130           9|15|div
131           19|3|mult
132           23|19|mult
133           19|5|mult
134           6|0|mult
135           12|7|add
136           12|3|add
137           12|28|div
138           25|12|mult
139           3|4|div
140           11|cbrt
141           4|sqrt
142           9|21|div
143           19|13|mult
144           19|7|mult
145           24|18|div
146           20|14|add
147           10|2|div
148           18|24|div
149           27|13|add
150           21|20|div
151           21|25|div
152           7|4|div
153           7|2|div
154           5|2|div
155           13|21|div
156           10|4|div
157           15|14|div
158           20|14|mult
159           17|28|div
160           15|18|div
161           5|4|div
162           22|19|mult
163           25|13|add
164           20|13|mult
165           18|14|add
166           20|15|div
167           13|5|add
168           13|12|add
169           20|18|add
170           0|26|div
171           10|9|mult
172           13|3|add
173           13|7|add
174           19|12|mult
175           5|24|div
176           12|sq
177           12|15|div
178           27|14|add
179           14|inv
180           14|cbrt
181           27|20|add
182           9
183           14|13|mult
184           17|24|div
185           19|18|mult
186           28|27|div
187           14|sqrt
188           27|13|mult
189           27|21|div
190           13|28|div
191           19|2|add
192           11|sqrt
193           7|24|div
194           19|17|mult
195           27|18|add
196           28|7|div
197           17|15|div
198           21|18|div
199           13|cbrt
200           25|13|mult
201           27|24|div
202           14|5|add
203           27|20|mult
204           28|25|div
205           21|17|sub
206           14|24|div
207           18|12|add
208           25|14|add
209           25|20|add
210           27|inv
211           28|5|div
212           3|24|div
213           18|21|div
214           5|21|div
215           13|sqrt
216           24|7|div
217           21|cb
218           9|6|mult
219           14
220           25|24|div
221           23|12|add
222           20|18|mult
223           25|21|div
224           15|7|div
225           14|3|add
226           18|5|add
227           22|12|add
228           20|3|add
229           28|10|div
230           18|3|add
231           25|18|add
232           20|5|add
233           14|7|add
234           15|5|div
235           27|14|mult
236           18|14|mult
237           3|21|div
238           25|20|mult
239           12|5|mult
240           15|10|div
241           24|27|div
242           17|inv
243           20
244           24|5|div
245           27|cbrt
246           5|28|div
247           7|21|div
248           20|7|add
249           18|28|div
250           20|sq
251           17|21|div
252           19|24|div
253           13|inv
254           18|7|add
255           13
256           27|sqrt
257           12|7|mult
258           13|12|mult
259           17|nexp
260           25|14|mult
261           11|28|div
262           24|10|div
263           3|cbrt
264           20|sqrt
265           21|10|sub
266           13|15|div
267           3|sqrt
268           24|25|div
269           19|10|mult
270           20|cbrt
271           27|18|mult
272           27|5|add
273           27
274           15|27|div
275           5|cbrt
276           5|sqrt
277           27|3|add
278           14|1|div
279           12|3|mult
280           25|inv
281           20|1|div
282           28|3|div
283           25|18|mult
284           18|12|mult
285           7|28|div
286           15|3|div
287           27|1|div
288           18|13|add
289           25|1|div
290           20|cb
291           27|7|add
292           27|25|add
293           14|21|div
294           23|13|add
295           15|25|div
296           28|21|mult
297           3|28|div
298           25|5|add
299           19|9|add
300           22|13|add
301           25|3|add
302           12|cb
303           21|sq
304           17|14|mult
305           11|15|div
306           22|20|add
307           18|15|div
308           14|5|mult
309           5
310           5|3|add
311           23|20|add
312           24|3|div
313           20|5|mult
314           3
315           7|cbrt
316           27|sq
317           28|1|div
318           13|5|mult
319           15|1|div
320           24|inv
321           7|sqrt
322           25|cbrt
323           7|3|add
324           25|19|mult
325           7|5|add
326           14|sq
327           25|sqrt
328           19|cbrt
329           19|14|mult
330           24|21|mult
331           20|11|div
332           3|25|div
333           27|11|div
334           5|15|div
335           13|7|mult
336           20|3|mult
337           25|7|add
338           23|14|add
339           20|7|mult
340           3|27|div
341           1|inv
342           14|7|mult
343           21|1|div
344           22|14|add
345           19|6|mult
346           27|25|mult
347           21|15|mult
348           1|cbrt
349           27|5|mult
350           11|24|div
351           25
352           14|3|mult
353           18|5|mult
354           29|11|div
355           19|9|abd
356           19|4|add
357           7
358           17|log
359           18|cbrt
360           13|3|mult
361           24|1|div
362           19|9|sub
363           18|sqrt
364           20|19|mult
365           25|28|div
366           5|25|div
367           7|15|div
368           27|3|mult
369           21|8|div
370           27|28|div
371           25|5|mult
372           8|cbrt
373           5|27|div
374           13|sq
375           21|9|mult
376           6|22|div
377           3|15|div
378           18
379           18|3|mult
380           18|7|mult
381           27|cb
382           24|cbrt
383           25|3|mult
384           20|inv
385           8|1|div
386           27|7|mult
387           27|19|mult
388           25|11|div
389           18|13|mult
390           16|11|div
391           6|cbrt
392           8|inv
393           9|8|mult
394           25|sq
395           19|15|div
396           17|12|mult
397           24|15|add
398           19|sqrt
399           28|9|div
400           16|8|div
401           24|sqrt
402           5|3|div
403           6|sqrt
404           23|18|add
405           27|15|div
406           24|9|div
407           6|23|div
408           25|15|div
409           8|sqrt
410           25|7|mult
411           19|28|div
412           14|11|mult
413           18|inv
414           15|9|div
415           3|20|div
416           22|18|add
417           10|28|div
418           21
419           17|cbrt
420           11|21|div
421           20|4|div
422           14|28|div
423           3|5|div
424           16|1|div
425           5|1|div
426           28
427           20|17|mult
428           1|sqrt
429           16|6|div
430           21|5|div
431           28|sqrt
432           20|5|div
433           12|11|mult
434           22|12|mult
435           25|17|mult
436           7|25|div
437           8|22|div
438           23|12|mult
439           27|17|mult
440           23|5|add
441           21|7|div
442           28|cbrt
443           23|3|add
444           5|20|div
445           20|3|div
446           15|cbrt
447           22|5|add
448           15|sqrt
449           29|1|div
450           20|6|mult
451           7|27|div
452           22|3|add
453           25|8|div
454           25|cb
455           7|1|div
456           18|sq
457           26|8|div
458           21|6|div
459           20|2|div
460           17|sqrt
461           25|11|mult
462           6|1|div
463           10|24|div
464           16|5|div
465           10|1|div
466           15
467           27|8|div
468           16|7|div
469           27|23|add
470           24
471           16|17|div
472           26|7|div
473           27|22|add
474           23|24|div
475           26|5|div
476           14|15|div
477           28|sq
478           22|24|div
479           17|11|div
480           23|7|add
481           12|2|mult
482           16|10|div
483           26|1|div
484           5|sq
485           6|inv
486           5|2|mult
487           26|6|div
488           22|7|add
489           21|sqrt
490           7|5|mult
491           29|5|div
492           7|2|mult
493           17|13|mult
494           27|11|mult
495           16|3|div
496           10|15|div
497           12|4|mult
498           28|8|div
499           26|12|div
#-----------------------------------------------------------------------
500           11|6|div
501           11|8|div
502           3|6|div
503           3|8|div
504           5|6|div
505           5|8|div
506           7|6|div
507           20|23|div
508           6|3|div
509           20|22|div
510           10|6|div
511           21|cos
512           17|23|div
513           7|8|div
514           10|8|div
515           17|22|div
516           6|7|div
517           6|5|div
518           25|20|sub
519           17|6|div
520           8|3|div
521           20|15|mult
522           17|8|div
523           14|23|div
524           23|20|div
525           27|23|div
526           22|20|div
527           14|22|div
528           27|22|div
529           6|10|div
530           20|6|div
531           29|16|div
532           20|25|div
533           8|7|div
534           27|25|div
535           11|23|div
536           25|27|div
537           8|5|div
538           25|23|div
539           25|20|div
540           27|25|abd
541           25|22|div
542           27|25|sub
543           27|15|mult
544           20|8|div
545           11|19|div
546           9|6|div
547           26|6|mult
548           11|1|div
549           14|6|div
550           23|17|div
551           23|27|div
552           26|8|mult
553           6|17|div
554           20|14|div
555           17|12|div
556           23|20|abd
557           6|18|div
558           6|13|div
559           7|23|div
560           11|22|div
561           23|20|sub
562           15|14|mult
563           6|27|div
564           22|27|div
565           6|20|div
566           28|6|mult
567           16|6|mult
568           20|3|sub
569           8|10|div
570           6|25|div
571           13|6|div
572           12|17|div
573           15|0|sub
574           6|14|div
575           20|5|sub
576           22|3|abd
577           24|20|mult
578           14|8|div
579           16|29|div
580           24|6|mult
581           16|8|mult
582           15|6|mult
583           10|23|div
584           23|25|div
585           21|6|mult
586           6|12|div
587           18|6|div
588           22|17|div
589           19|8|mult
590           6
591           12|6|div
592           27|6|div
593           12|6|mult
594           24|23|div
595           15|28|div
596           22|20|abd
597           14|20|div
598           24|22|div
599           22|20|sub
600           24|0|sub
601           22|25|div
602           23|inv
603           25|6|div
604           28|15|div
605           13|8|div
606           23|14|div
607           15|23|div
608           6|21|div
609           21|23|div
610           9|8|div
611           14|6|mult
612           3|1|div
613           22|inv
614           25|6|mult
615           18|23|div
616           15|22|div
617           8|17|div
618           23|cbrt
619           19|1|mult
620           1|2|div
621           23|sqrt
622           18|6|mult
623           21|22|div
624           13|6|mult
625           29|6|mult
626           27|6|mult
627           28|23|div
628           23|21|div
629           22|14|div
630           18|12|sub
631           25|15|mult
632           23|6|mult
633           27|24|mult
634           18|8|div
635           6|24|div
636           12|20|div
637           28|8|mult
638           23
639           8|18|div
640           8|27|div
641           28|22|div
642           6|5|mult
643           22|cbrt
644           8|13|div
645           8|20|div
646           12|sp
647           12|8|div
648           22|6|mult
649           15|21|div
650           23|15|div
651           17|15|mult
652           22|sqrt
653           18|12|abd
654           20|12|div
655           23|22|add
656           6|3|mult
657           22|21|div
658           26|11|div
659           18|22|div
660           8|25|div
661           26|1|mult
662           21|15|div
663           22
664           5|23|div
665           7|6|mult
666           24|8|mult
667           23|3|abd
668           8|14|div
669           22|15|div
670           6|15|div
671           29|8|mult
672           13|23|div
673           23|14|mult
674           23|21|mult
675           23|sq
676           22|5|abd
677           17|6|mult
678           1|4|div
679           12|8|mult
680           26|4|mult
681           20|14|sub
682           21|8|mult
683           15|8|mult
684           15|sq
685           15|inv
686           17|13|div
687           27|23|sub
688           20|7|sub
689           8
690           25|23|mult
691           23|22|mult
692           24|15|mult
693           8|12|div
694           1|7|div
695           1|10|div
696           1|3|div
697           6|28|div
698           21|24|div
699           22|14|mult
700           14|8|mult
701           22|21|mult
702           24|21|div
703           1|17|div
704           8|21|div
705           28|20|mult
706           15|cb
707           22|sq
708           9|1|mult
709           23|28|div
710           25|8|mult
711           8|23|div
712           23|18|mult
713           25|22|mult
714           13|17|div
715           1|5|div
716           10|6|mult
717           7|22|div
718           20|8|mult
719           23|18|div
720           26|23|mult
721           1|27|div
722           6|11|div
723           13|8|mult
724           23|13|mult
725           23|8|mult
726           16|1|mult
727           18|8|mult
728           1|22|div
729           24|6|div
730           27|23|mult
731           6|sq
732           8|24|div
733           28|1|mult
734           24|sq
735           8|5|mult
736           27|8|mult
737           23|cb
738           28|15|mult
739           1|18|div
740           24|1|mult
741           1|25|div
742           22|8|mult
743           1|20|div
744           15|6|div
745           1|23|div
746           25|23|add
747           22|28|div
748           12|1|mult
749           8|3|mult
750           13|22|div
751           28|6|div
752           22|18|mult
753           26|22|mult
754           1|13|div
755           22|13|mult
756           12|23|div
757           22|23|div
758           27|20|sub
759           23|22|div
760           10|22|div
761           14|1|mult
762           1|21|div
763           1
764           25|22|add
765           3|cb
766           27|22|mult
767           8|15|div
768           6|2|mult
769           8|7|mult
770           5|cb
771           10|sin
772           23|16|mult
773           26|19|div
774           28|24|mult
775           26|2|mult
776           21|1|mult
777           15|1|mult
778           4|3|mult
779           6|4|mult
780           25|7|sub
781           16|4|mult
782           5|4|mult
783           8|11|div
784           24|cb
785           1|14|div
786           24|8|div
787           22|cb
788           19|21|div
789           13|1|mult
790           11|9|div
791           22|6|div
792           25|1|mult
793           20|1|mult
794           13|4|mult
795           5|1|mult
796           18|1|mult
797           14|4|mult
798           1|12|div
799           2|15|div
800           23|3|mult
801           14|2|mult
802           1|24|div
803           23|5|mult
804           15|8|div
805           1|15|div
806           26|cb
807           5|sp
808           20|14|abd
809           23|4|mult
810           17|8|mult
811           3|1|mult
812           23|20|mult
813           22|16|mult
814           18|4|mult
815           27|1|mult
816           8|28|div
817           18|17|div
818           8|6|mult
819           14|sp
820           23|18|abd
821           28|23|mult
822           23|10|div
823           4|15|div
824           22|18|div
825           3|2|mult
826           23|1|mult
827           27|22|sub
828           20|12|abd
829           17|18|div
830           4|24|div
831           23|6|div
832           22|4|mult
833           29|1|mult
834           14|cb
835           2|24|div
836           7|4|mult
837           7|1|mult
838           2|21|div
839           2|28|div
840           15|11|mult
841           22|1|mult
842           20|12|sub
843           25|sp
844           8|2|mult
845           22|3|mult
846           22|5|mult
847           13|2|mult
848           23|11|div
849           18|20|div
850           25|4|mult
851           17|cos
852           1|28|div
853           4|2|add
854           18|2|mult
855           4|21|div
856           10|8|mult
857           24|15|sub
858           3|sq
859           23|2|mult
860           8|4|mult
861           23|7|mult
862           25|2|mult
863           15|sp
864           28|cb
865           19|6|div
866           12|22|div
867           6|1|mult
868           22|2|mult
869           20|4|mult
870           22|20|mult
871           20|18|div
872           16|sp
873           2
874           20|2|mult
875           23|13|div
876           4|28|div
877           5|3|mult
878           2|27|div
879           27|4|mult
880           4
881           12|18|div
882           22|18|abd
883           2|20|div
884           12|11|div
885           27|2|mult
886           17|1|mult
887           18|12|div
888           28|21|div
889           8|sq
890           4|27|div
891           18|sp
892           22|7|mult
893           4|1|mult
894           19|9|mult
895           9|2|mult
896           4|20|div
897           2|25|div
898           2|17|div
899           16|2|mult
900           19
901           22|11|div
902           17|4|mult
903           8|1|mult
904           7|cb
905           21|17|add
906           26|15|div
907           21|4|mult
908           21|2|mult
909           28|inv
910           3|sp
911           23|7|div
912           1|8|div
913           11|3|div
914           10|4|mult
915           7|3|mult
916           13|11|div
917           11|6|mult
918           11|5|div
919           8|6|div
920           4|25|div
921           28|4|mult
922           26|sq
923           29|4|mult
924           28|27|mult
925           22|8|div
926           22|10|div
927           18|cb
928           28|2|mult
929           28|22|mult
930           7|3|sub
931           10|1|mult
932           2|1|mult
933           24|2|mult
934           28|sp
935           2|11|div
936           27|20|div
937           19|2|mult
938           11|7|div
939           21|log
940           19|sq
941           13|cb
942           21|cbrt
943           21|inv
944           18|11|div
945           5|22|div
946           2|18|div
947           5|3|sub
948           24|23|mult
949           21|10|add
950           1|sq
951           24|14|mult
952           16|19|div
953           24|4|mult
954           2|10|div
955           23|12|div
956           1|11|div
957           2|14|div
958           26|24|div
959           13|sp
960           26|sp
961           2|7|div
962           13|20|div
963           23|8|div
964           21|28|div
965           17|2|mult
966           23|17|mult
967           16|cb
968           4|14|div
969           10|2|mult
970           9|4|mult
971           2|13|div
972           15|2|mult
973           9|19|div
974           23|10|mult
975           23|18|sub
976           29|23|mult
977           15|16|div
978           6|9|div
979           23|5|div
980           7|sq
981           25|24|mult
982           15|4|mult
983           6|2|div
984           22|13|div
985           26|16|mult
986           2|22|div
987           26|28|div
988           9|sq
989           2|5|div
990           2|12|div
991           22|7|div
992           6|cb
993           22|7|abd
994           22|17|mult
995           11|10|div
996           4|7|div
997           16|15|div
998           4|2|sub
999           7|sp
#-----------------------------------------------------------------------
