0             2|sp
1             2|cb
2             3|0|mult
3             2|sq
4             2|1|add
5             2
6             2|1|mult
7             2|sqrt
8             4|3|mult
9             2|cbrt
#-----------------------------------------------------------------------
10            14|cbrt
11            14|sqrt
12            14|2|mult
13            5|sq
14            5|cb
15            6|5|mult
16            14|0|mult
17            14|9|mult
18            10|2|mult
19            14|5|add
#-----------------------------------------------------------------------
20            9|8|div
21            7|cos
22            15|8|mult
23            5|sp
24            2|0|div
25            8|7|abd
26            2|8|div
27            6|10|div
28            8|5|mult
29            8|2|div
#-----------------------------------------------------------------------
30            11|8|div
31            11|3|div
32            11|6|mult
33            15|7|mult
34            10|11|div
35            11|7|div
36            5|11|div
37            11|5|mult
38            15|11|div
39            11|10|mult
#-----------------------------------------------------------------------
