# c0 + a0 * (mp_bandgap / max:mendeleev_number)
# Property Label: $bandgap$; Unit of the Property: eV
# RMSE: 0.461235461259608; Max AE: 3.48623781637243
# Coefficients
# Task   a0                      c0
# all ,  9.490471596850506e+01,  1.564779434656734e-01, 
# Feature Rung, Units, and Expressions
# 0;  1; eV;                                               0|21|div; (mp_bandgap / max:mendeleev_number); $\left(\frac{ mp_{bandgap} }{ max:mendeleev_{number} } \right)$; (mp_bandgap ./ max:mendeleev_number); mp_bandgap,max:mendeleev_number
# Number of Samples Per Task
# Task, n_mats_train            
# all , 1014                  

# Sample ID , Property Value        ,  Property Value (EST) ,  Feature 0 Value      
3266        ,  1.678000000000000e+00,  5.808241784298012e-01,  4.471287128712873e-03
4239        ,  4.587000000000003e-01,  5.719914622901581e-01,  4.378217821782179e-03
3034        ,  1.700700000000000e+00,  2.074865718058827e+00,  2.021382978723404e-02
5237        ,  1.472900000000000e+00,  1.351671589886059e+00,  1.259361702127659e-02
3895        ,  0.000000000000000e+00,  1.757464767077641e-01,  2.030303030303053e-04
5388        ,  1.719900000000000e+00,  1.679597672296384e+00,  1.604893617021277e-02
4837        ,  2.507100000000000e+00,  2.628423302691939e+00,  2.604660194174757e-02
5529        ,  0.000000000000000e+00,  1.564779434656734e-01,  0.000000000000000e+00
4189        ,  1.018400000000000e+00,  1.077805408882695e+00,  9.707920792079208e-03
3912        ,  4.126200000000000e+00,  3.862366154437823e+00,  3.904851485148515e-02
4944        ,  2.979200000000000e+00,  3.062910410022798e+00,  3.062474226804124e-02
4056        ,  2.421900000000000e+00,  2.499195754744136e+00,  2.468494623655914e-02
3594        ,  6.517999999999999e-01,  9.124146376148095e-01,  7.965217391304348e-03
5230        ,  2.302000000000000e-01,  9.989250585477164e-01,  8.876767676767677e-03
5512        ,  0.000000000000000e+00,  1.564779434656734e-01,  0.000000000000000e+00
3914        ,  1.235300000000000e+00,  2.028909252905516e+00,  1.972959183673470e-02
4426        ,  3.982600000000000e+00,  3.794899237541401e+00,  3.833762376237624e-02
5849        ,  0.000000000000000e+00,  1.564779434656734e-01,  0.000000000000000e+00
5700        ,  2.603800000000000e+00,  2.084171258410111e+00,  2.031188118811882e-02
3327        ,  1.875800000000000e+00,  1.368835208731427e+00,  1.277446808510638e-02
4149        ,  0.000000000000000e+00,  1.458175993279238e+00,  1.371584158415841e-02
3977        ,  3.184500000000000e+00,  3.255396051354918e+00,  3.265294117647059e-02
5832        ,  3.573500000000000e+00,  3.401009659679144e+00,  3.418725490196078e-02
4713        ,  3.813500000000000e+00,  5.027577666175371e+00,  5.132621359223301e-02
3772        ,  6.627000000000001e-01,  3.432804933125922e-01,  1.968316831683167e-03
3860        ,  1.860999999999999e-01,  1.564779434656734e-01,  0.000000000000000e+00
5825        ,  2.044100000000000e+00,  2.210963119256215e+00,  2.164787234042553e-02
3683        ,  2.536900000000000e+00,  2.258476454570088e+00,  2.214851485148515e-02
4119        ,  3.041100000000000e+00,  2.618287847588506e+00,  2.593980582524271e-02
5350        ,  5.800999999999998e-01,  6.572226200912497e-01,  5.276288659793815e-03
5125        ,  9.231000000000000e-01,  1.136815469900736e+00,  1.032970297029703e-02
3088        ,  1.459500000000000e+00,  1.082830497158255e+00,  9.760869565217389e-03
5236        ,  1.808000000000001e-01,  1.564779434656734e-01,  0.000000000000000e+00
3447        ,  1.737800000000000e+00,  1.653575872031475e+00,  1.577474747474748e-02
5393        ,  0.000000000000000e+00,  1.564779434656734e-01,  0.000000000000000e+00
3023        ,  2.116900000000000e+00,  1.940780568738884e+00,  1.880099009900990e-02
3172        ,  0.000000000000000e+00,  1.564779434656734e-01,  0.000000000000000e+00
4765        ,  2.740200000000000e+00,  2.777190191088897e+00,  2.761414141414141e-02
4685        ,  7.060000000000000e-01,  6.472271682963616e-01,  5.170967741935475e-03
4091        ,  5.020000000000000e-01,  7.069252960830036e-01,  5.800000000000008e-03
4848        ,  7.781000000000002e-01,  7.333835805348283e-01,  6.078787878787878e-03
3748        ,  5.403900000000000e+00,  4.812019480916771e+00,  4.905490196078431e-02
5254        ,  4.435099999999999e+00,  6.001011041015223e+00,  6.158316831683168e-02
5773        ,  3.998000000000000e+00,  3.743396890327849e+00,  3.779494949494950e-02
5284        ,  5.591300000000000e+00,  5.324566976372821e+00,  5.445555555555556e-02
4269        ,  0.000000000000000e+00,  1.564779434656734e-01,  0.000000000000000e+00
4641        ,  4.323000000000001e-01,  4.476495256535818e-01,  3.068041237113403e-03
4071        ,  2.744300000000000e+00,  2.712363299048549e+00,  2.693106796116505e-02
3318        ,  6.493000000000000e-01,  5.910796482214475e-01,  4.579347826086961e-03
5333        ,  4.202400000000000e+00,  3.653025673148032e+00,  3.684271844660194e-02
5676        ,  4.641999999999999e-01,  1.564779434656734e-01,  0.000000000000000e+00
5122        ,  0.000000000000000e+00,  1.564779434656734e-01,  0.000000000000000e+00
4743        ,  0.000000000000000e+00,  1.564779434656734e-01,  0.000000000000000e+00
3180        ,  1.234700000000000e+00,  1.510788432829000e+00,  1.427021276595745e-02
4704        ,  7.975000000000003e-01,  9.728625969581904e-01,  8.602150537634412e-03
5658        ,  1.245900000000000e+00,  1.432706714868409e+00,  1.344747474747475e-02
4011        ,  0.000000000000000e+00,  1.564779434656734e-01,  0.000000000000000e+00
5591        ,  4.297800000000001e+00,  4.094929691093318e+00,  4.149900990099010e-02
3973        ,  2.406300000000000e+00,  2.003925092630800e+00,  1.946633663366337e-02
3866        ,  4.189600000000000e+00,  4.073158353950204e+00,  4.126960784313725e-02
3283        ,  0.000000000000000e+00,  1.564779434656734e-01,  0.000000000000000e+00
5814        ,  0.000000000000000e+00,  1.564779434656734e-01,  0.000000000000000e+00
3489        ,  2.194900000000000e+00,  2.302379021197983e+00,  2.261111111111111e-02
3712        ,  0.000000000000000e+00,  1.564779434656734e-01,  0.000000000000000e+00
5650        ,  4.359699999999999e+00,  4.373596910677951e+00,  4.443529411764706e-02
3446        ,  1.277400000000000e+00,  1.269618418502720e+00,  1.172903225806452e-02
4672        ,  6.372000000000000e-01,  6.330687547451366e-01,  5.021782178217823e-03
5001        ,  3.887400000000000e+00,  3.888206547399544e+00,  3.932079207920792e-02
4958        ,  3.220400000000000e+00,  3.131036051088442e+00,  3.134257425742575e-02
3871        ,  2.856000000000001e-01,  3.128809153817696e-01,  1.647999999999998e-03
5893        ,  4.026400000000000e+00,  3.726908394220189e+00,  3.762121212121212e-02
4716        ,  3.336500000000000e+00,  3.191643518216844e+00,  3.198118811881188e-02
4850        ,  2.079800000000000e+00,  2.314924272312262e+00,  2.274329896907217e-02
4791        ,  3.607100000000000e+00,  4.213424199866914e+00,  4.274757281553399e-02
3642        ,  5.232000000000000e-01,  7.698512490621210e-01,  6.463043478260877e-03
5895        ,  2.015800000000000e+00,  3.942048529825241e+00,  3.988811881188119e-02
4395        ,  9.707000000000000e-01,  5.547682786334982e-01,  4.196739130434791e-03
4360        ,  1.576000000000000e-01,  3.483420135834449e-01,  2.021649484536082e-03
4190        ,  0.000000000000000e+00,  1.564779434656734e-01,  0.000000000000000e+00
4195        ,  5.205000000000000e+00,  6.130591602931657e+00,  6.294854368932039e-02
5391        ,  2.591300000000000e+00,  2.410042104923749e+00,  2.374554455445544e-02
3615        ,  3.120000000000012e-02,  1.705238414290123e-01,  1.480000000000015e-04
5582        ,  0.000000000000000e+00,  6.479487940168603e-01,  5.178571428571429e-03
3084        ,  8.620000000000028e-02,  1.050164018835763e+00,  9.416666666666667e-03
4262        ,  2.272100000000000e+00,  1.669424968905337e+00,  1.594174757281553e-02
4001        ,  2.571800000000000e+00,  2.428201994148675e+00,  2.393689320388349e-02
4065        ,  0.000000000000000e+00,  1.564779434656734e-01,  0.000000000000000e+00
5625        ,  8.441999999999998e-01,  1.583243495213971e+00,  1.503366336633664e-02
3770        ,  7.553000000000001e-01,  1.564779434656734e-01,  0.000000000000000e+00
4450        ,  5.732999999999999e-01,  3.867733233849925e-01,  2.426595744680851e-03
4869        ,  2.777500000000000e+00,  4.245489094194136e+00,  4.308543689320388e-02
3136        ,  1.730999999999998e-01,  5.125144233717620e-01,  3.751515151515151e-03
4745        ,  0.000000000000000e+00,  1.564779434656734e-01,  0.000000000000000e+00
5724        ,  0.000000000000000e+00,  1.564779434656734e-01,  0.000000000000000e+00
5875        ,  4.952999999999994e-01,  3.652683185963845e-01,  2.200000000000000e-03
3846        ,  4.541999999999993e-01,  6.704521111225576e-01,  5.415686274509804e-03
3699        ,  1.530600000000000e+00,  1.551201407941437e+00,  1.469603960396040e-02
5642        ,  5.254999999999996e-01,  8.807944213573417e-01,  7.632038834951457e-03
3361        ,  0.000000000000000e+00,  1.564779434656734e-01,  0.000000000000000e+00
4240        ,  1.907300000000000e+00,  1.866479192783301e+00,  1.801808510638298e-02
5318        ,  2.948200000000000e+00,  2.970983821213288e+00,  2.965612244897959e-02
3707        ,  1.609999999999999e+00,  1.754388646227393e+00,  1.683700000000000e-02
3456        ,  1.118800000000000e+00,  9.856959163218038e-01,  8.737373737373740e-03
5161        ,  4.347900000000000e+00,  4.228913740745574e+00,  4.291078431372550e-02
4762        ,  2.902400000000000e+00,  3.528014500166408e+00,  3.552549019607843e-02
4605        ,  8.457000000000000e-01,  6.991261956618288e-01,  5.717821782178219e-03
5732        ,  5.205000000000001e-01,  4.330426646738935e-01,  2.914130434782614e-03
3035        ,  2.801000000000000e-01,  1.659684150625239e-01,  9.999999999999998e-05
3342        ,  0.000000000000000e+00,  1.564779434656734e-01,  0.000000000000000e+00
5370        ,  3.720300000000000e+00,  4.042595711123605e+00,  4.094757281553398e-02
4256        ,  2.726200000000000e+00,  2.711692516201704e+00,  2.692400000000000e-02
4889        ,  0.000000000000000e+00,  1.564779434656734e-01,  0.000000000000000e+00
4038        ,  0.000000000000000e+00,  3.870762107763816e-01,  2.429787234042555e-03
3302        ,  1.491900000000000e+00,  1.418065682340209e+00,  1.329320388349515e-02
3475        ,  0.000000000000000e+00,  1.564779434656734e-01,  0.000000000000000e+00
4651        ,  3.520400000000000e+00,  3.587790198482303e+00,  3.615533980582524e-02
3969        ,  2.773000000000000e+00,  1.845312062378487e+00,  1.779504950495049e-02
5229        ,  4.162100000000001e+00,  4.471635637942563e+00,  4.546831683168317e-02
3068        ,  4.846000000000000e+00,  4.704217027960468e+00,  4.791900000000000e-02
3509        ,  0.000000000000000e+00,  1.564779434656734e-01,  0.000000000000000e+00
5085        ,  0.000000000000000e+00,  1.564779434656734e-01,  0.000000000000000e+00
4805        ,  8.720000000000001e-01,  7.080358831847614e-01,  5.811702127659570e-03
4987        ,  2.826900000000000e+00,  2.696574753210956e+00,  2.676470588235294e-02
3503        ,  7.069999999999999e-01,  4.136603272337906e-01,  2.709900990099010e-03
5304        ,  1.210000000000022e-02,  1.564779434656734e-01,  0.000000000000000e+00
3778        ,  4.467100000000000e+00,  4.184676363573542e+00,  4.244466019417476e-02
5307        ,  0.000000000000000e+00,  1.564779434656734e-01,  0.000000000000000e+00
4272        ,  2.407300000000000e+00,  2.433439406187272e+00,  2.399207920792079e-02
5162        ,  0.000000000000000e+00,  1.564779434656734e-01,  0.000000000000000e+00
5909        ,  1.706400000000000e+00,  1.467434942704848e+00,  1.381340206185567e-02
5855        ,  0.000000000000000e+00,  1.564779434656734e-01,  0.000000000000000e+00
3622        ,  0.000000000000000e+00,  1.564779434656734e-01,  0.000000000000000e+00
3842        ,  2.475500000000000e+00,  2.484744331849454e+00,  2.453267326732674e-02
3813        ,  0.000000000000000e+00,  1.564779434656734e-01,  0.000000000000000e+00
3939        ,  0.000000000000000e+00,  1.564779434656734e-01,  0.000000000000000e+00
3401        ,  2.284600000000000e+00,  2.061574940907237e+00,  2.007378640776699e-02
4835        ,  4.617200000000000e+00,  4.391483437228567e+00,  4.462376237623762e-02
4892        ,  0.000000000000000e+00,  1.564779434656734e-01,  0.000000000000000e+00
4192        ,  2.623400000000000e+00,  2.283353205798150e+00,  2.241063829787234e-02
4412        ,  0.000000000000000e+00,  1.564779434656734e-01,  0.000000000000000e+00
4464        ,  2.394400000000000e+00,  1.971507145097004e+00,  1.912475247524752e-02
5833        ,  5.220599999999999e+00,  5.400817643169295e+00,  5.525900000000000e-02
5256        ,  1.496700000000000e+00,  1.544509895736958e+00,  1.462553191489362e-02
3666        ,  4.611900000000000e+00,  5.756961871618755e+00,  5.901165048543689e-02
4401        ,  0.000000000000000e+00,  1.564779434656734e-01,  0.000000000000000e+00
3512        ,  2.296399999999999e+00,  2.238054713708218e+00,  2.193333333333334e-02
4475        ,  4.044100000000000e+00,  4.080691107216451e+00,  4.134897959183673e-02
3178        ,  0.000000000000000e+00,  1.564779434656734e-01,  0.000000000000000e+00
4452        ,  1.246100000000000e+00,  8.783175752182040e-01,  7.605940594059406e-03
4851        ,  0.000000000000000e+00,  1.564779434656734e-01,  0.000000000000000e+00
4688        ,  2.151000000000000e+00,  2.297992763048611e+00,  2.256489361702128e-02
3725        ,  0.000000000000000e+00,  1.564779434656734e-01,  0.000000000000000e+00
5751        ,  5.041900000000000e+00,  5.024905591648102e+00,  5.129805825242718e-02
4840        ,  3.246200000000000e+00,  3.249995823777677e+00,  3.259603960396040e-02
5501        ,  0.000000000000000e+00,  1.564779434656734e-01,  0.000000000000000e+00
4061        ,  1.667600000000000e+00,  1.713948901067625e+00,  1.641089108910891e-02
3468        ,  3.429900000000000e+00,  3.204704662295677e+00,  3.211881188118812e-02
4118        ,  3.832100000000000e+00,  3.783698970246262e+00,  3.821960784313725e-02
3689        ,  1.522999999999999e-01,  7.761138954664932e-01,  6.529032258064513e-03
4310        ,  1.386300000000000e+00,  1.420277054362776e+00,  1.331650485436893e-02
5787        ,  2.082800000000000e+00,  1.590049394998533e+00,  1.510537634408602e-02
5898        ,  3.282200000000000e+00,  3.099175445363624e+00,  3.100686274509803e-02
3568        ,  3.916600000000000e+00,  4.478307157579953e+00,  4.553861386138614e-02
3341        ,  1.408900000000000e+00,  1.775915862758036e+00,  1.706382978723404e-02
4858        ,  3.400500000000000e+00,  3.302521346146885e+00,  3.314949494949495e-02
3225        ,  2.281000000000004e-01,  1.564779434656734e-01,  0.000000000000000e+00
4798        ,  1.230200000000000e+00,  1.170736858479578e+00,  1.068712871287129e-02
4244        ,  6.532000000000000e-01,  1.564779434656734e-01,  0.000000000000000e+00
3322        ,  0.000000000000000e+00,  1.564779434656734e-01,  0.000000000000000e+00
3797        ,  5.508700000000000e+00,  5.374302371213706e+00,  5.497961165048544e-02
4624        ,  1.861999999999995e-01,  1.903993320445153e-01,  3.574257425742574e-04
4535        ,  1.017200000000000e+00,  8.597824662705730e-01,  7.410638297872332e-03
3237        ,  9.591000000000000e-01,  9.413601370179691e-01,  8.270212765957442e-03
4868        ,  0.000000000000000e+00,  1.617844437133751e-01,  5.591397849462705e-05
3462        ,  9.331000000000000e-01,  7.901183662511393e-01,  6.676595744680853e-03
3491        ,  8.259000000000001e-01,  1.011207426662437e+00,  9.006185567010310e-03
5163        ,  8.546999999999993e-01,  1.021238439562854e+00,  9.111881188118813e-03
5896        ,  0.000000000000000e+00,  1.564779434656734e-01,  0.000000000000000e+00
4354        ,  2.761100000000000e+00,  2.630860008414825e+00,  2.607227722772277e-02
3961        ,  1.207400000000000e+00,  1.384977207398579e+00,  1.294455445544554e-02
3543        ,  2.136700000000000e+00,  1.914638288014128e+00,  1.852553191489362e-02
3529        ,  3.656900000000000e+00,  3.753660198412124e+00,  3.790309278350516e-02
5749        ,  1.189500000000000e+00,  1.091533995538873e+00,  9.852577319587632e-03
3611        ,  1.296200000000000e+00,  1.363972693303340e+00,  1.272323232323232e-02
5459        ,  6.888000000000001e-01,  7.226775221355072e-01,  5.965979381443299e-03
3217        ,  3.489100000000000e+00,  3.192231027945612e+00,  3.198737864077670e-02
4680        ,  2.538000000000000e+00,  2.539995790254881e+00,  2.511485148514852e-02
5371        ,  4.331500000000000e+00,  3.578591657185461e+00,  3.605841584158416e-02
3979        ,  1.458900000000000e+00,  1.607016656738755e+00,  1.528415841584158e-02
3922        ,  1.836800000000000e+00,  1.804155363770362e+00,  1.736138613861386e-02
5413        ,  7.898000000000001e-01,  2.030168193015302e+00,  1.974285714285715e-02
5357        ,  3.189999999999982e-02,  1.564779434656734e-01,  0.000000000000000e+00
5423        ,  0.000000000000000e+00,  1.564779434656734e-01,  0.000000000000000e+00
3710        ,  3.456000000000000e+00,  3.232236426433075e+00,  3.240891089108910e-02
4749        ,  2.372800000000001e+00,  2.281227055089969e+00,  2.238823529411765e-02
3853        ,  0.000000000000000e+00,  1.564779434656734e-01,  0.000000000000000e+00
4604        ,  2.293100000000000e+00,  2.562211530803480e+00,  2.534893617021276e-02
5285        ,  3.423700000000000e+00,  2.904434689949819e+00,  2.895490196078431e-02
4303        ,  0.000000000000000e+00,  1.564779434656734e-01,  0.000000000000000e+00
3150        ,  0.000000000000000e+00,  1.564779434656734e-01,  0.000000000000000e+00
3950        ,  0.000000000000000e+00,  1.564779434656734e-01,  0.000000000000000e+00
5441        ,  3.915400000000000e+00,  4.079544052000664e+00,  4.133689320388349e-02
3886        ,  1.935600000000000e+00,  1.924336682308697e+00,  1.862772277227722e-02
3251        ,  0.000000000000000e+00,  1.564779434656734e-01,  0.000000000000000e+00
3917        ,  4.013700000000000e+00,  3.854885965753477e+00,  3.896969696969697e-02
3965        ,  4.246200000000000e+00,  3.464330137761994e+00,  3.485445544554455e-02
3695        ,  1.607300000000000e+00,  9.822448357411303e-01,  8.701010101010098e-03
3680        ,  2.891000000000000e+00,  2.938432344885892e+00,  2.931313131313132e-02
3633        ,  4.639500000000000e+00,  4.166295236974197e+00,  4.225098039215687e-02
4977        ,  0.000000000000000e+00,  1.564779434656734e-01,  0.000000000000000e+00
4879        ,  4.412000000000000e+00,  4.764885097994586e+00,  4.855825242718446e-02
5403        ,  1.062500000000000e+00,  5.728371478779962e-01,  4.387128712871288e-03
3959        ,  2.491400000000000e+00,  1.991051878682597e+00,  1.933069306930693e-02
3665        ,  1.944300000000001e+00,  1.955533083993394e+00,  1.895643564356436e-02
3685        ,  3.286000000000000e+00,  3.003328897880106e+00,  2.999693877551021e-02
3506        ,  1.599000000000000e+00,  1.121213433749599e+00,  1.016530612244898e-02
4046        ,  0.000000000000000e+00,  6.684935843690242e-01,  5.395049504950497e-03
5179        ,  7.950000000000035e-02,  1.564779434656734e-01,  0.000000000000000e+00
5869        ,  4.138300000000000e+00,  4.086638870573066e+00,  4.141165048543689e-02
4250        ,  2.172900000000000e+00,  2.176825864696279e+00,  2.128817204301075e-02
4232        ,  0.000000000000000e+00,  5.989100317229722e-01,  4.661855670103092e-03
3579        ,  1.574400000000000e+00,  1.457259591714411e+00,  1.370618556701031e-02
3286        ,  0.000000000000000e+00,  1.564779434656734e-01,  0.000000000000000e+00
3472        ,  7.224000000000004e-01,  8.236022704207527e-01,  7.029411764705879e-03
5768        ,  1.701800000000000e+00,  1.997326545863283e+00,  1.939680851063830e-02
5291        ,  4.676600000000000e+00,  4.928434487163612e+00,  5.028155339805825e-02
4658        ,  2.303800000000000e+00,  2.388765859746229e+00,  2.352135922330097e-02
4386        ,  1.767900000000000e+00,  1.564544447216216e+00,  1.483663366336634e-02
4931        ,  7.595999999999998e-01,  1.016624563090430e+00,  9.063265306122448e-03
5559        ,  3.416700000000000e+00,  2.786090296315787e+00,  2.770792079207921e-02
3393        ,  8.523999999999998e-01,  2.778505302209504e-01,  1.278888888888889e-03
3139        ,  1.653300000000000e+00,  1.635477075617408e+00,  1.558404255319149e-02
4690        ,  1.719900000000000e+00,  1.724285058252314e+00,  1.651980198019802e-02
3825        ,  1.613500000000001e+00,  1.577556235907208e+00,  1.497373737373737e-02
4563        ,  0.000000000000000e+00,  1.564779434656734e-01,  0.000000000000000e+00
5631        ,  1.302400000000000e+00,  3.725553019338671e+00,  3.760693069306931e-02
4514        ,  3.202900000000000e+00,  3.090631073002841e+00,  3.091683168316832e-02
4055        ,  1.163999999999996e-01,  3.188495763306007e-01,  1.710891089108909e-03
4399        ,  4.730000000000034e-02,  1.564779434656734e-01,  0.000000000000000e+00
3466        ,  8.565000000000000e-01,  1.001992685730537e+00,  8.909090909090910e-03
5826        ,  4.010000000000025e-02,  1.851430413500381e-01,  3.020408163265291e-04
5715        ,  3.863600000000000e+00,  4.418068252455312e+00,  4.490388349514563e-02
4439        ,  0.000000000000000e+00,  1.564779434656734e-01,  0.000000000000000e+00
3440        ,  2.282500000000000e+00,  2.514061432227844e+00,  2.484158415841585e-02
3574        ,  2.645500000000000e+00,  2.384107746896713e+00,  2.347227722772277e-02
3733        ,  0.000000000000000e+00,  1.564779434656734e-01,  0.000000000000000e+00
3089        ,  0.000000000000000e+00,  1.564779434656734e-01,  0.000000000000000e+00
3658        ,  2.646900000000000e+00,  2.251147179475490e+00,  2.207128712871288e-02
4695        ,  2.482000000000000e+00,  2.327233511813290e+00,  2.287300000000000e-02
5697        ,  1.888100000000000e+00,  1.410178827744572e+00,  1.321010101010101e-02
3968        ,  3.180000000000000e+00,  2.970123640414294e+00,  2.964705882352941e-02
5590        ,  2.527500000000000e+00,  1.735842761286103e+00,  1.664158415841585e-02
4965        ,  2.943700000000000e+00,  2.681601143685115e+00,  2.660693069306931e-02
5202        ,  3.249999999999975e-02,  2.065186118854308e-01,  5.272727272727287e-04
4744        ,  1.614900000000000e+00,  1.729447074582380e+00,  1.657419354838710e-02
4337        ,  0.000000000000000e+00,  1.564779434656734e-01,  0.000000000000000e+00
3545        ,  5.858400000000000e+00,  5.415984544361845e+00,  5.541881188118811e-02
4175        ,  6.012000000000000e-01,  4.922731590836487e-01,  3.538235294117647e-03
5607        ,  9.406000000000001e-01,  6.103742738170850e-01,  4.782653061224491e-03
5492        ,  0.000000000000000e+00,  1.564779434656734e-01,  0.000000000000000e+00
5359        ,  1.056300000000000e+00,  1.311530231182359e+00,  1.217065217391304e-02
4075        ,  2.952200000000000e+00,  2.445654864678268e+00,  2.412079207920792e-02
4948        ,  0.000000000000000e+00,  1.564779434656734e-01,  0.000000000000000e+00
4041        ,  2.202900000000001e+00,  2.229215548985661e+00,  2.184019607843137e-02
3649        ,  1.546300000000000e+00,  1.081939871756571e+00,  9.751485148514852e-03
5199        ,  0.000000000000000e+00,  1.594373378345837e-01,  3.118279569892368e-05
3958        ,  3.969900000000000e+00,  3.708849518088850e+00,  3.743092783505154e-02
3156        ,  1.755100000000000e+00,  1.050691267257810e+00,  9.422222222222221e-03
3519        ,  1.893400000000000e+00,  1.429731858668940e+00,  1.341612903225806e-02
5109        ,  0.000000000000000e+00,  1.564779434656734e-01,  0.000000000000000e+00
3131        ,  6.086400000000000e+00,  5.503707381416640e+00,  5.634313725490196e-02
3204        ,  3.863100000000000e+00,  3.169947275249133e+00,  3.175257731958763e-02
3007        ,  1.782999999999997e-01,  1.973212200505493e+00,  1.914271844660194e-02
3982        ,  9.999999999976694e-05,  1.564779434656734e-01,  0.000000000000000e+00
3276        ,  1.351600000000000e+00,  8.445881582781785e-01,  7.250537634408603e-03
5510        ,  3.329200000000000e+00,  3.387129379749554e+00,  3.404099999999999e-02
5602        ,  1.740300000000000e+00,  1.480915539085554e+00,  1.395544554455446e-02
3430        ,  0.000000000000000e+00,  1.564779434656734e-01,  0.000000000000000e+00
5228        ,  8.589000000000000e-01,  1.017175661377982e+00,  9.069072164948460e-03
5274        ,  2.598400000000000e+00,  5.055588378461222e+00,  5.162135922330097e-02
3788        ,  7.426000000000001e-01,  7.127811189831869e-01,  5.861702127659571e-03
3544        ,  0.000000000000000e+00,  1.564779434656734e-01,  0.000000000000000e+00
3583        ,  1.527200000000000e+00,  1.698322409667978e+00,  1.624623655913979e-02
3222        ,  0.000000000000000e+00,  1.564779434656734e-01,  0.000000000000000e+00
3484        ,  1.768600000000000e+00,  2.205441409251686e+00,  2.158969072164948e-02
5246        ,  1.909999999999989e-02,  1.564779434656734e-01,  0.000000000000000e+00
4920        ,  3.948700000000000e+00,  3.581974399536814e+00,  3.609405940594059e-02
3226        ,  0.000000000000000e+00,  1.564779434656734e-01,  0.000000000000000e+00
4215        ,  2.252700000000000e+00,  1.947854938603105e+00,  1.887553191489362e-02
4801        ,  3.595800000000000e+00,  3.434007702412949e+00,  3.453495145631068e-02
3224        ,  0.000000000000000e+00,  1.564779434656734e-01,  0.000000000000000e+00
5120        ,  8.623000000000001e-01,  2.012109740433371e+00,  1.955257731958763e-02
3365        ,  8.793000000000000e-01,  1.204430704204176e+00,  1.104215686274510e-02
4647        ,  3.913400000000000e+00,  3.658277681701630e+00,  3.689805825242719e-02
3663        ,  0.000000000000000e+00,  1.564779434656734e-01,  0.000000000000000e+00
3492        ,  0.000000000000000e+00,  1.564779434656734e-01,  0.000000000000000e+00
5277        ,  4.523999999999999e-01,  8.832037586146025e-01,  7.657425742574261e-03
4531        ,  8.411000000000000e-01,  9.178556795149644e-01,  8.022549019607842e-03
5843        ,  9.450000000000003e-02,  9.880925000583818e-01,  8.762626262626262e-03
3809        ,  4.851000000000000e+00,  4.475901460142440e+00,  4.551326530612245e-02
4679        ,  0.000000000000000e+00,  9.690753635592716e-01,  8.562244897959186e-03
2989        ,  0.000000000000000e+00,  1.564779434656734e-01,  0.000000000000000e+00
4157        ,  1.256900000000000e+00,  1.758162786295757e+00,  1.687676767676767e-02
3754        ,  7.879000000000000e-01,  8.773664186386855e-01,  7.595918367346940e-03
3524        ,  1.959900000000000e+00,  1.827192304164841e+00,  1.760412371134020e-02
2992        ,  0.000000000000000e+00,  1.564779434656734e-01,  0.000000000000000e+00
4161        ,  5.473999999999997e-01,  6.904881906369115e-01,  5.626804123711343e-03
3051        ,  3.296900000000000e+00,  3.580417978188984e+00,  3.607765957446808e-02
3400        ,  6.249000000000002e-01,  2.510104840774391e-01,  9.960784313725482e-04
3218        ,  0.000000000000000e+00,  1.564779434656734e-01,  0.000000000000000e+00
5134        ,  2.371200000000000e+00,  2.168551887063296e+00,  2.120099009900990e-02
4246        ,  3.542900000000000e+00,  3.373371954536734e+00,  3.389603960396040e-02
4771        ,  2.747500000000000e+00,  2.328762323425971e+00,  2.288910891089109e-02
4881        ,  3.677999999999999e-01,  1.564779434656734e-01,  0.000000000000000e+00
5571        ,  2.085500000000000e+00,  1.786030653263668e+00,  1.717040816326531e-02
4741        ,  0.000000000000000e+00,  1.564779434656734e-01,  0.000000000000000e+00
5535        ,  1.533700000000000e+00,  1.464530254524058e+00,  1.378279569892473e-02
3514        ,  0.000000000000000e+00,  1.564779434656734e-01,  0.000000000000000e+00
3719        ,  0.000000000000000e+00,  1.564779434656734e-01,  0.000000000000000e+00
4251        ,  0.000000000000000e+00,  1.564779434656734e-01,  0.000000000000000e+00
4237        ,  0.000000000000000e+00,  1.564779434656734e-01,  0.000000000000000e+00
3686        ,  1.206600000000000e+00,  1.091049737381790e+00,  9.847474747474747e-03
4534        ,  1.043000000000000e+00,  1.193747752382671e+00,  1.092959183673469e-02
5157        ,  4.291200000000000e+00,  4.265377621322100e+00,  4.329499999999999e-02
5253        ,  4.834600000000000e+00,  4.673754493435883e+00,  4.759801980198020e-02
5551        ,  0.000000000000000e+00,  1.564779434656734e-01,  0.000000000000000e+00
4533        ,  1.544200000000000e+00,  1.418992561042737e+00,  1.330297029702970e-02
5696        ,  0.000000000000000e+00,  1.564779434656734e-01,  0.000000000000000e+00
5280        ,  9.822000000000002e-01,  2.699509734280168e-01,  1.195652173913047e-03
4042        ,  1.349900000000000e+00,  1.595697864881673e+00,  1.516489361702128e-02
3097        ,  9.430000000000005e-02,  1.564779434656734e-01,  0.000000000000000e+00
5025        ,  2.353300000000000e+00,  2.218143332122669e+00,  2.172352941176471e-02
4693        ,  4.030700000000000e+00,  3.819523558347147e+00,  3.859708737864077e-02
3343        ,  0.000000000000000e+00,  1.564779434656734e-01,  0.000000000000000e+00
4225        ,  6.553999999999998e-01,  3.771818893243458e-01,  2.325531914893616e-03
3867        ,  1.943600000000000e+00,  1.918665023948838e+00,  1.856796116504855e-02
5016        ,  3.666500000000000e+00,  2.935268854353609e+00,  2.927979797979798e-02
3988        ,  1.247000000000000e+00,  1.287377877082294e+00,  1.191616161616162e-02
3134        ,  0.000000000000000e+00,  1.564779434656734e-01,  0.000000000000000e+00
4939        ,  0.000000000000000e+00,  1.564779434656734e-01,  0.000000000000000e+00
4466        ,  0.000000000000000e+00,  1.564779434656734e-01,  0.000000000000000e+00
4730        ,  1.903900000000000e+00,  2.091827411976603e+00,  2.039255319148936e-02
5654        ,  5.839999999999979e-02,  1.564779434656734e-01,  0.000000000000000e+00
4643        ,  0.000000000000000e+00,  1.564779434656734e-01,  0.000000000000000e+00
3593        ,  0.000000000000000e+00,  1.564779434656734e-01,  0.000000000000000e+00
2993        ,  0.000000000000000e+00,  1.564779434656734e-01,  0.000000000000000e+00
3510        ,  2.562800000000000e+00,  1.337762525756007e+00,  1.244705882352941e-02
3990        ,  0.000000000000000e+00,  1.564779434656734e-01,  0.000000000000000e+00
5435        ,  2.611900000000000e+00,  2.647436212998211e+00,  2.624693877551021e-02
5846        ,  0.000000000000000e+00,  1.564779434656734e-01,  0.000000000000000e+00
3349        ,  2.150700000000000e+00,  1.103664226367028e+00,  9.980392156862743e-03
3029        ,  0.000000000000000e+00,  1.564779434656734e-01,  0.000000000000000e+00
5735        ,  0.000000000000000e+00,  1.564779434656734e-01,  0.000000000000000e+00
4374        ,  4.502000000000002e-01,  1.564779434656734e-01,  0.000000000000000e+00
4023        ,  0.000000000000000e+00,  2.432993300197571e+00,  2.398737864077670e-02
4167        ,  1.737100000000000e+00,  1.605795110889656e+00,  1.527128712871287e-02
4336        ,  0.000000000000000e+00,  1.564779434656734e-01,  0.000000000000000e+00
3421        ,  8.106000000000000e-01,  1.564779434656734e-01,  0.000000000000000e+00
3025        ,  0.000000000000000e+00,  1.564779434656734e-01,  0.000000000000000e+00
3960        ,  2.898200000000000e+00,  2.338910550480028e+00,  2.299603960396039e-02
3067        ,  0.000000000000000e+00,  8.663840119231544e-01,  7.480198019801981e-03
3170        ,  1.528999999999998e-01,  1.564779434656734e-01,  0.000000000000000e+00
3575        ,  2.196800000000000e+00,  1.509386953876104e+00,  1.425544554455445e-02
3082        ,  3.936999999999999e-01,  1.564779434656734e-01,  0.000000000000000e+00
4655        ,  5.565700000000001e+00,  5.230237440501095e+00,  5.346161616161616e-02
3346        ,  2.480700000000000e+00,  1.116143155531359e+00,  1.011188118811881e-02
3194        ,  0.000000000000000e+00,  1.564779434656734e-01,  0.000000000000000e+00
5052        ,  0.000000000000000e+00,  1.564779434656734e-01,  0.000000000000000e+00
4127        ,  2.794999999999999e-01,  3.332895556069972e-01,  1.863043478260872e-03
3110        ,  0.000000000000000e+00,  1.564779434656734e-01,  0.000000000000000e+00
4220        ,  1.188700000000000e+00,  1.270736782173448e+00,  1.174081632653061e-02
3063        ,  4.020500000000000e+00,  3.921188285325233e+00,  3.966831683168317e-02
5337        ,  8.550000000000000e-01,  9.915426024416111e-01,  8.798979591836733e-03
3836        ,  2.259999999999995e-02,  2.366311655390740e-01,  8.445652173913055e-04
4382        ,  1.551700000000000e+00,  1.545028842800871e+00,  1.463100000000000e-02
4369        ,  2.673600000000000e+00,  3.442853190503217e+00,  3.462815533980582e-02
4238        ,  5.243000000000000e+00,  5.101566488430428e+00,  5.210582524271844e-02
3861        ,  4.192900000000000e+00,  4.501046703386268e+00,  4.577821782178219e-02
4024        ,  4.102000000000000e+00,  4.061666057971683e+00,  4.114851485148514e-02
3752        ,  3.178199999999999e+00,  3.059423395510306e+00,  3.058800000000000e-02
4294        ,  1.687000000000000e+00,  1.557231166175290e+00,  1.475957446808511e-02
5374        ,  2.020000000000000e+00,  1.870118839621739e+00,  1.805643564356435e-02
5165        ,  7.931000000000000e-01,  6.258436583099105e-01,  4.945652173913045e-03
3090        ,  0.000000000000000e+00,  1.564779434656734e-01,  0.000000000000000e+00
3143        ,  0.000000000000000e+00,  6.095974809833872e-01,  4.774468085106386e-03
3315        ,  3.259000000000000e+00,  3.687873028147215e+00,  3.720990099009901e-02
3460        ,  0.000000000000000e+00,  1.564779434656734e-01,  0.000000000000000e+00
3830        ,  6.069000000000000e-01,  6.592772582720111e-01,  5.297938144329897e-03
5491        ,  9.824000000000006e-01,  1.183405674192920e+00,  1.082061855670103e-02
3179        ,  0.000000000000000e+00,  1.564779434656734e-01,  0.000000000000000e+00
5103        ,  3.941999999999997e-01,  1.601425810129724e-01,  3.861386138614095e-05
3330        ,  0.000000000000000e+00,  1.564779434656734e-01,  0.000000000000000e+00
4278        ,  7.349000000000001e-01,  1.564779434656734e-01,  0.000000000000000e+00
3077        ,  2.134800000000000e+00,  1.786208036295130e+00,  1.717227722772277e-02
3897        ,  3.892500000000000e+00,  3.556462428162602e+00,  3.582524271844660e-02
4657        ,  7.240000000000002e-01,  5.557998516331553e-01,  4.207608695652176e-03
4739        ,  2.321700000000000e+00,  1.911463468360494e+00,  1.849207920792079e-02
4171        ,  4.364300000000000e+00,  3.989312957678862e+00,  4.038613861386138e-02
3292        ,  0.000000000000000e+00,  1.564779434656734e-01,  0.000000000000000e+00
3126        ,  0.000000000000000e+00,  1.564779434656734e-01,  0.000000000000000e+00
5240        ,  1.568900000000000e+00,  1.109036577641559e+00,  1.003700000000000e-02
3168        ,  1.440000000000019e-02,  1.564779434656734e-01,  0.000000000000000e+00
3883        ,  6.357800000000000e+00,  6.382503732502426e+00,  6.560291262135921e-02
4390        ,  2.926900000000000e+00,  3.496560155165160e+00,  3.519405940594059e-02
3774        ,  7.475999999999998e-01,  8.301097001431332e-01,  7.097979797979799e-03
3268        ,  0.000000000000000e+00,  1.564779434656734e-01,  0.000000000000000e+00
3407        ,  2.927999999999997e-01,  1.564779434656734e-01,  0.000000000000000e+00
3504        ,  0.000000000000000e+00,  1.564779434656734e-01,  0.000000000000000e+00
3723        ,  6.068800000000000e+00,  5.595285075256719e+00,  5.730808080808081e-02
4715        ,  0.000000000000000e+00,  1.564779434656734e-01,  0.000000000000000e+00
3151        ,  1.532600000000000e+00,  1.324520286450092e+00,  1.230752688172043e-02
5399        ,  1.045000000000000e+00,  6.877380382893709e-01,  5.597826086956528e-03
4516        ,  0.000000000000000e+00,  1.564779434656734e-01,  0.000000000000000e+00
4747        ,  3.408700000000000e+00,  2.757900776721181e+00,  2.741089108910891e-02
4393        ,  0.000000000000000e+00,  1.564779434656734e-01,  0.000000000000000e+00
5554        ,  1.662000000000000e+00,  1.191948972160341e+00,  1.091063829787234e-02
3498        ,  3.940200000000000e+00,  3.609694093804842e+00,  3.638613861386138e-02
5265        ,  0.000000000000000e+00,  1.564779434656734e-01,  0.000000000000000e+00
3630        ,  3.936000000000000e+00,  3.892959537596564e+00,  3.937087378640777e-02
3392        ,  3.340500000000000e+00,  3.152117389859780e+00,  3.156470588235294e-02
5299        ,  3.388300000000000e+00,  2.602012733363012e+00,  2.576831683168317e-02
4838        ,  3.014200000000000e+00,  2.860416662980230e+00,  2.849108910891089e-02
3502        ,  0.000000000000000e+00,  1.564779434656734e-01,  0.000000000000000e+00
3188        ,  8.198000000000000e-01,  6.960937795865968e-01,  5.685869565217386e-03
5297        ,  1.494600000000000e+00,  1.589351224459469e+00,  1.509801980198020e-02
4176        ,  4.014700000000000e+00,  3.968238326864785e+00,  4.016407766990291e-02
3410        ,  2.838900000000000e+00,  2.545821624304432e+00,  2.517623762376237e-02
4955        ,  4.844999999999997e-01,  1.564779434656734e-01,  0.000000000000000e+00
4925        ,  4.453400000000000e+00,  5.178319525713695e+00,  5.291456310679611e-02
3146        ,  0.000000000000000e+00,  1.564779434656734e-01,  0.000000000000000e+00
4330        ,  2.371100000000000e+00,  2.309884557558890e+00,  2.269019607843137e-02
3726        ,  5.565000000000002e-01,  1.564779434656734e-01,  0.000000000000000e+00
4407        ,  3.911400000000000e+00,  3.400099998066919e+00,  3.417766990291262e-02
5091        ,  3.107900000000000e+00,  3.506706557654843e+00,  3.530097087378641e-02
4733        ,  4.222000000000001e-01,  5.642587502303477e-01,  4.296739130434780e-03
3117        ,  0.000000000000000e+00,  1.564779434656734e-01,  0.000000000000000e+00
3133        ,  0.000000000000000e+00,  1.564779434656734e-01,  0.000000000000000e+00
5543        ,  4.231000000000000e-01,  8.493890045480845e-01,  7.301123595505618e-03
3130        ,  0.000000000000000e+00,  1.564779434656734e-01,  0.000000000000000e+00
3738        ,  1.802400000000000e+00,  1.737247239124060e+00,  1.665638297872340e-02
4181        ,  1.362600000000000e+00,  1.396260087875747e+00,  1.306344086021505e-02
5279        ,  2.576100000000000e+00,  2.582186104581474e+00,  2.555940594059406e-02
5335        ,  4.263500000000000e+00,  4.812798158483540e+00,  4.906310679611650e-02
3708        ,  3.914400000000000e+00,  3.135369498806515e+00,  3.138823529411765e-02
4104        ,  3.053999999999999e+00,  3.215034821710240e+00,  3.222765957446808e-02
5918        ,  0.000000000000000e+00,  1.564779434656734e-01,  0.000000000000000e+00
3657        ,  7.258000000000000e-01,  7.788376324096534e-01,  6.557731958762886e-03
5456        ,  0.000000000000000e+00,  1.564779434656734e-01,  0.000000000000000e+00
5503        ,  8.586999999999998e-01,  7.382851152725958e-01,  6.130434782608696e-03
4630        ,  2.287500000000000e+00,  1.643381137015796e+00,  1.566732673267327e-02
3167        ,  0.000000000000000e+00,  1.564779434656734e-01,  0.000000000000000e+00
4037        ,  1.423100000000000e+00,  1.198550517812922e+00,  1.098019801980198e-02
4293        ,  1.136700000000000e+00,  1.679020743931833e+00,  1.604285714285714e-02
4496        ,  1.123700000000000e+00,  5.105383095739181e-01,  3.730693069306931e-03
3461        ,  1.653900000000000e+00,  1.668812505575557e+00,  1.593529411764706e-02
4673        ,  1.365500000000000e+00,  1.322989565224793e+00,  1.229139784946237e-02
3363        ,  3.151200000000000e+00,  2.650310776935103e+00,  2.627722772277228e-02
3231        ,  1.677200000000000e+00,  1.690602580850178e+00,  1.616489361702127e-02
5651        ,  5.059999999999998e-01,  5.018935235649056e-01,  3.639603960396039e-03
3608        ,  1.196200000000000e+00,  9.248862392735920e-01,  8.096629213483147e-03
3191        ,  0.000000000000000e+00,  1.564779434656734e-01,  0.000000000000000e+00
5053        ,  0.000000000000000e+00,  1.564779434656734e-01,  0.000000000000000e+00
3411        ,  0.000000000000000e+00,  1.564779434656734e-01,  0.000000000000000e+00
3000        ,  0.000000000000000e+00,  1.564779434656734e-01,  0.000000000000000e+00
4241        ,  2.871100000000000e+00,  2.515697529835688e+00,  2.485882352941177e-02
3998        ,  5.336600000000000e+00,  4.859629731476610e+00,  4.955656565656566e-02
5095        ,  9.836999999999998e-01,  6.844932723086290e-01,  5.563636363636365e-03
5209        ,  1.572700000000000e+00,  1.303498381622659e+00,  1.208602150537634e-02
4307        ,  0.000000000000000e+00,  1.564779434656734e-01,  0.000000000000000e+00
3745        ,  2.101100000000000e+00,  1.254005062004676e+00,  1.156451612903226e-02
4270        ,  7.806999999999999e-01,  9.485094790087714e-01,  8.345544554455443e-03
5623        ,  3.708000000000000e+00,  4.102916721645122e+00,  4.158316831683168e-02
4963        ,  4.657000000000000e+00,  5.029696897696998e+00,  5.134854368932039e-02
4299        ,  3.159100000000000e+00,  2.509175248831445e+00,  2.479009900990099e-02
5627        ,  1.765000000000000e+00,  1.535625198922885e+00,  1.453191489361702e-02
4285        ,  0.000000000000000e+00,  1.564779434656734e-01,  0.000000000000000e+00
3873        ,  3.645000000000000e+00,  3.569546379296124e+00,  3.596310679611650e-02
4228        ,  0.000000000000000e+00,  1.564779434656734e-01,  0.000000000000000e+00
5070        ,  2.822200000000000e+00,  2.467266829700799e+00,  2.434851485148515e-02
4947        ,  8.538999999999999e-01,  9.255975024640430e-01,  8.104123711340208e-03
4434        ,  1.092800000000000e+00,  6.431902662414086e-01,  5.128431372549020e-03
5901        ,  2.864800000000001e+00,  4.023892101714913e+00,  4.075049504950495e-02
2996        ,  0.000000000000000e+00,  1.564779434656734e-01,  0.000000000000000e+00
5415        ,  1.726200000000000e+00,  1.706309172767035e+00,  1.633039215686274e-02
4165        ,  0.000000000000000e+00,  1.564779434656734e-01,  0.000000000000000e+00
5130        ,  3.741200000000000e+00,  3.006344409414971e+00,  3.002871287128714e-02
3586        ,  2.156900000000000e+00,  2.109996616961381e+00,  2.058400000000000e-02
3538        ,  1.800000000000246e-03,  1.564779434656734e-01,  0.000000000000000e+00
5102        ,  3.760100000000000e+00,  3.720056984243854e+00,  3.754901960784314e-02
3426        ,  3.814500000000001e+00,  3.735231421066152e+00,  3.770891089108910e-02
5160        ,  4.105000000000000e+00,  3.989774326149561e+00,  4.039100000000000e-02
3607        ,  1.498500000000000e+00,  1.429363236006521e+00,  1.341224489795918e-02
5248        ,  3.171000000000000e+00,  2.913412959818087e+00,  2.904950495049505e-02
5521        ,  0.000000000000000e+00,  1.564779434656734e-01,  0.000000000000000e+00
3841        ,  1.915000000000000e+00,  1.640656150121651e+00,  1.563861386138614e-02
5075        ,  0.000000000000000e+00,  1.564779434656734e-01,  0.000000000000000e+00
4794        ,  8.492000000000002e-01,  1.875705925699215e+00,  1.811530612244898e-02
5729        ,  3.487600000000000e+00,  3.159131605617732e+00,  3.163861386138614e-02
3717        ,  1.106800000000000e+00,  1.314608998021544e+00,  1.220309278350515e-02
3858        ,  3.167000000000000e-01,  3.295615937765509e-01,  1.823762376237624e-03
4893        ,  2.208000000000006e-01,  2.876531746459041e-01,  1.382178217821782e-03
3367        ,  2.085999999999997e-01,  4.274216031718368e-01,  2.854901960784313e-03
4738        ,  4.309900000000000e+00,  3.752145132822916e+00,  3.788712871287129e-02
3369        ,  0.000000000000000e+00,  1.564779434656734e-01,  0.000000000000000e+00
5429        ,  3.010400000000000e+00,  2.748034444863069e+00,  2.730693069306931e-02
3345        ,  1.220300000000000e+00,  1.564779434656734e-01,  0.000000000000000e+00
3120        ,  0.000000000000000e+00,  1.564779434656734e-01,  0.000000000000000e+00
3238        ,  0.000000000000000e+00,  1.564779434656734e-01,  0.000000000000000e+00
4457        ,  5.621100000000000e+00,  5.155007978975801e+00,  5.266893203883496e-02
4172        ,  2.572000000000000e+00,  1.834013702924968e+00,  1.767599999999999e-02
5121        ,  2.568900000000000e+00,  2.714997433369548e+00,  2.695882352941176e-02
4808        ,  8.830000000000001e-01,  7.118236040039575e-01,  5.851612903225802e-03
4444        ,  9.563000000000001e-01,  3.512877314053253e-01,  2.052688172043011e-03
3211        ,  1.219999999999999e-02,  1.564779434656734e-01,  0.000000000000000e+00
4993        ,  7.869999999999999e-01,  7.692122747186430e-01,  6.456310679611651e-03
3814        ,  2.086700000000000e+00,  1.906953145225358e+00,  1.844455445544555e-02
5174        ,  1.404900000000000e+00,  1.337524849414327e+00,  1.244455445544554e-02
4712        ,  1.100500000000000e+00,  1.132363748634291e+00,  1.028279569892473e-02
3573        ,  2.447999999999999e-01,  6.611892999832873e-01,  5.318085106382982e-03
3627        ,  2.072800000000000e+00,  1.694130021982194e+00,  1.620206185567009e-02
2981        ,  2.159200000000000e+00,  1.457716504109846e+00,  1.371100000000000e-02
3590        ,  1.610000000000000e+00,  1.642502108985427e+00,  1.565806451612903e-02
5874        ,  4.438800000000000e+00,  5.001686185411147e+00,  5.105339805825242e-02
3765        ,  2.134000000000000e+00,  2.016418649749447e+00,  1.959797979797980e-02
5382        ,  5.297999999999998e-01,  8.163945971753874e-01,  6.953465346534655e-03
3086        ,  1.589400000000000e+00,  1.440510560999953e+00,  1.352970297029703e-02
4089        ,  4.025900000000000e+00,  4.073158353950204e+00,  4.126960784313725e-02
5467        ,  0.000000000000000e+00,  1.255252436960610e+00,  1.157765957446808e-02
5145        ,  8.130000000000002e-01,  9.227851041378980e-01,  8.074489795918363e-03
4547        ,  3.463000000000000e+00,  2.279116820817257e+00,  2.236600000000000e-02
3729        ,  9.948000000000000e-01,  6.820643867912531e-01,  5.538043478260870e-03
4602        ,  3.186700000000000e+00,  3.048910584002825e+00,  3.047722772277228e-02
3857        ,  2.970300000000000e+00,  3.014465675774369e+00,  3.011428571428571e-02
4247        ,  1.700000000000035e-03,  9.015288837751229e-01,  7.850515463917525e-03
5779        ,  0.000000000000000e+00,  1.564779434656734e-01,  0.000000000000000e+00
3289        ,  0.000000000000000e+00,  1.564779434656734e-01,  0.000000000000000e+00
4669        ,  0.000000000000000e+00,  1.564779434656734e-01,  0.000000000000000e+00
4404        ,  2.805900000000000e+00,  2.221266288705208e+00,  2.175643564356436e-02
3672        ,  0.000000000000000e+00,  1.564779434656734e-01,  0.000000000000000e+00
3412        ,  4.977500000000000e+00,  4.926350622702952e+00,  5.025959595959596e-02
4441        ,  4.190000000000000e+00,  4.091452983676650e+00,  4.146237623762376e-02
3495        ,  1.237600000000000e+00,  4.799703624120831e-01,  3.408602150537634e-03
4701        ,  2.185200000000000e+00,  2.128561085090833e+00,  2.077961165048544e-02
3533        ,  0.000000000000000e+00,  1.564779434656734e-01,  0.000000000000000e+00
5819        ,  0.000000000000000e+00,  1.564779434656734e-01,  0.000000000000000e+00
5012        ,  0.000000000000000e+00,  1.564779434656734e-01,  0.000000000000000e+00
3799        ,  3.415900000000000e+00,  2.972635824072283e+00,  2.967352941176470e-02
4895        ,  2.159000000000000e-01,  8.448760796515082e-01,  7.253571428571428e-03
4502        ,  7.188000000000000e+00,  6.488111199991917e+00,  6.671568627450980e-02
3595        ,  1.518500000000000e+00,  1.716304739490889e+00,  1.643571428571429e-02
3794        ,  0.000000000000000e+00,  1.711978585954823e-01,  1.551020408163253e-04
5645        ,  2.352200000000000e+00,  2.110951302024985e+00,  2.059405940594060e-02
3558        ,  0.000000000000000e+00,  1.564779434656734e-01,  0.000000000000000e+00
3681        ,  1.421999999999999e-01,  1.564779434656734e-01,  0.000000000000000e+00
3267        ,  2.079300000000000e+00,  9.077396365738072e-01,  7.915957446808506e-03
3032        ,  1.967300000000000e+00,  1.564779434656734e-01,  0.000000000000000e+00
3827        ,  1.014500000000000e+00,  1.088965198629689e+00,  9.825510204081636e-03
3313        ,  3.882800000000000e+00,  3.431734596254751e+00,  3.451100000000000e-02
4700        ,  7.430000000000003e-02,  1.564779434656734e-01,  0.000000000000000e+00
5556        ,  1.465900000000000e+00,  1.540760171543921e+00,  1.458602150537634e-02
5555        ,  0.000000000000000e+00,  1.564779434656734e-01,  0.000000000000000e+00
3273        ,  3.100000000000014e-02,  1.564779434656734e-01,  0.000000000000000e+00
4814        ,  2.224100000000000e+00,  2.223465801059337e+00,  2.177961165048543e-02
3278        ,  1.245800000000000e+00,  9.718421161413244e-01,  8.591397849462366e-03
3829        ,  0.000000000000000e+00,  1.564779434656734e-01,  0.000000000000000e+00
4792        ,  3.406700000000000e+00,  2.676245134962140e+00,  2.655049504950495e-02
3789        ,  4.554000000000000e+00,  4.216925538902646e+00,  4.278446601941748e-02
3112        ,  0.000000000000000e+00,  1.564779434656734e-01,  0.000000000000000e+00
3985        ,  2.974100000000000e+00,  2.649892039411028e+00,  2.627281553398058e-02
4326        ,  3.563700000000000e+00,  4.190887005621770e+00,  4.251010101010101e-02
4136        ,  0.000000000000000e+00,  1.564779434656734e-01,  0.000000000000000e+00
4528        ,  4.040300000000000e+00,  3.862084259241877e+00,  3.904554455445545e-02
3390        ,  0.000000000000000e+00,  1.564779434656734e-01,  0.000000000000000e+00
4287        ,  1.774800000000000e+00,  1.785832176033869e+00,  1.716831683168317e-02
3348        ,  0.000000000000000e+00,  1.564779434656734e-01,  0.000000000000000e+00
3265        ,  0.000000000000000e+00,  1.564779434656734e-01,  0.000000000000000e+00
3210        ,  7.141999999999999e-01,  7.942784540067021e-01,  6.720430107526882e-03
4984        ,  0.000000000000000e+00,  1.564779434656734e-01,  0.000000000000000e+00
4950        ,  1.466200000000001e+00,  1.004230762740775e+00,  8.932673267326734e-03
5269        ,  0.000000000000000e+00,  1.564779434656734e-01,  0.000000000000000e+00
3054        ,  2.297200000000000e+00,  1.406589172421110e+00,  1.317227722772277e-02
4218        ,  2.750400000000000e+00,  2.788063562687409e+00,  2.772871287128713e-02
3173        ,  0.000000000000000e+00,  1.564779434656734e-01,  0.000000000000000e+00
3046        ,  0.000000000000000e+00,  1.564779434656734e-01,  0.000000000000000e+00
3952        ,  2.400100000000000e+00,  2.536331152707582e+00,  2.507623762376238e-02
5760        ,  2.773000000000000e+00,  2.933709413926204e+00,  2.926336633663366e-02
3755        ,  1.748400000000000e+00,  1.502657311517902e+00,  1.418453608247423e-02
4671        ,  1.044100000000000e+00,  8.751121071653331e-01,  7.572164948453610e-03
4846        ,  0.000000000000000e+00,  1.564779434656734e-01,  0.000000000000000e+00
3101        ,  0.000000000000000e+00,  1.564779434656734e-01,  0.000000000000000e+00
5348        ,  7.317000000000000e-01,  4.446994395700245e-01,  3.036956521739129e-03
3597        ,  2.477700000000000e+00,  2.186732127945108e+00,  2.139255319148936e-02
3812        ,  9.600000000000053e-03,  1.564779434656734e-01,  0.000000000000000e+00
4549        ,  4.942399999999999e+00,  4.953128141415612e+00,  5.054174757281554e-02
5480        ,  2.703000000000000e+00,  2.114334044376338e+00,  2.062970297029703e-02
3623        ,  2.059900000000000e+00,  1.989562532397348e+00,  1.931500000000000e-02
4290        ,  4.068000000000001e-01,  5.358948824121019e-01,  3.997872340425541e-03
4253        ,  0.000000000000000e+00,  1.564779434656734e-01,  0.000000000000000e+00
5507        ,  2.815200000000000e+00,  3.193622537551648e+00,  3.200204081632653e-02
3734        ,  1.765000000000000e+00,  1.879429923366624e+00,  1.815454545454545e-02
3114        ,  0.000000000000000e+00,  1.564779434656734e-01,  0.000000000000000e+00
3721        ,  1.803700000000000e+00,  1.651754468391676e+00,  1.575555555555556e-02
3643        ,  1.559600000000000e+00,  1.278271878706163e+00,  1.182021276595745e-02
5734        ,  1.483100000000000e+00,  1.673640886932402e+00,  1.598617021276596e-02
3284        ,  0.000000000000000e+00,  1.564779434656734e-01,  0.000000000000000e+00
3017        ,  0.000000000000000e+00,  1.564779434656734e-01,  0.000000000000000e+00
4804        ,  4.575000000000000e-01,  4.841011384846085e-01,  3.452127659574468e-03
3561        ,  0.000000000000000e+00,  1.564779434656734e-01,  0.000000000000000e+00
4742        ,  2.144300000000000e+00,  1.629897624714080e+00,  1.552525252525253e-02
4617        ,  2.861800000000000e+00,  2.765324016881094e+00,  2.748910891089109e-02
4006        ,  0.000000000000000e+00,  3.966991277558463e-01,  2.531182795698923e-03
5334        ,  2.209999999999979e-02,  1.564779434656734e-01,  0.000000000000000e+00
3448        ,  1.538000000000000e+00,  1.037663128829159e+00,  9.284946236559141e-03
5233        ,  6.469999999999976e-02,  1.564779434656734e-01,  0.000000000000000e+00
4598        ,  2.164400000000000e+00,  2.177758584162895e+00,  2.129800000000000e-02
5683        ,  0.000000000000000e+00,  1.564779434656734e-01,  0.000000000000000e+00
3457        ,  2.942700000000000e+00,  2.798493684937413e+00,  2.783861386138614e-02
5907        ,  7.605000000000004e-01,  8.270126495560223e-01,  7.065346534653467e-03
4222        ,  2.760500000000000e+00,  2.507230540469870e+00,  2.476960784313725e-02
3600        ,  1.261000000000001e-01,  2.963425703323891e-01,  1.473737373737371e-03
5621        ,  2.851700000000000e+00,  3.117015882116184e+00,  3.119484536082474e-02
4291        ,  4.773200000000000e+00,  4.420556045980700e+00,  4.493009708737864e-02
5502        ,  4.470800000000000e+00,  4.746088435802766e+00,  4.836019417475728e-02
4152        ,  0.000000000000000e+00,  1.564779434656734e-01,  0.000000000000000e+00
4856        ,  4.825800000000000e+00,  3.682798914620187e+00,  3.715643564356436e-02
3906        ,  1.246300000000000e+00,  1.417588136948238e+00,  1.328817204301075e-02
5195        ,  2.369000000000003e-01,  3.014233278539359e-01,  1.527272727272730e-03
4210        ,  3.155900000000000e+00,  2.990965460391691e+00,  2.986666666666666e-02
4295        ,  1.103200000000000e+00,  1.106453518850417e+00,  1.000978260869566e-02
3305        ,  0.000000000000000e+00,  1.564779434656734e-01,  0.000000000000000e+00
4705        ,  2.014900000000000e+00,  1.938925485232916e+00,  1.878144329896907e-02
3736        ,  4.481999999999999e-01,  7.248857584598386e-01,  5.989247311827962e-03
4589        ,  1.158500000000000e+00,  1.345008067275505e+00,  1.252340425531915e-02
4178        ,  2.596900000000000e+00,  2.168550062498921e+00,  2.120097087378641e-02
4347        ,  3.522500000000000e+00,  3.916472528762986e+00,  3.961862745098040e-02
5841        ,  3.369700000000000e+00,  3.256667343415067e+00,  3.266633663366337e-02
4279        ,  3.202400000000000e+00,  3.147198042322683e+00,  3.151287128712871e-02
3678        ,  5.503999999999998e-01,  3.694522899455336e-01,  2.244086021505375e-03
3612        ,  2.530999999999999e-01,  4.283750627197722e-01,  2.864948453608250e-03
3667        ,  2.740100000000000e+00,  2.636309982203116e+00,  2.612970297029703e-02
3113        ,  1.532700000000000e+00,  9.849679243511279e-01,  8.729702970297029e-03
5665        ,  1.656300000000000e+00,  1.402078849285973e+00,  1.312475247524753e-02
5148        ,  0.000000000000000e+00,  1.564779434656734e-01,  0.000000000000000e+00
3316        ,  0.000000000000000e+00,  1.564779434656734e-01,  0.000000000000000e+00
5123        ,  5.819999999999992e-02,  9.507931985863868e-01,  8.369607843137254e-03
4048        ,  5.700300000000000e+00,  5.016428665561595e+00,  5.120873786407767e-02
3184        ,  0.000000000000000e+00,  1.564779434656734e-01,  0.000000000000000e+00
3675        ,  1.858500000000000e+00,  1.969255858377490e+00,  1.910103092783505e-02
4019        ,  1.387000000000000e-01,  1.564779434656734e-01,  0.000000000000000e+00
4708        ,  4.946400000000000e+00,  4.349293122901975e+00,  4.417920792079209e-02
4026        ,  2.560600000000000e+00,  2.553420934926538e+00,  2.525631067961165e-02
5747        ,  9.680999999999997e-01,  1.564779434656734e-01,  0.000000000000000e+00
3140        ,  0.000000000000000e+00,  1.564779434656734e-01,  0.000000000000000e+00
5820        ,  0.000000000000000e+00,  1.564779434656734e-01,  0.000000000000000e+00
5746        ,  1.736800000000000e+00,  2.409354360615910e+00,  2.373829787234043e-02
4331        ,  3.055899999999999e+00,  1.564779434656734e-01,  0.000000000000000e+00
3798        ,  1.146800000000000e+00,  1.303512494655233e+00,  1.208617021276596e-02
5168        ,  0.000000000000000e+00,  1.564779434656734e-01,  0.000000000000000e+00
5757        ,  5.346700000000000e+00,  5.650078890528012e+00,  5.788543689320388e-02
5186        ,  0.000000000000000e+00,  1.564779434656734e-01,  0.000000000000000e+00
5181        ,  0.000000000000000e+00,  1.564779434656734e-01,  0.000000000000000e+00
3644        ,  5.740000000000003e-01,  6.884188764691445e-01,  5.605000000000002e-03
3059        ,  0.000000000000000e+00,  1.564779434656734e-01,  0.000000000000000e+00
4527        ,  2.819700000000000e+00,  2.440956611412500e+00,  2.407128712871287e-02
3271        ,  0.000000000000000e+00,  1.564779434656734e-01,  0.000000000000000e+00
3674        ,  4.303999999999999e-01,  3.509294539011434e-01,  2.048913043478265e-03
3966        ,  1.750200000000000e+00,  1.003915162684444e+00,  8.929347826086960e-03
4508        ,  4.478999999999997e-01,  1.564779434656734e-01,  0.000000000000000e+00
3441        ,  2.360700000000000e+00,  2.124820361420305e+00,  2.074019607843137e-02
5065        ,  7.812999999999999e-01,  7.799361518330309e-01,  6.569306930693069e-03
3690        ,  2.423100000000000e+00,  2.255281642349366e+00,  2.211485148514852e-02
4214        ,  7.783000000000002e-01,  9.749592211819322e-01,  8.624242424242425e-03
5671        ,  3.270300000000000e+00,  2.436517222689415e+00,  2.402450980392157e-02
4177        ,  2.914400000000000e+00,  2.821045300613097e+00,  2.807623762376237e-02
4213        ,  0.000000000000000e+00,  1.564779434656734e-01,  0.000000000000000e+00
5490        ,  2.288300000000000e+00,  2.184409991277793e+00,  2.136808510638298e-02
5822        ,  0.000000000000000e+00,  1.564779434656734e-01,  0.000000000000000e+00
3256        ,  1.546800000000000e+00,  5.685147548734898e-01,  4.341584158415840e-03
4661        ,  5.475600000000000e+00,  5.094590801010757e+00,  5.203232323232324e-02
4855        ,  1.489400000000000e+00,  1.644060945498537e+00,  1.567448979591837e-02
3424        ,  0.000000000000000e+00,  1.564779434656734e-01,  0.000000000000000e+00
5684        ,  4.439300000000000e+00,  5.482014616812912e+00,  5.611456310679613e-02
3012        ,  0.000000000000000e+00,  1.564779434656734e-01,  0.000000000000000e+00
3826        ,  3.180200000000001e+00,  3.211344540635563e+00,  3.218877551020408e-02
3531        ,  4.588000000000001e-01,  5.065028636505899e-01,  3.688172043010752e-03
4370        ,  8.121000000000000e-01,  1.005635493010136e+00,  8.947474747474747e-03
4032        ,  5.322200000000000e+00,  4.831744774823949e+00,  4.926274509803921e-02
5212        ,  0.000000000000000e+00,  1.564779434656734e-01,  0.000000000000000e+00
4684        ,  0.000000000000000e+00,  1.564779434656734e-01,  0.000000000000000e+00
3362        ,  0.000000000000000e+00,  1.564779434656734e-01,  0.000000000000000e+00
3287        ,  5.146999999999995e-01,  5.052762659162584e-01,  3.675247524752475e-03
5906        ,  0.000000000000000e+00,  3.394589634775393e+00,  3.411960784313726e-02
3155        ,  0.000000000000000e+00,  1.564779434656734e-01,  0.000000000000000e+00
4511        ,  3.130800000000000e+00,  2.742396540944148e+00,  2.724752475247525e-02
4340        ,  0.000000000000000e+00,  1.564779434656734e-01,  0.000000000000000e+00
4348        ,  2.519400000000000e+00,  2.017447771001036e+00,  1.960882352941177e-02
3584        ,  3.670800000000000e+00,  3.954970094729383e+00,  4.002427184466020e-02
4289        ,  4.016000000000002e-01,  3.215745632247460e-01,  1.739603960396039e-03
5286        ,  3.213700000000000e+00,  3.113876371954824e+00,  3.116176470588235e-02
5632        ,  2.338000000000005e-01,  1.564779434656734e-01,  0.000000000000000e+00
4039        ,  6.776000000000000e-01,  8.382884573938643e-01,  7.184158415841585e-03
5364        ,  0.000000000000000e+00,  1.564779434656734e-01,  0.000000000000000e+00
3560        ,  1.123000000000000e+00,  3.874127523223692e-01,  2.433333333333335e-03
3698        ,  4.599200000000000e+00,  4.381691724687029e+00,  4.452058823529412e-02
3762        ,  3.050900000000000e+00,  3.059423395510306e+00,  3.058800000000000e-02
4694        ,  2.325100000000000e+00,  3.038909234380959e+00,  3.037184466019418e-02
5479        ,  1.344900000000000e+00,  1.112349711939471e+00,  1.007191011235955e-02
4903        ,  1.562900000000000e+00,  1.937906566539138e+00,  1.877070707070707e-02
5805        ,  3.861999999999999e-01,  5.405974433546952e-01,  4.047422680412374e-03
3144        ,  2.984600000000000e+00,  2.451480698727820e+00,  2.418217821782178e-02
4896        ,  0.000000000000000e+00,  1.564779434656734e-01,  0.000000000000000e+00
4227        ,  4.606999999999999e-01,  1.060085875505198e+00,  9.521212121212123e-03
4874        ,  2.149500000000000e+00,  1.350116168166584e+00,  1.257722772277228e-02
3245        ,  0.000000000000000e+00,  1.564779434656734e-01,  0.000000000000000e+00
5437        ,  3.014500000000000e+00,  2.982192481492885e+00,  2.977422680412371e-02
5916        ,  9.017999999999997e-01,  1.059858081407463e+00,  9.518811881188121e-03
4408        ,  7.400000000000002e-01,  1.564779434656734e-01,  0.000000000000000e+00
3972        ,  9.501000000000001e-01,  6.361039273925272e-01,  5.053763440860217e-03
4236        ,  1.189800000000000e+00,  1.414876131868265e+00,  1.325959595959596e-02
5331        ,  1.814300000000000e+00,  1.209074605128241e+00,  1.109108910891089e-02
3784        ,  2.679300000000000e+00,  2.569688750894532e+00,  2.542772277227723e-02
3934        ,  1.132800000000000e+00,  1.002069566238522e+00,  8.909900990099010e-03
4437        ,  0.000000000000000e+00,  1.564779434656734e-01,  0.000000000000000e+00
4080        ,  2.228600000000000e+00,  2.692758056950518e+00,  2.672448979591837e-02
5511        ,  1.303200000000000e+00,  1.441177904729131e+00,  1.353673469387755e-02
4409        ,  2.585300000000000e+00,  2.217883546353856e+00,  2.172079207920792e-02
3187        ,  0.000000000000000e+00,  1.564779434656734e-01,  0.000000000000000e+00
4300        ,  4.141800000000000e+00,  3.801194896917529e+00,  3.840396039603960e-02
4498        ,  0.000000000000000e+00,  1.564779434656734e-01,  0.000000000000000e+00
3192        ,  1.573799999999999e+00,  1.733006815644617e+00,  1.661170212765958e-02
4131        ,  8.060000000000000e-01,  5.770180880960057e-01,  4.431182795698921e-03
4086        ,  1.453300000000000e+00,  7.507430053705887e-01,  6.261702127659570e-03
3601        ,  2.851500000000000e+00,  2.927050666239439e+00,  2.919320388349515e-02
4482        ,  1.776600000000000e+00,  2.908714706552320e+00,  2.900000000000000e-02
4586        ,  1.556100000000000e+00,  1.858819303232050e+00,  1.793737373737373e-02
3064        ,  0.000000000000000e+00,  2.159448346416835e-01,  6.265957446808506e-04
5408        ,  2.319000000000000e+00,  1.557309137186934e+00,  1.476039603960396e-02
4610        ,  1.037200000000000e+00,  1.029703378457607e+00,  9.201075268817206e-03
4383        ,  5.411300000000000e+00,  5.062314635029862e+00,  5.169223300970874e-02
2990        ,  0.000000000000000e+00,  1.564779434656734e-01,  0.000000000000000e+00
4891        ,  2.943400000000000e+00,  1.564779434656734e-01,  0.000000000000000e+00
3434        ,  0.000000000000000e+00,  1.564779434656734e-01,  0.000000000000000e+00
5178        ,  1.411000000000000e+00,  8.449963506049243e-01,  7.254838709677415e-03
5588        ,  0.000000000000000e+00,  1.564779434656734e-01,  0.000000000000000e+00
3720        ,  2.619999999999978e-02,  1.564779434656734e-01,  0.000000000000000e+00
4890        ,  2.595300000000000e+00,  2.832790933777516e+00,  2.820000000000000e-02
4512        ,  7.999000000000001e-01,  5.002654349842373e-01,  3.622448979591832e-03
5514        ,  0.000000000000000e+00,  1.564779434656734e-01,  0.000000000000000e+00
3501        ,  1.934100000000000e+00,  1.899060079738868e+00,  1.836138613861386e-02
5517        ,  1.991000000000000e+00,  1.723909197991053e+00,  1.651584158415842e-02
3513        ,  2.600500000000000e+00,  2.387584454313381e+00,  2.350891089108911e-02
3239        ,  9.895999999999999e-01,  1.252204570107987e+00,  1.154554455445544e-02
3963        ,  0.000000000000000e+00,  1.564779434656734e-01,  0.000000000000000e+00
3071        ,  0.000000000000000e+00,  1.564779434656734e-01,  0.000000000000000e+00
5146        ,  3.059299999999999e+00,  3.120793858969069e+00,  3.123465346534654e-02
4277        ,  2.930600000000000e+00,  2.602294628558958e+00,  2.577128712871287e-02
4506        ,  1.594500000000000e+00,  1.792271781893034e+00,  1.723617021276596e-02
4810        ,  2.130700000000000e+00,  2.374724235533785e+00,  2.337340425531915e-02
4125        ,  1.822700000000000e+00,  1.614375920683986e+00,  1.536170212765958e-02
3651        ,  2.001500000000000e+00,  2.048551426016267e+00,  1.993655913978494e-02
3018        ,  0.000000000000000e+00,  2.025168269567783e-01,  4.851063829787267e-04
4198        ,  4.097700000000001e+00,  3.786013900965181e+00,  3.824400000000000e-02
4495        ,  0.000000000000000e+00,  1.564779434656734e-01,  0.000000000000000e+00
5520        ,  0.000000000000000e+00,  1.564779434656734e-01,  0.000000000000000e+00
3661        ,  4.347600000000000e+00,  4.152703609747258e+00,  4.210776699029126e-02
3870        ,  1.333400000000000e+00,  6.031878639748547e-01,  4.706930693069307e-03
4345        ,  1.651000000000000e+00,  1.412512806844766e+00,  1.323469387755102e-02
5042        ,  3.263400000000000e+00,  3.079261300099683e+00,  3.079702970297029e-02
3404        ,  2.820000000000000e-02,  1.564779434656734e-01,  0.000000000000000e+00
4400        ,  2.935200000000000e+00,  2.147357747282653e+00,  2.097766990291262e-02
3249        ,  0.000000000000000e+00,  1.564779434656734e-01,  0.000000000000000e+00
4553        ,  3.322600000000000e+00,  3.227726103297939e+00,  3.236138613861386e-02
4068        ,  6.594600000000000e+00,  5.758896822138502e+00,  5.903203883495146e-02
4203        ,  1.323500000000000e+00,  1.505613611645402e+00,  1.421568627450980e-02
3957        ,  2.369100000000000e+00,  1.766005547252330e+00,  1.695940594059406e-02
5733        ,  3.228000000000000e-01,  5.032927859505798e-01,  3.654347826086955e-03
3015        ,  0.000000000000000e+00,  1.564779434656734e-01,  0.000000000000000e+00
3202        ,  0.000000000000000e+00,  1.564779434656734e-01,  0.000000000000000e+00
4717        ,  0.000000000000000e+00,  1.564779434656734e-01,  0.000000000000000e+00
4841        ,  4.640900000000000e+00,  3.977544517459756e+00,  4.026213592233010e-02
5828        ,  3.484800000000000e+00,  2.900526848704057e+00,  2.891372549019608e-02
4866        ,  4.522399999999999e+00,  4.074199902946126e+00,  4.128058252427184e-02
5817        ,  3.843800000000000e+00,  3.874633815742883e+00,  3.917777777777778e-02
4031        ,  3.750400000000000e+00,  3.767832737319641e+00,  3.805242718446601e-02
3288        ,  0.000000000000000e+00,  1.564779434656734e-01,  0.000000000000000e+00
3496        ,  4.153700000000000e+00,  3.995880477146875e+00,  4.045533980582524e-02
3796        ,  3.416900000000000e+00,  2.988508380366616e+00,  2.984077669902913e-02
5409        ,  5.116999999999998e-01,  1.564779434656734e-01,  0.000000000000000e+00
5282        ,  3.805300000000000e+00,  3.724243957007170e+00,  3.759313725490196e-02
3828        ,  3.228500000000000e+00,  3.233739867478121e+00,  3.242475247524752e-02
5063        ,  0.000000000000000e+00,  1.564779434656734e-01,  0.000000000000000e+00
3252        ,  4.925999999999999e-01,  3.121012680376843e-01,  1.639784946236558e-03
3014        ,  1.998000000000002e-01,  1.564779434656734e-01,  0.000000000000000e+00
5068        ,  2.732000000000000e+00,  2.501368778601227e+00,  2.470784313725490e-02
3899        ,  3.063600000000000e+00,  2.394913729407978e+00,  2.358613861386139e-02
4141        ,  3.190800000000000e+00,  3.422233788500717e+00,  3.441089108910891e-02
4921        ,  3.986700000000000e+00,  3.532852779804018e+00,  3.557647058823529e-02
5838        ,  1.495700000000000e+00,  1.841743389153212e+00,  1.775744680851064e-02
4786        ,  1.332600000000000e+00,  1.114550355551650e+00,  1.009509803921569e-02
5692        ,  2.643300000000000e+00,  2.358267353934991e+00,  2.320000000000000e-02
3463        ,  1.951400000000000e+00,  2.074291353820342e+00,  2.020777777777778e-02
4422        ,  4.267999999999996e-01,  6.750711389410988e-01,  5.464356435643567e-03
3366        ,  0.000000000000000e+00,  1.564779434656734e-01,  0.000000000000000e+00
3028        ,  0.000000000000000e+00,  1.564779434656734e-01,  0.000000000000000e+00
3709        ,  2.167100000000000e+00,  1.837259831577279e+00,  1.771020408163265e-02
5803        ,  2.048100000000000e+00,  2.211455568824528e+00,  2.165306122448980e-02
3373        ,  0.000000000000000e+00,  1.564779434656734e-01,  0.000000000000000e+00
4983        ,  0.000000000000000e+00,  3.486237816372429e+00,  3.508529411764706e-02
5375        ,  2.877700000000000e+00,  2.737056953300548e+00,  2.719126213592233e-02
5835        ,  0.000000000000000e+00,  1.564779434656734e-01,  0.000000000000000e+00
4094        ,  1.604600000000000e+00,  1.310744805799452e+00,  1.216237623762377e-02
5417        ,  2.387700000000000e+00,  2.402336969567891e+00,  2.366435643564357e-02
5313        ,  3.138300000000000e+00,  3.081516461667251e+00,  3.082079207920792e-02
4436        ,  1.310000000000011e-02,  1.564779434656734e-01,  0.000000000000000e+00
3260        ,  0.000000000000000e+00,  1.564779434656734e-01,  0.000000000000000e+00
4778        ,  3.289100000000000e+00,  3.000142715104157e+00,  2.996336633663366e-02
4478        ,  0.000000000000000e+00,  1.564779434656734e-01,  0.000000000000000e+00
5362        ,  1.485500000000000e+00,  1.120747443731811e+00,  1.016039603960396e-02
4615        ,  0.000000000000000e+00,  1.564779434656734e-01,  0.000000000000000e+00
4697        ,  9.560000000000013e-02,  1.564779434656734e-01,  0.000000000000000e+00
3244        ,  0.000000000000000e+00,  1.564779434656734e-01,  0.000000000000000e+00
5599        ,  1.938499999999999e+00,  2.005554466237609e+00,  1.948350515463918e-02
3817        ,  2.727700000000000e+00,  2.737886217809011e+00,  2.720000000000000e-02
3165        ,  1.235000000000000e+00,  1.627191569077604e+00,  1.549673913043478e-02
3983        ,  0.000000000000000e+00,  1.564779434656734e-01,  0.000000000000000e+00
5238        ,  2.869999999999995e-02,  1.564779434656734e-01,  0.000000000000000e+00
3079        ,  3.068500000000000e+00,  2.318426166241281e+00,  2.278019801980198e-02
3241        ,  3.769000000000000e-01,  7.941248766956494e-01,  6.718811881188122e-03
3656        ,  2.389100000000000e+00,  2.041135258495679e+00,  1.985841584158416e-02
5796        ,  1.643200000000000e+00,  1.430926124337786e+00,  1.342871287128713e-02
3337        ,  0.000000000000000e+00,  1.564779434656734e-01,  0.000000000000000e+00
5704        ,  2.854299999999999e+00,  3.149303053528149e+00,  3.153505154639175e-02
5189        ,  6.053000000000002e-01,  5.225948992946897e-01,  3.857731958762885e-03
2997        ,  0.000000000000000e+00,  1.564779434656734e-01,  0.000000000000000e+00
4912        ,  0.000000000000000e+00,  1.564779434656734e-01,  0.000000000000000e+00
3732        ,  0.000000000000000e+00,  1.564779434656734e-01,  0.000000000000000e+00
3415        ,  1.425400000000000e+00,  1.651520304090316e-01,  9.139784946236746e-05
5472        ,  0.000000000000000e+00,  1.564779434656734e-01,  0.000000000000000e+00
4618        ,  9.976000000000003e-01,  1.170121538858319e+00,  1.068064516129032e-02
5698        ,  2.943900000000000e+00,  2.893774261167180e+00,  2.884257425742574e-02
4062        ,  5.457999999999998e-01,  3.303768789020812e-01,  1.832352941176471e-03
5396        ,  3.100000000000103e-03,  1.564779434656734e-01,  0.000000000000000e+00
3240        ,  1.162500000000000e+00,  1.239859304207175e+00,  1.141546391752578e-02
4096        ,  3.949999999999998e-02,  1.374922945409837e+00,  1.283861386138614e-02
5882        ,  0.000000000000000e+00,  1.564779434656734e-01,  0.000000000000000e+00
5695        ,  2.888000000000000e+00,  1.977614874342502e+00,  1.918910891089109e-02
3911        ,  1.346200000000000e+00,  1.653230763973407e+00,  1.577111111111111e-02
4721        ,  2.367300000000000e+00,  3.305780700028631e+00,  3.318383838383838e-02
3785        ,  1.859500000000000e+00,  1.718670145785544e+00,  1.646063829787234e-02
5548        ,  0.000000000000000e+00,  1.564779434656734e-01,  0.000000000000000e+00
5293        ,  2.833800000000000e+00,  2.927603509245081e+00,  2.919902912621360e-02
3232        ,  9.213999999999998e-01,  9.173453481545871e-01,  8.017171717171716e-03
3655        ,  2.189700000000000e+00,  1.794195066846935e+00,  1.725643564356435e-02
4773        ,  2.457200000000000e+00,  2.138880821196146e+00,  2.088834951456311e-02
5682        ,  3.568200000000000e+00,  3.329704655348534e+00,  3.343592233009709e-02
4144        ,  7.689000000000000e-01,  4.495478326684157e-01,  3.088043478260870e-03
3749        ,  2.032700000000000e+00,  2.069110857622439e+00,  2.015319148936170e-02
3296        ,  6.007300000000000e+00,  5.830276517337230e+00,  5.978415841584158e-02
5247        ,  0.000000000000000e+00,  1.564779434656734e-01,  0.000000000000000e+00
3229        ,  5.016000000000003e-01,  6.486699544725478e-01,  5.186170212765955e-03
4845        ,  0.000000000000000e+00,  1.564779434656734e-01,  0.000000000000000e+00
3319        ,  9.309000000000001e-01,  3.636178017969324e-01,  2.182608695652175e-03
3459        ,  2.935700000000000e+00,  2.697105379462148e+00,  2.677029702970297e-02
3485        ,  1.129800000000000e+00,  1.279548404114755e+00,  1.183366336633663e-02
5562        ,  3.304500000000000e+00,  3.227705120807626e+00,  3.236116504854369e-02
3652        ,  1.815100000000000e+00,  1.736641464341282e+00,  1.665000000000000e-02
3196        ,  0.000000000000000e+00,  1.564779434656734e-01,  0.000000000000000e+00
5376        ,  2.012700000000000e+00,  2.049592114374061e+00,  1.994752475247525e-02
3326        ,  1.114300000000000e+00,  8.086954595896549e-01,  6.872340425531914e-03
3405        ,  2.360100000000000e+00,  2.171993587887004e+00,  2.123725490196078e-02
5728        ,  3.545400000000000e+00,  4.021219114905456e+00,  4.072233009708738e-02
5262        ,  2.010999999999994e-01,  2.396808158147609e-01,  8.766990291262135e-04
3624        ,  1.820700000000000e+00,  1.683581100413436e+00,  1.609090909090909e-02
4558        ,  0.000000000000000e+00,  1.564779434656734e-01,  0.000000000000000e+00
3358        ,  0.000000000000000e+00,  1.564779434656734e-01,  0.000000000000000e+00
4098        ,  2.567200000000000e+00,  3.631004093423302e+00,  3.661067961165049e-02
2987        ,  0.000000000000000e+00,  1.564779434656734e-01,  0.000000000000000e+00
4229        ,  6.249999999999996e-01,  3.944914539094590e-01,  2.507920792079209e-03
5741        ,  1.094500000000000e+00,  1.225085477288366e+00,  1.125979381443299e-02
5485        ,  6.596000000000002e-01,  6.956737060454999e-01,  5.681443298969076e-03
5538        ,  0.000000000000000e+00,  1.564779434656734e-01,  0.000000000000000e+00
5220        ,  2.462000000000000e-01,  8.919894922215877e-01,  7.750000000000001e-03
5595        ,  1.449800000000000e+00,  1.457253601515633e+00,  1.370612244897960e-02
3518        ,  1.070500000000000e+00,  1.141186269151011e+00,  1.037575757575758e-02
4115        ,  3.576900000000000e+00,  2.391437021991309e+00,  2.354950495049504e-02
4070        ,  7.039999999999997e-01,  1.564779434656734e-01,  0.000000000000000e+00
4076        ,  3.507100000000000e+00,  3.172028771445329e+00,  3.177450980392157e-02
5496        ,  2.170000000000000e+00,  2.359147913155317e+00,  2.320927835051546e-02
5813        ,  4.605999999999999e-01,  1.564779434656734e-01,  0.000000000000000e+00
5626        ,  2.421200000000000e+00,  2.544493648636455e+00,  2.516224489795918e-02
4109        ,  3.027700000000000e+00,  2.826213379205441e+00,  2.813069306930693e-02
4907        ,  3.617400000000000e+00,  3.574645124442216e+00,  3.601683168316831e-02
4193        ,  4.166600000000000e+00,  4.029051057485382e+00,  4.080485436893205e-02
3967        ,  2.306200000000000e+00,  2.184833637694507e+00,  2.137254901960784e-02
5159        ,  2.832700000000000e+00,  2.575781293866847e+00,  2.549191919191919e-02
5320        ,  0.000000000000000e+00,  1.564779434656734e-01,  0.000000000000000e+00
3838        ,  1.593100000000000e+00,  1.055144833716379e+00,  9.469148936170211e-03
5030        ,  2.814400000000000e+00,  2.668135858597207e+00,  2.646504854368932e-02
5355        ,  1.801200000000000e+00,  1.211517696826440e+00,  1.111683168316831e-02
4324        ,  0.000000000000000e+00,  1.885557374630280e-01,  3.379999999999983e-04
3781        ,  1.123700000000000e+00,  1.255252436960610e+00,  1.157765957446808e-02
3148        ,  4.490000000000016e-02,  1.564779434656734e-01,  0.000000000000000e+00
3941        ,  1.333200000000000e+00,  1.119356960690814e+00,  1.014574468085106e-02
5524        ,  0.000000000000000e+00,  1.564779434656734e-01,  0.000000000000000e+00
4304        ,  3.197500000000000e+00,  3.609412198608897e+00,  3.638316831683169e-02
4579        ,  0.000000000000000e+00,  1.564779434656734e-01,  0.000000000000000e+00
4960        ,  0.000000000000000e+00,  1.564779434656734e-01,  0.000000000000000e+00
3333        ,  0.000000000000000e+00,  1.564779434656734e-01,  0.000000000000000e+00
3638        ,  3.944000000000000e+00,  3.734846437983016e+00,  3.770485436893204e-02
4596        ,  1.153000000000000e-01,  7.803311886382348e-01,  6.573469387755108e-03
3645        ,  0.000000000000000e+00,  1.564779434656734e-01,  0.000000000000000e+00
4365        ,  4.376200000000001e+00,  4.951653893400567e+00,  5.052621359223301e-02
5703        ,  3.516900000000001e+00,  3.154997142743856e+00,  3.159504950495049e-02
5482        ,  9.074999999999998e-01,  9.612507622087036e-01,  8.479797979797980e-03
4940        ,  4.171100000000000e+00,  4.824039299598257e+00,  4.918155339805826e-02
4100        ,  0.000000000000000e+00,  1.564779434656734e-01,  0.000000000000000e+00
4789        ,  3.575900000000000e+00,  3.499285142059305e+00,  3.522277227722773e-02
4275        ,  3.135000000000000e+00,  2.222363800668091e+00,  2.176800000000000e-02
4197        ,  1.164100000000000e+00,  9.530198021439090e-01,  8.393069306930699e-03
3154        ,  0.000000000000000e+00,  1.564779434656734e-01,  0.000000000000000e+00
3659        ,  1.149999999999984e-02,  1.564779434656734e-01,  0.000000000000000e+00
5067        ,  2.608600000000000e+00,  3.723144594363598e+00,  3.758155339805825e-02
5018        ,  1.576900000000000e+00,  1.287159574405299e+00,  1.191386138613862e-02
4723        ,  8.354000000000004e-01,  1.030916841290335e+00,  9.213861386138613e-03
4392        ,  4.559800000000000e+00,  5.278936952740499e+00,  5.397475728155340e-02
3324        ,  2.361700000000000e+00,  2.322223754359718e+00,  2.282021276595745e-02
4996        ,  0.000000000000000e+00,  1.564779434656734e-01,  0.000000000000000e+00
3052        ,  4.224600000000000e+00,  4.097842608118094e+00,  4.152970297029702e-02
3380        ,  3.602999999999998e-01,  7.798896744888965e-01,  6.568817204301075e-03
3617        ,  2.533399999999999e+00,  2.659907806853445e+00,  2.637835051546392e-02
3997        ,  2.932200000000000e+00,  2.821181230659039e+00,  2.807766990291263e-02
5278        ,  1.021200000000000e+00,  1.564779434656734e-01,  0.000000000000000e+00
5105        ,  1.147400000000000e+00,  1.517595257001072e+00,  1.434193548387097e-02
4114        ,  2.924900000000000e+00,  3.457188792798027e+00,  3.477920792079207e-02
3833        ,  2.096400000000000e+00,  1.906953145225358e+00,  1.844455445544555e-02
3095        ,  0.000000000000000e+00,  1.564779434656734e-01,  0.000000000000000e+00
3011        ,  0.000000000000000e+00,  1.564779434656734e-01,  0.000000000000000e+00
5315        ,  1.127500000000000e+00,  1.261814997107368e+00,  1.164680851063830e-02
5049        ,  3.301000000000000e+00,  3.161198837054670e+00,  3.166039603960396e-02
3790        ,  0.000000000000000e+00,  1.564779434656734e-01,  0.000000000000000e+00
3618        ,  3.023200000000000e+00,  7.481759597564418e-01,  6.234653465346532e-03
3301        ,  1.573000000000000e+00,  1.564779434656734e-01,  0.000000000000000e+00
4357        ,  2.144500000000000e+00,  1.564779434656734e-01,  0.000000000000000e+00
3352        ,  2.475100000000000e+00,  2.117434891531745e+00,  2.066237623762376e-02
4411        ,  0.000000000000000e+00,  1.564779434656734e-01,  0.000000000000000e+00
4616        ,  3.628800000000000e+00,  3.192963635261911e+00,  3.199509803921569e-02
4259        ,  0.000000000000000e+00,  1.564779434656734e-01,  0.000000000000000e+00
3487        ,  0.000000000000000e+00,  1.564779434656734e-01,  0.000000000000000e+00
4917        ,  2.182400000000000e+00,  2.163967806403772e+00,  2.115268817204301e-02
5549        ,  2.207500000000000e+00,  3.248436733519191e+00,  3.257961165048543e-02
3735        ,  4.644100000000000e+00,  4.236735746604809e+00,  4.299320388349515e-02
5911        ,  1.002100000000000e+00,  1.714544962290030e+00,  1.641717171717172e-02
4467        ,  1.254100000000000e+00,  1.071747188112471e+00,  9.644086021505377e-03
3445        ,  0.000000000000000e+00,  1.564779434656734e-01,  0.000000000000000e+00
4870        ,  2.521100000000000e+00,  2.597465974794386e+00,  2.572040816326530e-02
3325        ,  6.866999999999999e-01,  2.076841983315513e+00,  2.023465346534653e-02
4281        ,  2.025100000000000e+00,  1.744058774666976e+00,  1.672815533980582e-02
3654        ,  0.000000000000000e+00,  1.564779434656734e-01,  0.000000000000000e+00
5206        ,  2.109000000000000e+00,  2.325295303129439e+00,  2.285257731958763e-02
3947        ,  5.163000000000002e-01,  5.290254755616483e-01,  3.925490196078431e-03
4924        ,  3.480100000000000e+00,  3.682418492947987e+00,  3.715242718446602e-02
5144        ,  1.861700000000000e+00,  1.224568627311218e+00,  1.125434782608696e-02
3039        ,  1.061300000000000e+00,  1.360426791366133e+00,  1.268586956521740e-02
4388        ,  0.000000000000000e+00,  1.564779434656734e-01,  0.000000000000000e+00
3816        ,  3.645000000000000e+00,  3.086684540259596e+00,  3.087524752475247e-02
3142        ,  0.000000000000000e+00,  1.564779434656734e-01,  0.000000000000000e+00
4664        ,  1.383200000000000e+00,  2.066677456199105e+00,  2.012755102040817e-02
3944        ,  1.181500000000000e+00,  1.996766663109504e+00,  1.939090909090909e-02
4389        ,  1.188300000000000e+00,  1.272313094085473e+00,  1.175742574257426e-02
3399        ,  0.000000000000000e+00,  1.564779434656734e-01,  0.000000000000000e+00
3008        ,  0.000000000000000e+00,  1.564779434656734e-01,  0.000000000000000e+00
3515        ,  0.000000000000000e+00,  1.564779434656734e-01,  0.000000000000000e+00
5619        ,  0.000000000000000e+00,  1.564779434656734e-01,  0.000000000000000e+00
3269        ,  0.000000000000000e+00,  1.564779434656734e-01,  0.000000000000000e+00
4525        ,  1.162800000000000e+00,  1.596920632498761e+00,  1.517777777777777e-02
3019        ,  3.700100000000000e+00,  2.555124165770652e+00,  2.527425742574257e-02
4112        ,  5.923999999999998e-01,  1.564779434656734e-01,  0.000000000000000e+00
5264        ,  0.000000000000000e+00,  1.564779434656734e-01,  0.000000000000000e+00
4500        ,  0.000000000000000e+00,  1.564779434656734e-01,  0.000000000000000e+00
5530        ,  0.000000000000000e+00,  1.853532081114100e-01,  3.042553191489357e-04
3940        ,  2.413200000000000e+00,  2.028356009612792e+00,  1.972376237623763e-02
5810        ,  1.667300000000000e+00,  1.838638521987004e+00,  1.772473118279570e-02
4207        ,  1.619500000000000e+00,  2.895747527538802e+00,  2.886336633663367e-02
4780        ,  3.433200000000000e+00,  3.424676880198915e+00,  3.443663366336634e-02
3303        ,  0.000000000000000e+00,  1.564779434656734e-01,  0.000000000000000e+00
4836        ,  2.266100000000000e+00,  2.238307792950801e+00,  2.193600000000000e-02
4231        ,  3.127200000000000e+00,  3.174917736590711e+00,  3.180495049504951e-02
3819        ,  0.000000000000000e+00,  1.564779434656734e-01,  0.000000000000000e+00
5097        ,  1.196899999999999e+00,  1.268272596276913e+00,  1.171485148514852e-02
3763        ,  0.000000000000000e+00,  1.564779434656734e-01,  0.000000000000000e+00
4562        ,  2.138600000000000e+00,  2.158409187366022e+00,  2.109411764705883e-02
4323        ,  0.000000000000000e+00,  1.564779434656734e-01,  0.000000000000000e+00
3413        ,  1.719700000000000e+00,  1.405383620625682e+00,  1.315957446808511e-02
5719        ,  2.343600000000000e+00,  1.912591049144278e+00,  1.850396039603960e-02
4777        ,  1.779300000000000e+00,  1.853354072489784e+00,  1.787978723404255e-02
5400        ,  3.421000000000000e+00,  3.150392854543404e+00,  3.154653465346534e-02
3626        ,  3.394699999999999e+00,  3.325458062261079e+00,  3.339117647058824e-02
4443        ,  2.707600000000000e+00,  2.775002418608575e+00,  2.759108910891089e-02
3567        ,  3.290600000000000e+00,  3.311780617900912e+00,  3.324705882352941e-02
4372        ,  0.000000000000000e+00,  1.564779434656734e-01,  0.000000000000000e+00
3207        ,  0.000000000000000e+00,  1.564779434656734e-01,  0.000000000000000e+00
4597        ,  2.728600000000000e+00,  1.822625137008748e+00,  1.755600000000000e-02
5191        ,  2.255300000000000e+00,  2.269720332531366e+00,  2.226699029126214e-02
5883        ,  5.354999999999999e-01,  6.570237841382727e-01,  5.274193548387096e-03
3138        ,  0.000000000000000e+00,  1.564779434656734e-01,  0.000000000000000e+00
3539        ,  2.172700000000000e+00,  2.320109787720849e+00,  2.279793814432990e-02
5478        ,  5.165000000000000e+00,  5.153073028456054e+00,  5.264854368932038e-02
3753        ,  0.000000000000000e+00,  1.564779434656734e-01,  0.000000000000000e+00
3195        ,  8.440000000000003e-02,  1.564779434656734e-01,  0.000000000000000e+00
4979        ,  1.930300000000000e+00,  1.998020792908150e+00,  1.940412371134021e-02
5128        ,  4.194100000000000e+00,  4.234708655584122e+00,  4.297184466019417e-02
5207        ,  0.000000000000000e+00,  1.564779434656734e-01,  0.000000000000000e+00
5603        ,  1.377800000000001e+00,  1.614942942197831e+00,  1.536767676767677e-02
4572        ,  2.515200000000000e+00,  2.291176297299829e+00,  2.249306930693069e-02
