0             0|21|div
1             0|abs
2             21|0|mult
3             27|0|mult
4             25|0|mult
5             14|0|mult
6             0|28|div
7             0|24|div
8             0|27|div
9             20|0|mult
10            24|0|mult
11            28|0|mult
12            0|25|div
13            0|15|div
14            15|0|mult
15            0|sqrt
16            0|14|div
17            0|22|div
18            18|0|mult
19            12|0|mult
20            0|23|div
21            0|20|div
22            13|0|mult
23            0|18|div
24            0|12|div
25            17|0|mult
26            22|0|mult
27            0|13|div
28            0|17|div
29            23|0|mult
30            0|cbrt
31            0|sq
32            0|8|div
33            0|6|div
34            7|0|mult
35            10|0|mult
36            0|10|div
37            0|7|div
38            5|0|mult
39            0|5|div
40            0|3|div
41            3|0|mult
42            24|0|add
43            0|cb
44            0|11|div
45            0|1|div
46            29|0|mult
47            16|0|mult
48            0|9|div
49            9|0|mult
50            26|0|mult
51            0|19|div
52            15|0|add
53            11|0|mult
54            0|4|div
55            19|0|mult
56            0|2|div
57            0|16|div
58            0|29|div
59            28|11|div
60            24|11|div
61            15|11|div
62            28|12|div
63            28|17|div
64            8|0|mult
65            24|17|div
66            13|9|mult
67            24|12|div
68            12|9|mult
69            0|sp
70            15|17|div
71            28|20|div
72            15|12|div
73            18|9|mult
74            21|12|div
75            9|5|mult
76            21|11|div
77            9|cbrt
78            28|13|div
79            9|7|mult
80            24|20|div
81            12|24|div
82            0|26|div
83            9|3|mult
84            20|12|add
85            14|12|add
86            9|sqrt
87            23|9|mult
88            25|9|mult
89            22|9|mult
90            12|21|div
91            2|cbrt
92            20|21|div
93            28|14|div
94            24|14|div
95            20|24|div
96            9|24|div
97            27|12|add
98            15|20|div
99            20|9|mult
100           24|13|div
101           20|12|mult
102           15|13|div
103           21|14|div
104           14|9|mult
105           27|9|mult
106           21|27|div
107           21|17|div
108           11|inv
109           28|18|div
110           12|cbrt
111           21|sp
112           17|9|mult
113           14|12|mult
114           12|sqrt
115           6|0|mult
116           25|12|add
117           12|5|add
118           27|12|mult
119           20|28|div
120           21|20|div
121           12|3|add
122           20|13|add
123           9|4|add
124           9|2|add
125           4|cbrt
126           14|13|add
127           20|14|add
128           24|18|div
129           12
130           12|inv
131           12|7|add
132           2|sqrt
133           13|24|div
134           12|28|div
135           3|2|div
136           25|12|mult
137           7|2|div
138           10|2|div
139           21|25|div
140           7|4|div
141           15|14|div
142           20|14|mult
143           9|28|div
144           21|13|div
145           10|4|div
146           27|13|add
147           19|13|mult
148           18|24|div
149           9|21|div
150           5|2|div
151           15|18|div
152           14|inv
153           19|3|mult
154           18|14|add
155           3|4|div
156           9|15|div
157           19|5|mult
158           20|18|add
159           14|cbrt
160           28|5|div
161           27|20|add
162           14|sqrt
163           28|27|div
164           5|4|div
165           27|14|add
166           13|5|add
167           25|13|add
168           11|cbrt
169           28|7|div
170           23|19|mult
171           24|7|div
172           20|15|div
173           13|3|add
174           24|5|div
175           19|7|mult
176           5|24|div
177           20|13|mult
178           15|5|div
179           4|sqrt
180           27|inv
181           19|12|mult
182           28|10|div
183           14|5|add
184           13|21|div
185           13|7|add
186           28|25|div
187           13|12|add
188           14
189           27|20|mult
190           25|20|add
191           14|1|div
192           12|sq
193           24|27|div
194           25|14|add
195           14|3|add
196           14|24|div
197           20
198           15|7|div
199           27|21|div
200           24|10|div
201           20|3|add
202           5|21|div
203           9
204           20|5|add
205           10|9|mult
206           27|18|add
207           20|1|div
208           15|10|div
209           14|13|mult
210           7|24|div
211           20|sqrt
212           20|sq
213           25|1|div
214           27|1|div
215           12|15|div
216           3|24|div
217           20|cbrt
218           19|18|mult
219           14|7|add
220           27|24|div
221           3|cbrt
222           27|14|mult
223           28|3|div
224           18|5|add
225           13|28|div
226           28|1|div
227           22|19|mult
228           24|25|div
229           21|cb
230           3|sqrt
231           17|28|div
232           25|20|mult
233           15|1|div
234           21|17|sub
235           20|18|mult
236           18|3|add
237           3|21|div
238           25|21|div
239           27|cbrt
240           19|17|mult
241           27|13|mult
242           20|7|add
243           25|24|div
244           5|cbrt
245           18|12|add
246           5|28|div
247           15|3|div
248           16|8|div
249           24|3|div
250           27|sqrt
251           5|sqrt
252           25|18|add
253           12|5|mult
254           18|14|mult
255           24|1|div
256           1|inv
257           25|14|mult
258           17|24|div
259           21|18|div
260           21|1|div
261           25|13|mult
262           18|21|div
263           27|5|add
264           26|8|div
265           19|2|add
266           7|21|div
267           27|3|add
268           27
269           12|7|mult
270           18|7|add
271           25|inv
272           15|27|div
273           13|cbrt
274           29|11|div
275           18|28|div
276           20|cb
277           16|6|div
278           21|10|sub
279           11|sqrt
280           13|sqrt
281           14|21|div
282           23|12|add
283           3|25|div
284           12|3|mult
285           17|nexp
286           26|6|div
287           22|12|add
288           7|28|div
289           3|28|div
290           5|3|add
291           28|21|mult
292           17|inv
293           5
294           9|6|mult
295           29|1|div
296           3|27|div
297           25|5|add
298           27|25|add
299           25|3|add
300           27|7|add
301           27|18|mult
302           3
303           14|5|mult
304           15|25|div
305           24|21|mult
306           14|sq
307           16|1|div
308           20|5|mult
309           7|cbrt
310           13|inv
311           26|1|div
312           5|25|div
313           13|12|mult
314           7|sqrt
315           27|11|div
316           7|3|add
317           7|5|add
318           21|sq
319           19|cbrt
320           25|18|mult
321           25|cbrt
322           19|24|div
323           13
324           20|inv
325           27|sq
326           21|8|div
327           16|11|div
328           8|1|div
329           5|27|div
330           25|sqrt
331           20|3|mult
332           13|15|div
333           17|15|div
334           18|12|mult
335           5|3|div
336           24|inv
337           19|10|mult
338           25|7|add
339           14|3|mult
340           5|15|div
341           14|7|mult
342           20|7|mult
343           27|5|mult
344           23|20|add
345           13|5|mult
346           19|9|add
347           22|20|add
348           20|11|div
349           8|inv
350           27|25|mult
351           25
352           29|8|div
353           18|13|add
354           26|5|div
355           12|cb
356           25|28|div
357           7
358           20|5|div
359           28|9|div
360           18|5|mult
361           27|28|div
362           21|15|mult
363           27|3|mult
364           19|9|abd
365           18|15|div
366           20|3|div
367           21|5|div
368           3|5|div
369           17|21|div
370           24|cbrt
371           25|11|div
372           25|5|mult
373           23|14|add
374           13|7|mult
375           3|20|div
376           26|7|div
377           17|14|mult
378           7|1|div
379           15|9|div
380           24|9|div
381           6|22|div
382           1|cbrt
383           22|14|add
384           7|15|div
385           21|9|mult
386           24|sqrt
387           25|3|mult
388           3|15|div
389           13|3|mult
390           19|9|sub
391           11|28|div
392           29|5|div
393           26|3|div
394           16|5|div
395           5|1|div
396           14|28|div
397           23|13|add
398           20|4|div
399           26|12|div
400           27|cb
401           29|6|div
402           18|3|mult
403           24|15|add
404           10|1|div
405           27|7|mult
406           8|cbrt
407           25|19|mult
408           5|20|div
409           19|sqrt
410           18|7|mult
411           22|13|add
412           6|1|div
413           6|23|div
414           21|7|div
415           25|sq
416           26|10|div
417           16|17|div
418           29|3|div
419           18|cbrt
420           26|11|div
421           21|6|div
422           18|sqrt
423           16|7|div
424           28
425           19|14|mult
426           6|cbrt
427           19|6|mult
428           20|2|div
429           25|8|div
430           29|7|div
431           25|7|mult
432           26|13|div
433           16|3|div
434           28|sqrt
435           26|20|div
436           16|10|div
437           20|19|mult
438           21
439           21|3|div
440           6|sqrt
441           29|10|div
442           18
443           7|25|div
444           27|15|div
445           28|cbrt
446           25|15|div
447           18|1|div
448           26|17|div
449           17|log
450           28|8|div
451           19|4|add
452           26|14|div
453           24
454           22|8|div
455           10|28|div
456           6|inv
457           7|27|div
458           27|8|div
459           8|sqrt
460           5|inv
461           28|sq
462           8|22|div
463           11|15|div
464           21|10|div
465           16|12|div
466           11|24|div
467           10|24|div
468           3|14|div
469           25|cb
470           14|4|div
471           17|11|div
472           15|8|div
473           18|13|mult
474           13|sq
475           14|15|div
476           29|17|div
477           18|inv
478           28|24|mult
479           24|8|div
480           20|6|mult
481           26|24|mult
482           27|19|mult
483           23|3|add
484           15|sqrt
485           23|5|add
486           1|sqrt
487           15|cbrt
488           26|18|div
489           14|cb
490           17|12|mult
491           22|5|add
492           22|3|add
493           9|8|mult
494           19|15|div
495           20|17|mult
496           15
497           20|7|div
498           28|15|mult
499           23|18|add
#-----------------------------------------------------------------------
500           11|6|div
501           11|8|div
502           3|6|div
503           3|8|div
504           17|23|div
505           17|22|div
506           5|6|div
507           5|8|div
508           7|6|div
509           11|23|div
510           6|3|div
511           10|6|div
512           20|22|div
513           20|23|div
514           7|8|div
515           10|8|div
516           11|22|div
517           6|5|div
518           17|6|div
519           6|7|div
520           25|20|sub
521           8|3|div
522           11|1|div
523           17|8|div
524           20|15|mult
525           21|cos
526           23|17|div
527           17|12|div
528           12|17|div
529           22|17|div
530           20|6|div
531           6|10|div
532           8|5|div
533           27|22|div
534           11|19|div
535           8|7|div
536           22|20|div
537           14|23|div
538           27|23|div
539           14|22|div
540           20|14|div
541           23|20|div
542           6|17|div
543           20|25|div
544           27|15|mult
545           20|8|div
546           25|23|div
547           25|22|div
548           25|20|div
549           27|25|div
550           29|16|div
551           25|27|div
552           20|3|sub
553           6|13|div
554           14|6|div
555           20|5|sub
556           14|20|div
557           6|18|div
558           17|15|mult
559           27|25|sub
560           6|11|div
561           27|25|abd
562           6|20|div
563           11|3|div
564           11|5|div
565           8|10|div
566           6|27|div
567           28|6|mult
568           15|0|sub
569           6|25|div
570           8|17|div
571           17|13|div
572           22|27|div
573           8|11|div
574           11|10|div
575           13|6|div
576           14|8|div
577           24|20|mult
578           23|27|div
579           24|6|mult
580           23|20|abd
581           6|12|div
582           15|14|mult
583           11|7|div
584           6|14|div
585           9|6|div
586           15|6|mult
587           11|9|div
588           21|6|mult
589           23|20|sub
590           6
591           24|0|sub
592           7|23|div
593           18|6|div
594           27|6|div
595           12|6|div
596           13|17|div
597           15|11|mult
598           24|23|div
599           24|22|div
600           13|8|div
601           20|14|sub
602           25|6|div
603           12|6|mult
604           14|6|mult
605           17|18|div
606           23|11|div
607           22|20|abd
608           18|17|div
609           1|4|div
610           23|25|div
611           22|25|div
612           16|29|div
613           22|20|sub
614           23|inv
615           6|21|div
616           8|13|div
617           15|23|div
618           25|6|mult
619           3|1|div
620           15|22|div
621           26|6|mult
622           8|18|div
623           22|inv
624           25|15|mult
625           21|23|div
626           27|6|mult
627           1|2|div
628           20|7|sub
629           28|23|div
630           26|8|mult
631           23|6|mult
632           28|8|mult
633           8|20|div
634           22|11|div
635           27|24|mult
636           18|23|div
637           18|6|mult
638           18|8|div
639           21|22|div
640           22|6|mult
641           8|27|div
642           23|cbrt
643           28|22|div
644           12|8|div
645           15|21|div
646           6|24|div
647           23|sqrt
648           6|5|mult
649           13|6|mult
650           10|23|div
651           12|11|div
652           22|3|abd
653           22|cbrt
654           23|21|div
655           22|sqrt
656           6|3|mult
657           8|25|div
658           24|8|mult
659           23
660           23|22|add
661           19|8|mult
662           23|15|div
663           22|21|div
664           21|15|div
665           7|6|mult
666           18|22|div
667           23|24|div
668           22
669           1|17|div
670           23|14|mult
671           8|12|div
672           22|24|div
673           15|28|div
674           15|8|mult
675           21|8|mult
676           18|12|abd
677           22|15|div
678           8|14|div
679           23|14|div
680           6|15|div
681           15|sq
682           13|23|div
683           24|15|mult
684           13|11|div
685           22|14|div
686           22|14|mult
687           28|20|mult
688           8
689           9|8|div
690           23|12|mult
691           18|11|div
692           28|15|div
693           15|inv
694           12|8|mult
695           23|21|mult
696           14|8|mult
697           23|sq
698           24|21|div
699           23|22|mult
700           20|14|abd
701           15|cb
702           22|12|mult
703           1|10|div
704           21|24|div
705           23|18|div
706           25|23|mult
707           22|21|mult
708           22|sq
709           6|28|div
710           5|11|div
711           1|7|div
712           19|1|mult
713           8|23|div
714           1|3|div
715           8|21|div
716           25|8|mult
717           10|11|div
718           24|sq
719           16|6|mult
720           25|22|mult
721           24|6|div
722           23|28|div
723           23|8|mult
724           20|8|mult
725           3|11|div
726           5|23|div
727           1|5|div
728           22|8|mult
729           10|6|mult
730           13|22|div
731           27|8|mult
732           18|8|mult
733           17|6|mult
734           8|5|mult
735           11|12|div
736           1|27|div
737           26|19|div
738           22|28|div
739           16|8|mult
740           8|24|div
741           13|8|mult
742           28|1|mult
743           1|18|div
744           28|6|div
745           27|23|mult
746           15|6|div
747           27|20|sub
748           8|3|mult
749           7|11|div
750           24|1|mult
751           6|sq
752           1|13|div
753           14|sp
754           14|11|div
755           1|25|div
756           1|20|div
757           1|11|div
758           1|22|div
759           3|cb
760           1|23|div
761           23|cb
762           12|23|div
763           14|1|mult
764           22|18|div
765           27|22|mult
766           24|cb
767           20|12|div
768           8|7|mult
769           23|18|mult
770           25|23|add
771           12|1|mult
772           22|cb
773           22|6|div
774           25|22|add
775           1
776           5|cb
777           26|1|mult
778           23|3|abd
779           8|15|div
780           15|1|mult
781           21|1|mult
782           22|18|mult
783           1|21|div
784           9|1|mult
785           23|13|mult
786           7|22|div
787           12|20|div
788           1|12|div
789           23|6|div
790           18|12|sub
791           23|13|div
792           23|3|mult
793           5|sp
794           12|sp
795           22|13|mult
796           11|13|div
797           20|1|mult
798           25|1|mult
799           5|1|mult
800           26|23|mult
801           23|5|mult
802           13|1|mult
803           18|1|mult
804           1|14|div
805           27|23|sub
806           28|cb
807           3|1|mult
808           8|28|div
809           27|1|mult
810           22|3|mult
811           1|24|div
812           23|20|mult
813           2|11|div
814           1|15|div
815           15|sp
816           8|6|mult
817           22|1|mult
818           22|5|mult
819           12|22|div
820           23|1|mult
821           10|sin
822           28|21|div
823           7|1|mult
824           26|22|mult
825           6|2|mult
826           19|28|div
827           22|18|add
828           24|11|mult
829           3|sq
830           23|7|mult
831           26|2|div
832           22|5|abd
833           29|6|mult
834           25|sp
835           10|8|mult
836           27|23|add
837           22|20|mult
838           10|22|div
839           1|28|div
840           14|2|mult
841           28|11|mult
842           5|3|mult
843           17|8|mult
844           27|22|add
845           28|27|mult
846           22|7|mult
847           11|4|div
848           3|sp
849           16|19|div
850           6|1|mult
851           24|15|sub
852           12|2|mult
853           2|15|div
854           23|18|abd
855           24|17|mult
856           11|18|div
857           3|2|mult
858           28|inv
859           7|cb
860           28|23|mult
861           5|2|mult
862           26|4|div
863           21|17|add
864           17|10|abd
865           22|18|abd
866           28|sp
867           8|sq
868           29|8|mult
869           5|sq
870           22|13|div
871           23|12|div
872           27|22|sub
873           2|24|div
874           2|28|div
875           2|21|div
876           8|2|mult
877           7|3|mult
878           22|2|mult
879           7|2|mult
880           23|2|mult
881           25|7|sub
882           25|2|mult
883           18|2|mult
884           21|28|div
885           13|2|mult
886           8|1|mult
887           6|4|mult
888           2|17|div
889           2
890           23|7|add
891           20|2|mult
892           12|4|mult
893           1|8|div
894           23|8|div
895           17|1|mult
896           27|2|mult
897           2|27|div
898           2|20|div
899           5|3|sub
900           7|5|mult
901           16|1|mult
902           4|3|mult
903           22|7|add
904           4|2|add
905           10|1|mult
906           6|9|div
907           26|15|div
908           23|16|mult
909           26|4|mult
910           5|4|mult
911           14|4|mult
912           26|2|mult
913           26|cb
914           19|21|div
915           19|6|div
916           23|22|div
917           2|25|div
918           21|2|mult
919           7|3|sub
920           16|2|div
921           20|18|div
922           16|sp
923           11|17|div
924           28|22|mult
925           21|sqrt
926           13|4|mult
927           21|cbrt
928           21|log
929           23|4|mult
930           22|16|mult
931           21|10|add
932           23|18|sub
933           8|6|div
934           21|inv
935           26|9|div
936           26|sq
937           1|sq
938           22|23|div
939           23|10|div
940           7|sp
941           18|4|mult
942           7|sq
943           28|17|mult
944           27|20|div
945           4|15|div
946           24|sp
947           8|4|mult
948           29|19|div
949           28|2|mult
950           26|24|div
951           22|4|mult
952           11|14|div
953           16|cb
954           4|2|sub
955           23|10|mult
956           24|2|mult
957           22|12|div
958           2|1|mult
959           18|20|div
960           4|24|div
961           7|4|mult
962           25|24|mult
963           2|10|div
964           9|2|mult
965           5|22|div
966           16|4|div
967           2|18|div
968           10|15|div
969           24|23|mult
970           29|2|div
971           25|4|mult
972           8|9|div
973           22|10|mult
974           4|1|mult
975           20|4|mult
976           22|18|sub
977           4|21|div
978           3|17|div
979           18|cb
980           20|12|abd
981           24|14|mult
982           26|16|mult
983           26|28|div
984           2|14|div
985           18|sp
986           2|13|div
987           2|7|div
988           4|28|div
989           27|4|mult
990           11|25|div
991           22|sp
992           29|1|mult
993           4
994           15|2|mult
995           10|3|mult
996           23|sp
997           20|sp
998           10|2|mult
999           19
#-----------------------------------------------------------------------
