# c0 + a0 * cbrt(ave:boiling_point)
# Property Label: $bandgap$; Unit of the Property: energy
# RMSE: 1.28472931868033; Max AE: 5.6679587714939
# Coefficients
# Task   a0                      c0
# all , -4.133268583136611e-01,  5.865590038114292e+00, 
# Feature Rung, Units, and Expressions
# 0;  1; temperature^0.333333;                             6|cbrt; cbrt(ave:boiling_point); $\left(\sqrt[3]{ ave:boiling_{point} }\right)$; nthroot(ave:boiling_point, 3); ave:boiling_point
# Number of Samples Per Task
# Task, n_mats_train            
# all , 1143                  

# Sample ID , Property Value        ,  Property Value (EST) ,  Feature 0 Value      
3577        ,  5.216900000000000e+00,  2.803455266238598e+00,  7.408506634117481e+00
3033        ,  0.000000000000000e+00,  1.245049426894359e+00,  1.117890240685387e+01
3404        ,  2.820000000000000e-02,  1.219234182899617e+00,  1.124135962074039e+01
5293        ,  2.833800000000000e+00,  2.764867249241962e+00,  7.501866202266697e+00
3707        ,  1.609999999999999e+00,  1.553307703263673e+00,  1.043310457114829e+01
4870        ,  2.521100000000000e+00,  2.161577633112739e+00,  8.961460719280653e+00
5075        ,  0.000000000000000e+00,  1.897247603408649e+00,  9.600978873950140e+00
5647        ,  3.195000000000000e+00,  1.626357537842833e+00,  1.025636833175365e+01
3574        ,  2.645500000000000e+00,  1.883954863160210e+00,  9.633139233193846e+00
3908        ,  1.994499999999999e+00,  2.297856046013047e+00,  8.631749716573708e+00
4303        ,  0.000000000000000e+00,  1.813283280014026e+00,  9.804121548339101e+00
4042        ,  1.349900000000000e+00,  1.250316582438486e+00,  1.116615908897316e+01
3447        ,  1.737800000000000e+00,  1.499170892472091e+00,  1.056408277811131e+01
3615        ,  3.120000000000012e-02,  1.280643152679451e+00,  1.109278720512149e+01
4735        ,  0.000000000000000e+00,  8.088912749800141e-02,  1.399546338270246e+01
4141        ,  3.190800000000000e+00,  2.651313528025236e+00,  7.776597250909449e+00
4420        ,  0.000000000000000e+00,  6.607629086819224e-01,  1.259252096674198e+01
4136        ,  0.000000000000000e+00,  1.775207295394827e+00,  9.896242309072012e+00
3925        ,  4.481500000000000e+00,  3.527271725344811e+00,  5.657310348303094e+00
4443        ,  2.707600000000000e+00,  1.416972010255908e+00,  1.076295415693133e+01
4617        ,  2.861800000000000e+00,  1.701304227181633e+00,  1.007504285572585e+01
3836        ,  2.259999999999995e-02,  8.122395346141846e-01,  1.222603951777379e+01
5832        ,  3.573500000000000e+00,  2.067490733213140e+00,  9.189093881769693e+00
4712        ,  1.100500000000000e+00,  8.743875227297288e-01,  1.207567912655919e+01
4913        ,  1.940700000000000e+00,  1.372142787576581e+00,  1.087141365279430e+01
4046        ,  0.000000000000000e+00,  1.987867061496694e+00,  9.381734815004238e+00
4558        ,  0.000000000000000e+00,  5.732711708991766e-01,  1.280419784189039e+01
4191        ,  1.821500000000000e+00,  2.063777466112978e+00,  9.198077733231253e+00
4636        ,  3.054200000000000e+00,  2.705781314760258e+00,  7.644818283151957e+00
5195        ,  2.369000000000003e-01,  1.091194263010243e+00,  1.155113847327315e+01
4525        ,  1.162800000000000e+00,  1.632703555960769e+00,  1.024101482159506e+01
3086        ,  1.589400000000000e+00,  1.287841813458602e+00,  1.107537081749906e+01
5751        ,  5.041900000000000e+00,  3.170270557556398e+00,  6.521036381605037e+00
5102        ,  3.760100000000000e+00,  2.426595210505545e+00,  8.320279116725096e+00
5500        ,  1.070000000000002e-01,  1.538078975444928e+00,  1.046994884466315e+01
3022        ,  0.000000000000000e+00,  2.456779451190614e-01,  1.359677451381699e+01
3170        ,  1.528999999999998e-01,  2.685150530495720e+00,  7.694732252809554e+00
4533        ,  1.544200000000000e+00,  1.784558605838025e+00,  9.873617816481934e+00
5493        ,  0.000000000000000e+00,  1.006341392130460e+00,  1.175643089299631e+01
5095        ,  9.836999999999998e-01,  1.284191527680319e+00,  1.108420229240775e+01
5258        ,  3.733000000000000e-01,  1.086389914859721e+00,  1.156276207830603e+01
3559        ,  4.266400000000000e+00,  3.234004204401409e+00,  6.366839659173210e+00
3426        ,  3.814500000000001e+00,  1.484671909853339e+00,  1.059916151138770e+01
4705        ,  2.014900000000000e+00,  2.198559292893675e+00,  8.871987560115970e+00
5717        ,  8.259000000000003e-01,  2.489394704788397e+00,  8.168342476219642e+00
5108        ,  2.033300000000000e+00,  1.742543641800671e+00,  9.975268515419746e+00
5105        ,  1.147400000000000e+00,  8.841856353137288e-01,  1.205197364411371e+01
4721        ,  2.367300000000000e+00,  1.933205039018375e+00,  9.513983715308795e+00
4062        ,  5.457999999999998e-01,  1.871112164673066e+00,  9.664210764667850e+00
3583        ,  1.527200000000000e+00,  1.708618461132428e-01,  1.377778404054134e+01
5228        ,  8.589000000000000e-01,  1.181035243879129e+00,  1.133377785645906e+01
3315        ,  3.259000000000000e+00,  2.003643426444071e+00,  9.343565592196549e+00
3746        ,  0.000000000000000e+00,  4.020173016154361e-01,  1.321852820982835e+01
3201        ,  0.000000000000000e+00,  1.284400439417824e+00,  1.108369685286685e+01
5331        ,  1.814300000000000e+00,  1.936027036049666e+00,  9.507156196180702e+00
3126        ,  0.000000000000000e+00,  9.335708984096617e-01,  1.193249129714642e+01
5676        ,  4.641999999999999e-01,  1.712437503192746e+00,  1.004810708857890e+01
3598        ,  9.411999999999998e-01,  9.561253604658460e-01,  1.187792319540678e+01
5120        ,  8.623000000000001e-01,  1.634737557411046e+00,  1.023609377325434e+01
4244        ,  6.532000000000000e-01,  4.828465286821069e-01,  1.302297056473254e+01
4710        ,  0.000000000000000e+00,  1.419026568640733e+00,  1.075798337329242e+01
3178        ,  0.000000000000000e+00, -7.537335194514729e-01,  1.601474335486460e+01
5371        ,  4.331500000000000e+00,  2.472723725182950e+00,  8.208676123235621e+00
4218        ,  2.750400000000000e+00,  1.345068044474680e+00,  1.093691808967596e+01
5277        ,  4.523999999999999e-01,  1.833517104103144e+00,  9.755167981247743e+00
3755        ,  1.748400000000000e+00,  1.164602293893050e+00,  1.137353561634218e+01
3400        ,  6.249000000000002e-01,  1.929265439984393e+00,  9.523515152607729e+00
5825        ,  2.044100000000000e+00,  1.598647735820775e+00,  1.032340922557582e+01
3969        ,  2.773000000000000e+00,  1.625596210909509e+00,  1.025821028060843e+01
3495        ,  1.237600000000000e+00,  6.415160602013890e-01,  1.263908665221197e+01
3278        ,  1.245800000000000e+00,  1.225855332020011e+00,  1.122534046063208e+01
4278        ,  7.349000000000001e-01,  1.649204118971662e+00,  1.020109347925061e+01
3966        ,  1.750200000000000e+00,  5.037785743792438e-01,  1.297232772535225e+01
4647        ,  3.913400000000000e+00,  2.831410117381747e+00,  7.340872870230947e+00
4958        ,  3.220400000000000e+00,  2.353767968420307e+00,  8.496476817456104e+00
4890        ,  2.595300000000000e+00,  2.764867249241962e+00,  7.501866202266697e+00
3933        ,  3.733600000000000e+00,  1.851210263800923e+00,  9.712361279138022e+00
3444        ,  2.131800000000000e+00,  1.309525651781612e+00,  1.102290909649821e+01
4837        ,  2.507100000000000e+00,  1.808114255595275e+00,  9.816627448487568e+00
4994        ,  3.688700000000000e+00,  1.535064636943563e+00,  1.047724171334742e+01
4339        ,  0.000000000000000e+00,  1.148716082786403e+00,  1.141197060015006e+01
4325        ,  2.300000000000000e-01,  2.498089076252107e+00,  8.147307377026761e+00
5893        ,  4.026400000000000e+00,  1.698829364353103e+00,  1.008103052088418e+01
5161        ,  4.347900000000000e+00,  1.735067769677877e+00,  9.993355586154260e+00
3743        ,  0.000000000000000e+00,  4.626135031353851e-01,  1.307192219983622e+01
4950        ,  1.466200000000001e+00,  2.521491859820096e+00,  8.090686852380793e+00
4189        ,  1.018400000000000e+00,  2.262542582973477e+00,  8.717186852654450e+00
4450        ,  5.732999999999999e-01,  1.239586113368791e+00,  1.119212030793065e+01
4947        ,  8.538999999999999e-01,  1.725867564834358e+00,  1.001561449495359e+01
4749        ,  2.372800000000001e+00,  2.500299264039355e+00,  8.141960064741598e+00
5135        ,  1.470899999999999e+00,  2.597173882606338e+00,  7.907582315949217e+00
3721        ,  1.803700000000000e+00,  1.562745465254805e+00,  1.041027091831083e+01
4840        ,  3.246200000000000e+00,  2.852191205151739e+00,  7.290595257363551e+00
4848        ,  7.781000000000002e-01,  1.240482474068416e+00,  1.118995165936210e+01
5490        ,  2.288300000000000e+00,  1.054769995564983e+00,  1.163926308146790e+01
5388        ,  1.719900000000000e+00,  9.861786850394371e-01,  1.180521240013883e+01
3448        ,  1.538000000000000e+00,  9.759780853015967e-01,  1.182989165708201e+01
4846        ,  0.000000000000000e+00,  1.523418039416483e-01,  1.382259129610454e+01
5732        ,  5.205000000000001e-01,  2.335318376225371e-01,  1.362616071810596e+01
4953        ,  2.663900000000000e+00,  1.570182709213285e+00,  1.039227730427660e+01
3082        ,  3.936999999999999e-01,  1.640953391331677e+00,  1.022105522979750e+01
4256        ,  2.726200000000000e+00,  5.767693984166682e-01,  1.279573425563383e+01
4685        ,  7.060000000000000e-01,  1.242805299310250e+00,  1.118433183283713e+01
4747        ,  3.408700000000000e+00,  2.010907080879748e+00,  9.325991959393415e+00
5625        ,  8.441999999999998e-01,  2.786554356566581e+00,  7.449396572267087e+00
5067        ,  2.608600000000000e+00,  2.440606321043194e+00,  8.286380737619483e+00
3965        ,  4.246200000000000e+00,  1.889616408899891e+00,  9.619441730537524e+00
4444        ,  9.563000000000001e-01,  7.417477554814791e-01,  1.239658681639432e+01
3422        ,  9.169000000000000e-01,  1.338974662711303e+00,  1.095166037327262e+01
3134        ,  0.000000000000000e+00,  2.848271136848643e-01,  1.350205729963563e+01
5724        ,  0.000000000000000e+00,  2.173732435479612e+00,  8.932053478685489e+00
5875        ,  4.952999999999994e-01,  2.853261850389130e+00,  7.288004946049741e+00
4937        ,  0.000000000000000e+00,  1.294456700043645e+00,  1.105936680892330e+01
4070        ,  7.039999999999997e-01,  2.020974426102426e+00,  9.301635097456710e+00
4121        ,  1.252800000000000e+00,  1.298086750388982e+00,  1.105058429147416e+01
3358        ,  0.000000000000000e+00,  8.964361050420976e-01,  1.202233494659874e+01
5476        ,  0.000000000000000e+00,  8.981092577856938e-01,  1.201828693299899e+01
3830        ,  6.069000000000000e-01,  8.623401032989428e-01,  1.210482656565845e+01
3277        ,  1.579500000000000e+00,  1.389655549666880e+00,  1.082904340334632e+01
4178        ,  2.596900000000000e+00,  7.806576049853681e-01,  1.230244860901375e+01
4700        ,  7.430000000000003e-02,  1.651297807082561e+00,  1.019602802543655e+01
5159        ,  2.832700000000000e+00,  2.584299765711039e+00,  7.938729860891796e+00
4672        ,  6.372000000000000e-01,  1.685146785610764e+00,  1.011413405254956e+01
5042        ,  3.263400000000000e+00,  2.024708173340680e+00,  9.292601696497751e+00
5909        ,  1.706400000000000e+00,  1.425628130966373e+00,  1.074201160133312e+01
3034        ,  1.700700000000000e+00,  1.280144579414060e+00,  1.109399344965983e+01
3339        ,  0.000000000000000e+00,  1.389655549666880e+00,  1.082904340334632e+01
4575        ,  2.957400000000000e+00,  2.960540567244963e+00,  7.028455597397390e+00
5517        ,  1.991000000000000e+00,  1.551466834357136e+00,  1.043755835601494e+01
5696        ,  0.000000000000000e+00,  2.563732401097873e+00,  7.988490393505328e+00
4993        ,  7.869999999999999e-01,  2.093376666342378e+00,  9.126465643104416e+00
4049        ,  4.949900000000000e+00,  3.347931427016849e+00,  6.091204963958256e+00
3296        ,  6.007300000000000e+00,  2.372326255936966e+00,  8.451577031382740e+00
3504        ,  0.000000000000000e+00,  1.358896367269488e+00,  1.090346194590823e+01
5474        ,  0.000000000000000e+00,  6.662128549977125e-01,  1.257933540619548e+01
4069        ,  2.483500000000000e+00,  6.003163495753580e-01,  1.273876493296567e+01
3708        ,  3.914400000000000e+00,  2.425362392301647e+00,  8.323261788136600e+00
3778        ,  4.467100000000000e+00,  3.046070273938727e+00,  6.821525646020124e+00
3067        ,  0.000000000000000e+00,  1.588846484647826e+00,  1.034712230150061e+01
3245        ,  0.000000000000000e+00,  6.892864552343778e-01,  1.252351130531125e+01
3972        ,  9.501000000000001e-01,  1.271602307986891e+00,  1.111466055912864e+01
5077        ,  1.153900000000000e+00,  9.346355231515566e-01,  1.192991555177570e+01
3503        ,  7.069999999999999e-01,  1.587760431384297e+00,  1.034974989088099e+01
4651        ,  3.520400000000000e+00,  2.037616471229152e+00,  9.261371454308465e+00
3793        ,  0.000000000000000e+00,  1.949866591754881e+00,  9.473672875591086e+00
3873        ,  3.645000000000000e+00,  2.592201862535120e+00,  7.919611585209636e+00
4895        ,  2.159000000000000e-01,  2.400657203158217e-02,  1.413308462439601e+01
5431        ,  0.000000000000000e+00,  1.803942127825745e+00,  9.826721464120988e+00
5297        ,  1.494600000000000e+00,  1.099325102414267e+00,  1.153146677945388e+01
4859        ,  0.000000000000000e+00,  1.903067665458084e+00,  9.586897858084924e+00
5591        ,  4.297800000000001e+00,  1.733611275143690e+00,  9.996879418455238e+00
5160        ,  4.105000000000000e+00,  8.725637411043053e-01,  1.208009157058197e+01
5202        ,  3.249999999999975e-02,  1.107275224937316e+00,  1.151223231074434e+01
3573        ,  2.447999999999999e-01,  1.092839256832874e+00,  1.154715858716233e+01
4237        ,  0.000000000000000e+00, -1.050714822716994e-01,  1.444537513179228e+01
3838        ,  1.593100000000000e+00,  1.264247889721705e+00,  1.113245378528189e+01
5749        ,  1.189500000000000e+00,  1.195245078651770e+00,  1.129939868538217e+01
4112        ,  5.923999999999998e-01,  7.711885197957792e-01,  1.232535804497013e+01
3399        ,  0.000000000000000e+00,  9.206546153726252e-01,  1.196374085854616e+01
5658        ,  1.245900000000000e+00,  2.326196029798350e+00,  8.563184165569044e+00
5582        ,  0.000000000000000e+00,  1.438316029959434e+00,  1.071131459063117e+01
5068        ,  2.732000000000000e+00,  2.696717107128516e+00,  7.666748161284539e+00
4409        ,  2.585300000000000e+00,  2.561095788243919e+00,  7.994869395500772e+00
4907        ,  3.617400000000000e+00,  1.719295160164332e+00,  1.003151572309261e+01
5719        ,  2.343600000000000e+00,  2.941458510385124e+00,  7.074622587216761e+00
3741        ,  4.134000000000000e+00,  2.426264447063134e+00,  8.321079363396123e+00
3665        ,  1.944300000000001e+00,  3.523170534965707e+00,  5.667232738529164e+00
5189        ,  6.053000000000002e-01,  9.075199812105922e-01,  1.199551869707236e+01
3079        ,  3.068500000000000e+00,  1.636781294015537e+00,  1.023114917175221e+01
4684        ,  0.000000000000000e+00,  7.241019928986012e-01,  1.243927884626838e+01
4673        ,  1.365500000000000e+00,  1.422441810302114e+00,  1.074972056241361e+01
3508        ,  5.225600000000000e+00,  3.361293024499718e+00,  6.058878012021518e+00
4472        ,  1.962400000000000e+00,  1.991625787795368e+00,  9.372640979887864e+00
3173        ,  0.000000000000000e+00,  2.848271136848643e-01,  1.350205729963563e+01
3772        ,  6.627000000000001e-01,  2.116763404550332e+00,  9.069883938486017e+00
3941        ,  1.333200000000000e+00,  1.286871015798042e+00,  1.107771955831044e+01
3998        ,  5.336600000000000e+00,  2.353694810364211e+00,  8.496653815525852e+00
4023        ,  0.000000000000000e+00,  2.287417898714370e+00,  8.657003694360837e+00
3485        ,  1.129800000000000e+00,  1.695148350249130e+00,  1.008993633968094e+01
3689        ,  1.522999999999999e-01,  9.656627285861439e-01,  1.185484855622362e+01
4565        ,  1.903700000000000e+00,  9.268550067250181e-01,  1.194873967672679e+01
4165        ,  0.000000000000000e+00,  2.217448131317204e+00,  8.826288041578525e+00
3463        ,  1.951400000000000e+00,  1.040876661646059e+00,  1.167287651267730e+01
5755        ,  1.744400000000000e+00,  3.398606770124971e+00,  5.968601406776241e+00
4114        ,  2.924900000000000e+00,  7.785894419724504e-01,  1.230745230759109e+01
3199        ,  2.250400000000000e+00,  1.280144579414060e+00,  1.109399344965983e+01
3686        ,  1.206600000000000e+00,  9.775537753079828e-01,  1.182607944412102e+01
4416        ,  8.491000000000000e-01,  1.571584317971655e+00,  1.038888626222312e+01
4562        ,  2.138600000000000e+00,  1.946857557545496e+00,  9.480952911109856e+00
3600        ,  1.261000000000001e-01,  1.241528007045346e+00,  1.118742210446892e+01
5130        ,  3.741200000000000e+00,  1.452796693440018e+00,  1.067628017854465e+01
3567        ,  3.290600000000000e+00,  2.760934254674145e+00,  7.511381660768145e+00
4052        ,  2.301500000000000e+00,  9.355921417828541e-01,  1.192760111560477e+01
3662        ,  2.304500000000000e+00,  2.555585922112484e+00,  8.008199925614193e+00
4931        ,  7.595999999999998e-01,  1.387162936508490e+00,  1.083507401352385e+01
4792        ,  3.406700000000000e+00,  1.822929274410138e+00,  9.780784099532925e+00
4038        ,  0.000000000000000e+00,  1.540367148328025e+00,  1.046441285580331e+01
4741        ,  0.000000000000000e+00,  7.866532101038098e-01,  1.228794288552193e+01
3319        ,  9.309000000000001e-01,  5.037785743792438e-01,  1.297232772535225e+01
4531        ,  8.411000000000000e-01,  2.066796593023118e+00,  9.190773279505555e+00
4586        ,  1.556100000000000e+00,  2.277684539194589e+00,  8.680552513712893e+00
3637        ,  3.929200000000000e+00,  2.175494724922266e+00,  8.927789808403222e+00
3000        ,  0.000000000000000e+00,  1.406427672669838e+00,  1.078846505072877e+01
3231        ,  1.677200000000000e+00,  1.907880154622532e+00,  9.575254556742053e+00
4392        ,  4.559800000000000e+00,  3.405261718696717e+00,  5.952500472520728e+00
3459        ,  2.935700000000000e+00,  2.003911278890376e+00,  9.342917551932731e+00
3487        ,  0.000000000000000e+00, -1.325873487779614e-01,  1.451194681943563e+01
3897        ,  3.892500000000000e+00,  3.317165512854612e+00,  6.165639793303146e+00
3474        ,  3.947700000000000e+00,  2.573968748104668e+00,  7.963724649879186e+00
3858        ,  3.167000000000000e-01,  2.247526376503204e+00,  8.753516953561848e+00
3779        ,  3.920900000000000e+00,  2.358445594324393e+00,  8.485159803306164e+00
4547        ,  3.463000000000000e+00,  7.206614409958839e-01,  1.244760289256132e+01
3537        ,  2.426400000000000e+00,  1.240508148163638e+00,  1.118988954364253e+01
4845        ,  0.000000000000000e+00,  7.915852839280222e-01,  1.227601026192148e+01
3788        ,  7.426000000000001e-01,  1.187049675070886e+00,  1.131922658530215e+01
3211        ,  1.219999999999999e-02,  3.018608245170413e+00,  6.887967079031172e+00
3763        ,  0.000000000000000e+00,  1.769215444148804e+00,  9.910738950472160e+00
5299        ,  3.388300000000000e+00,  1.531553204041000e+00,  1.048573724861675e+01
5510        ,  3.329200000000000e+00,  2.254601585987961e-01,  1.364568927973070e+01
4984        ,  0.000000000000000e+00,  5.820389234283434e-01,  1.278298520508054e+01
4289        ,  4.016000000000002e-01,  2.676777875049139e+00,  7.714988994606446e+00
3251        ,  0.000000000000000e+00,  9.232710177811361e-01,  1.195741075355568e+01
5409        ,  5.116999999999998e-01,  1.587514135907217e+00,  1.035034577636998e+01
3822        ,  1.651400000000000e+00,  1.603376856264504e+00,  1.031196762591055e+01
3675        ,  1.858500000000000e+00,  2.552722517338403e+00,  8.015127626334545e+00
4096        ,  3.949999999999998e-02,  1.551466834357136e+00,  1.043755835601494e+01
5417        ,  2.387700000000000e+00,  1.954062380322299e+00,  9.463521615195049e+00
4039        ,  6.776000000000000e-01,  1.367454620434942e+00,  1.088275617033784e+01
3789        ,  4.554000000000000e+00,  3.314658199385145e+00,  6.171705969306556e+00
3842        ,  2.475500000000000e+00,  1.980446152645225e+00,  9.399688907999177e+00
5072        ,  9.227000000000000e-01,  6.788509496829837e-01,  1.254875889167418e+01
5535        ,  1.533700000000000e+00,  1.885246965440564e+00,  9.630013130318204e+00
5543        ,  4.231000000000000e-01,  1.185410024021583e+00,  1.132319354514597e+01
3148        ,  4.490000000000016e-02,  2.804701870435185e+00,  7.405490608975363e+00
4233        ,  3.497600000000000e+00,  1.503603310689745e+00,  1.055335901765757e+01
3690        ,  2.423100000000000e+00,  2.457641805060812e+00,  8.245165211275220e+00
3950        ,  0.000000000000000e+00,  2.160309976372337e-01,  1.366850212329967e+01
3875        ,  2.401300000000000e+00,  2.293143830441092e+00,  8.643150416714947e+00
3249        ,  0.000000000000000e+00,  1.276765275373206e+00,  1.110216931332047e+01
4814        ,  2.224100000000000e+00,  1.543078421196064e+00,  1.045785322191186e+01
5735        ,  0.000000000000000e+00,  2.071020155848509e+00,  9.180554822271436e+00
3678        ,  5.503999999999998e-01,  1.467536886594700e+00,  1.064061786224897e+01
3628        ,  1.788400000000000e+00,  9.856945968923633e-01,  1.180638359948708e+01
3928        ,  1.122600000000000e+00,  1.593169359312242e+00,  1.033666356992422e+01
4408        ,  7.400000000000002e-01,  1.898729527234694e+00,  9.597393518205076e+00
5400        ,  3.421000000000000e+00,  3.191354369660984e+00,  6.470026359680485e+00
4007        ,  2.537700000000000e+00,  2.519947682667302e+00,  8.094422823372598e+00
3683        ,  2.536900000000000e+00,  2.626820072900950e+00,  7.835856538399784e+00
3502        ,  0.000000000000000e+00,  3.487494617600815e-01,  1.334740403481752e+01
3819        ,  0.000000000000000e+00,  1.613576137725348e+00,  1.028729155839716e+01
5279        ,  2.576100000000000e+00,  1.372974146709067e+00,  1.086940226854534e+01
4369        ,  2.673600000000000e+00,  2.736519110408774e+00,  7.570451483535003e+00
4246        ,  3.542900000000000e+00,  1.256957750511169e+00,  1.115009149515702e+01
4229        ,  6.249999999999996e-01,  1.685146785610764e+00,  1.011413405254956e+01
3575        ,  2.196800000000000e+00,  1.780394468120260e+00,  9.883692501042123e+00
3196        ,  0.000000000000000e+00,  1.334604820533588e+00,  1.096223273770968e+01
3284        ,  0.000000000000000e+00,  2.538641936438034e-02,  1.412974623177757e+01
3465        ,  1.376900000000000e+00,  2.150766657885149e+00,  8.987616714252034e+00
5768        ,  1.701800000000000e+00,  2.112721869399587e+00,  9.079661999285729e+00
5370        ,  3.720300000000000e+00,  3.152851166192913e+00,  6.563180730594490e+00
3481        ,  8.867999999999998e-01,  1.572505751968787e+00,  1.038665695150063e+01
4214        ,  7.783000000000002e-01,  1.414705472726998e+00,  1.076843780137233e+01
4940        ,  4.171100000000000e+00,  2.724790548784342e+00,  7.598827480372674e+00
5898        ,  3.282200000000000e+00,  2.220157491016774e+00,  8.819733036392984e+00
5359        ,  1.056300000000000e+00,  2.781593788718179e-01,  1.351818916883051e+01
3390        ,  0.000000000000000e+00,  7.555767701911895e-01,  1.236312899861269e+01
3138        ,  0.000000000000000e+00,  3.175609069699282e-01,  1.342286139782897e+01
5907        ,  7.605000000000004e-01,  9.228452337755280e-01,  1.195844089228740e+01
4305        ,  7.780300000000000e+00,  2.112341228506103e+00,  9.080582919099742e+00
3982        ,  9.999999999976694e-05, -1.249007739667335e+00,  1.721300620726316e+01
5631        ,  1.302400000000000e+00,  2.758185390053464e+00,  7.518032243872994e+00
4511        ,  3.130800000000000e+00,  2.169242176250669e+00,  8.942917179261983e+00
4050        ,  5.382100000000000e+00,  2.112346599195230e+00,  9.080569925293460e+00
4808        ,  8.830000000000001e-01,  1.187323539981558e+00,  1.131856399852569e+01
5136        ,  1.867100000000000e+00,  1.411924251821959e+00,  1.077516666703663e+01
3472        ,  7.224000000000004e-01,  1.741423653771420e+00,  9.977978206325922e+00
3462        ,  9.331000000000000e-01,  1.239586113368791e+00,  1.119212030793065e+01
5529        ,  0.000000000000000e+00,  1.640665471652585e+00,  1.022175182057862e+01
5715        ,  3.863600000000000e+00,  3.375385920243740e+00,  6.024781762381414e+00
3854        ,  3.373500000000000e+00,  3.058530192447402e+00,  6.791380209646813e+00
4487        ,  2.786700000000000e+00,  1.709903177115812e+00,  1.005423861868869e+01
3434        ,  0.000000000000000e+00,  7.499007154089961e-03,  1.417302290700566e+01
3531        ,  4.588000000000001e-01,  4.990886706865341e-01,  1.298367444429485e+01
3569        ,  2.146999999999997e-01,  2.095519969855935e+00,  9.121280150145401e+00
5601        ,  8.203000000000000e-01,  1.514461814590127e+00,  1.052708803216032e+01
3088        ,  1.459500000000000e+00,  6.846055892408739e-01,  1.253483615851000e+01
3655        ,  2.189700000000000e+00,  1.743967190607406e+00,  9.971824391772559e+00
3809        ,  4.851000000000000e+00,  2.238790871151198e+00,  8.774651571785418e+00
5892        ,  1.967200000000000e+00,  1.210459127333896e+00,  1.126258992646387e+01
5281        ,  1.805600000000000e+00,  8.618886407245369e-01,  1.210591883093307e+01
5141        ,  1.826300000000000e+00,  1.640196180755290e+00,  1.022288721956820e+01
4765        ,  2.740200000000000e+00,  1.431809014809150e+00,  1.072705761584088e+01
3860        ,  1.860999999999999e-01, -2.961934658788019e-01,  1.490777427126961e+01
3765        ,  2.134000000000000e+00,  1.378173849818306e+00,  1.085682214459585e+01
4742        ,  2.144300000000000e+00,  2.280080628299886e+00,  8.674755433128601e+00
4331        ,  3.055899999999999e+00,  1.680159340920440e+00,  1.012620064002146e+01
3539        ,  2.172700000000000e+00,  1.996694735864285e+00,  9.360377203733567e+00
3696        ,  2.420000000000000e-02,  2.368729842641901e-01,  1.361807717217990e+01
4181        ,  1.362600000000000e+00,  2.010454081825687e+00,  9.327087942015762e+00
5206        ,  2.109000000000000e+00,  1.996694735864285e+00,  9.360377203733567e+00
5491        ,  9.824000000000006e-01,  2.680727739662400e+00,  7.705432720839539e+00
5467        ,  0.000000000000000e+00,  1.070610797250245e+00,  1.160093796088442e+01
4372        ,  0.000000000000000e+00,  1.732679702638146e+00,  9.999133258211369e+00
5497        ,  0.000000000000000e+00,  1.516935719509122e+00,  1.052110268456135e+01
4944        ,  2.979200000000000e+00,  1.826292118404916e+00,  9.772648059188249e+00
5633        ,  4.619200000000000e+00,  2.949606951998997e+00,  7.054908306738792e+00
4156        ,  3.097000000000000e+00,  1.813367491609326e+00,  9.803917807416857e+00
3643        ,  1.559600000000000e+00,  1.000852494456317e+00,  1.176971069217640e+01
3735        ,  4.644100000000000e+00,  2.309519189986949e+00,  8.603531990724759e+00
4961        ,  2.021900000000000e+00,  9.826817966987035e-01,  1.181367274640086e+01
3952        ,  2.400100000000000e+00,  2.615934521291505e+00,  7.862192962927957e+00
3532        ,  2.109100000000000e+00,  1.255266634944064e+00,  1.115418296788155e+01
3155        ,  0.000000000000000e+00,  8.641572049258494e-01,  1.210043028317557e+01
5107        ,  2.169700000000000e+00,  1.987220166118552e+00,  9.383299908985263e+00
3130        ,  0.000000000000000e+00,  6.991145320405345e-01,  1.249973332764424e+01
3202        ,  0.000000000000000e+00,  1.071916069244746e+00,  1.159777999529799e+01
4535        ,  1.017200000000000e+00,  1.185131727068928e+00,  1.132386685477262e+01
3006        ,  1.215300000000000e+00,  1.015012764788791e+00,  1.173545143694617e+01
5286        ,  3.213700000000000e+00,  2.115506034261150e+00,  9.072926011034392e+00
3273        ,  3.100000000000014e-02,  1.426547043116805e+00,  1.073978839194823e+01
5787        ,  2.082800000000000e+00,  1.024975389697929e+00,  1.171134793457571e+01
5602        ,  1.740300000000000e+00,  2.029548552670252e+00,  9.280890917891879e+00
3424        ,  0.000000000000000e+00,  3.489056963234807e-02,  1.410675195962515e+01
4272        ,  2.407300000000000e+00,  3.022442759318254e+00,  6.878689883342788e+00
5826        ,  4.010000000000025e-02,  1.725890456021895e+00,  1.001555911218067e+01
5367        ,  0.000000000000000e+00,  1.263076044130031e+00,  1.113528893999808e+01
5269        ,  0.000000000000000e+00,  1.022041737215037e+00,  1.171844559209272e+01
4354        ,  2.761100000000000e+00,  2.684867444554684e+00,  7.695417148879919e+00
3784        ,  2.679300000000000e+00,  1.987084926677186e+00,  9.383627106307783e+00
3579        ,  1.574400000000000e+00,  1.471913805139581e+00,  1.063002837730057e+01
3218        ,  0.000000000000000e+00,  1.156070536982639e+00,  1.139417728706549e+01
3617        ,  2.533399999999999e+00,  2.006547820090900e+00,  9.336538723295071e+00
3475        ,  0.000000000000000e+00,  6.136777126450527e-01,  1.270643854816646e+01
5391        ,  2.591300000000000e+00,  1.256957750511169e+00,  1.115009149515702e+01
4841        ,  4.640900000000000e+00,  3.268794123776855e+00,  6.282669180832205e+00
3224        ,  0.000000000000000e+00,  1.771368918965071e+00,  9.905528849137220e+00
5396        ,  3.100000000000103e-03,  6.975403660261714e-01,  1.250354185346999e+01
4694        ,  2.325100000000000e+00,  3.030337738217454e+00,  6.859588828716407e+00
4889        ,  0.000000000000000e+00,  1.036854709804694e+00,  1.168260719376049e+01
3219        ,  0.000000000000000e+00,  2.261149056291532e+00,  8.720558340990900e+00
5472        ,  0.000000000000000e+00,  1.725123739011964e+00,  1.001741410174767e+01
3973        ,  2.406300000000000e+00,  3.299841921533785e+00,  6.207552364364959e+00
3659        ,  1.149999999999984e-02,  1.960419590680757e-01,  1.371686345808133e+01
3527        ,  1.341400000000000e+00,  9.053807224189425e-01,  1.200069440426056e+01
3488        ,  3.973200000000000e+00,  1.738559306400378e+00,  9.984908187558519e+00
4400        ,  2.935200000000000e+00,  3.112402882544370e+00,  6.661041014374664e+00
4388        ,  0.000000000000000e+00,  2.167264980626418e+00,  8.947700791999655e+00
5635        ,  2.510199999999999e+00,  2.258130089952767e+00,  8.727862406231376e+00
4527        ,  2.819700000000000e+00,  2.935042238824950e+00,  7.090146068043417e+00
5763        ,  3.147600000000001e+00,  1.879361327717283e+00,  9.644252799492605e+00
3800        ,  1.905300000000000e+00,  2.253811843653277e+00,  8.738309939975272e+00
4177        ,  2.914400000000000e+00,  2.292931750160863e+00,  8.643663522205104e+00
2989        ,  0.000000000000000e+00,  6.075691804960190e-01,  1.272121748649618e+01
4152        ,  0.000000000000000e+00, -6.136248887442475e-01,  1.567576555100531e+01
3751        ,  2.705800000000000e+00,  1.606995275153929e+00,  1.030321324952139e+01
3519        ,  1.893400000000000e+00,  8.218899656732150e-01,  1.220269133493756e+01
5521        ,  0.000000000000000e+00,  5.350723043911605e-01,  1.289661590217291e+01
5838        ,  1.495700000000000e+00,  1.945165505035872e+00,  9.485046650666312e+00
3046        ,  0.000000000000000e+00,  4.504738986060188e-01,  1.310129267089367e+01
3398        ,  1.423800000000000e+00,  4.358164063932229e-01,  1.313675490113101e+01
3215        ,  2.198300000000000e+00,  1.140794321027147e+00,  1.143113645303360e+01
3866        ,  4.189600000000000e+00,  2.292908392133123e+00,  8.643720034447822e+00
4861        ,  0.000000000000000e+00,  6.167881686935874e-01,  1.269891313338644e+01
4013        ,  1.083500000000000e+00,  2.016945616082629e+00,  9.311382371166998e+00
4879        ,  4.412000000000000e+00,  2.724790548784342e+00,  7.598827480372674e+00
5571        ,  2.085500000000000e+00,  2.743021037500555e+00,  7.554720768337090e+00
4738        ,  4.309900000000000e+00,  1.303829192214627e+00,  1.103669106941481e+01
5730        ,  0.000000000000000e+00,  4.081821279923131e-01,  1.320361307365252e+01
5734        ,  1.483100000000000e+00,  1.493075295603476e+00,  1.057883042091750e+01
3608        ,  1.196200000000000e+00,  1.012895513273782e+00,  1.174057389988906e+01
3510        ,  2.562800000000000e+00,  2.593218137402001e+00,  7.917152817175477e+00
3712        ,  0.000000000000000e+00,  4.844717532704579e-01,  1.301903850816360e+01
3516        ,  1.097000000000001e-01,  1.465136936754884e+00,  1.064642428346633e+01
4247        ,  1.700000000000035e-03,  1.356491015685435e+00,  1.090928143606637e+01
3681        ,  1.421999999999999e-01,  1.346872121563023e+00,  1.093255331866712e+01
4652        ,  3.696700000000000e+00,  2.691335147652591e+00,  7.679769234964297e+00
5806        ,  3.925800000000000e+00,  1.743500663956399e+00,  9.972953102964739e+00
5247        ,  0.000000000000000e+00,  6.904275286347040e-01,  1.252075060061138e+01
5512        ,  0.000000000000000e+00,  7.729921330992232e-01,  1.232099439603911e+01
4075        ,  2.952200000000000e+00,  2.058063634588752e+00,  9.211901735735076e+00
4253        ,  0.000000000000000e+00,  1.508122437189475e+00,  1.054242547581573e+01
4596        ,  1.153000000000000e-01,  1.379904447589144e+00,  1.085263514891427e+01
4040        ,  3.755400000000000e+00,  3.497043780587994e+00,  5.730443618374496e+00
3096        ,  1.272100000000000e+00,  4.849672550461602e-01,  1.301783969476511e+01
4733        ,  4.222000000000001e-01,  8.661665978802802e-01,  1.209556877245103e+01
4616        ,  3.628800000000000e+00,  1.863901323379705e+00,  9.681656621737918e+00
3341        ,  1.408900000000000e+00,  1.120672061306575e+00,  1.147982010210172e+01
4701        ,  2.185200000000000e+00,  1.326819135281536e+00,  1.098106936807969e+01
4948        ,  0.000000000000000e+00,  7.003934609083855e-01,  1.249663909642716e+01
3861        ,  4.192900000000000e+00,  2.881440219678999e+00,  7.219830403981909e+00
4080        ,  2.228600000000000e+00,  2.645060631098966e+00,  7.791725464333036e+00
3985        ,  2.974100000000000e+00,  1.808114255595275e+00,  9.816627448487568e+00
3133        ,  0.000000000000000e+00,  6.467391880028974e-01,  1.262644985473209e+01
5530        ,  0.000000000000000e+00,  1.529198215971079e+00,  1.049143488965447e+01
4690        ,  1.719900000000000e+00,  2.066227168789561e+00,  9.192150940361856e+00
5282        ,  3.805300000000000e+00,  1.587696863758859e+00,  1.034990368593243e+01
3983        ,  0.000000000000000e+00,  1.408550521100925e+00,  1.078332904664777e+01
5532        ,  0.000000000000000e+00,  1.159867467583145e+00,  1.138499102073865e+01
4723        ,  8.354000000000004e-01,  1.195697445231732e+00,  1.129830423296306e+01
5654        ,  5.839999999999979e-02,  1.903067665458084e+00,  9.586897858084924e+00
4639        ,  4.481400000000000e+00,  2.223734954106817e+00,  8.811077748167490e+00
3446        ,  1.277400000000000e+00,  1.322344670456843e+00,  1.099189485578922e+01
5584        ,  3.728300000000000e+00,  2.441024910835396e+00,  8.285368004515446e+00
2988        ,  1.057200000000000e+00,  1.389655549666880e+00,  1.082904340334632e+01
3506        ,  1.599000000000000e+00,  1.045481798935621e+00,  1.166173487695503e+01
3987        ,  6.479999999999997e-02,  1.820538867381393e+00,  9.786567432942464e+00
4902        ,  1.785500000000000e+00,  2.054519591798908e+00,  9.220476167128922e+00
5846        ,  0.000000000000000e+00,  9.950100429443338e-01,  1.178384587694474e+01
3346        ,  2.480700000000000e+00,  2.240320193019212e+00,  8.770951541561748e+00
4032        ,  5.322200000000000e+00,  1.879946516581925e+00,  9.642836997802318e+00
3028        ,  0.000000000000000e+00,  1.305000541231575e+00,  1.103385711610792e+01
4930        ,  7.380000000000009e-02,  1.350710142817910e+00,  1.092326763790941e+01
4370        ,  8.121000000000000e-01,  1.616338702489610e+00,  1.028060782926440e+01
4161        ,  5.473999999999997e-01,  1.244226565826983e+00,  1.118089323094581e+01
5577        ,  2.700600000000000e+00,  1.656768738217754e+00,  1.018279169437035e+01
4330        ,  2.371100000000000e+00,  2.031790723643269e+00,  9.275466225719285e+00
3418        ,  0.000000000000000e+00,  1.769744525287098e+00,  9.909458895407623e+00
3024        ,  0.000000000000000e+00,  2.456779451190614e-01,  1.359677451381699e+01
3545        ,  5.858400000000000e+00,  1.700967943455467e+00,  1.007585645813131e+01
3064        ,  0.000000000000000e+00,  1.406427672669838e+00,  1.078846505072877e+01
3572        ,  1.227300000000000e+00,  1.480798690852569e+00,  1.060853234931624e+01
4251        ,  0.000000000000000e+00,  1.775207295394827e+00,  9.896242309072012e+00
3343        ,  0.000000000000000e+00,  4.588534148566036e-01,  1.308101933011738e+01
3191        ,  0.000000000000000e+00,  2.656219077207356e-01,  1.354852223550378e+01
4377        ,  4.062600000000000e+00,  2.724790548784342e+00,  7.598827480372674e+00
4348        ,  2.519400000000000e+00,  2.650596812087608e+00,  7.778331268245155e+00
3109        ,  0.000000000000000e+00,  1.790875016063826e+00,  9.858335939442604e+00
4724        ,  7.427999999999999e-01,  2.093376666342378e+00,  9.126465643104416e+00
3062        ,  1.324800000000000e+00,  1.149420759947728e+00,  1.141026570934233e+01
5336        ,  4.309000000000003e-01,  1.300141072894492e+00,  1.104561407851996e+01
3833        ,  2.096400000000000e+00,  1.077261990418288e+00,  1.158484611242536e+01
5048        ,  3.346100000000000e+00,  1.594111955710346e+00,  1.033438305904247e+01
5052        ,  0.000000000000000e+00,  1.035855595052237e+00,  1.168502444473840e+01
4236        ,  1.189800000000000e+00,  1.616176749804924e+00,  1.028099965641386e+01
3857        ,  2.970300000000000e+00,  2.161577633112739e+00,  8.961460719280653e+00
4016        ,  1.261500000000000e+00,  1.193746809304080e+00,  1.130302358736362e+01
3748        ,  5.403900000000000e+00,  2.210905936424683e+00,  8.842116180401181e+00
5423        ,  0.000000000000000e+00,  1.580253072246385e+00,  1.036791314107126e+01
4210        ,  3.155900000000000e+00,  1.751816993492847e+00,  9.952832635665862e+00
3089        ,  0.000000000000000e+00,  1.093464331365455e+00,  1.154564628637662e+01
3142        ,  0.000000000000000e+00,  1.397779544170106e+00,  1.080938827003036e+01
5291        ,  4.676600000000000e+00,  1.370251205338100e+00,  1.087599013312805e+01
3310        ,  0.000000000000000e+00,  1.327481923098032e+00,  1.097946582404870e+01
3456        ,  1.118800000000000e+00,  8.063780282231020e-01,  1.224022080377828e+01
3584        ,  3.670800000000000e+00,  2.831410117381747e+00,  7.340872870230947e+00
3827        ,  1.014500000000000e+00,  9.215210922714472e-01,  1.196164451062830e+01
5399        ,  1.045000000000000e+00,  1.084974717489607e+00,  1.156618599654809e+01
3288        ,  0.000000000000000e+00,  2.288361881698272e-01,  1.363752133829858e+01
3177        ,  1.162500000000000e+00,  1.540440627265230e+00,  1.046423508139614e+01
5495        ,  3.851200000000000e+00,  1.970845866356464e+00,  9.422915770942295e+00
4457        ,  5.621100000000000e+00,  2.306223589390747e+00,  8.611505342879148e+00
3326        ,  1.114300000000000e+00,  1.305000541231575e+00,  1.103385711610792e+01
4850        ,  2.079800000000000e+00,  1.164602293893050e+00,  1.137353561634218e+01
3073        ,  0.000000000000000e+00, -4.670817797052051e-01,  1.532122021698824e+01
3886        ,  1.935600000000000e+00,  1.591383727725634e+00,  1.034098371402009e+01
4630        ,  2.287500000000000e+00,  1.402103638846778e+00,  1.079892658676517e+01
4413        ,  6.556000000000002e-01,  2.843988938083225e-01,  1.350309333169580e+01
4892        ,  0.000000000000000e+00,  1.354093624262622e+00,  1.091508166746820e+01
4401        ,  0.000000000000000e+00,  2.626587427641267e-01,  1.355569129528542e+01
4695        ,  2.482000000000000e+00,  2.780954091514102e-01,  1.351834393670760e+01
3120        ,  0.000000000000000e+00,  9.557366786278882e-03,  1.416804292665649e+01
3167        ,  0.000000000000000e+00,  3.080076472117230e+00,  6.739251297052711e+00
3871        ,  2.856000000000001e-01,  5.611812368260722e-01,  1.283344814060660e+01
4441        ,  4.190000000000000e+00,  2.372503075489035e+00,  8.451149235442283e+00
3768        ,  4.322000000000000e+00,  2.808758683901207e+00,  7.395675583930598e+00
3266        ,  1.678000000000000e+00,  2.312770147846842e+00,  8.595666646882464e+00
3405        ,  2.360100000000000e+00,  1.947457972565256e+00,  9.479500271370428e+00
3501        ,  1.934100000000000e+00,  2.258130089952767e+00,  8.727862406231376e+00
3720        ,  2.619999999999978e-02,  9.664804754430631e-01,  1.185287010541533e+01
4149        ,  0.000000000000000e+00,  2.392342981039221e+00,  8.403148712003929e+00
3543        ,  2.136700000000000e+00,  1.068953197934203e+00,  1.160494834463448e+01
3150        ,  0.000000000000000e+00, -2.593166479244354e-01,  1.481855476565891e+01
5174        ,  1.404900000000000e+00,  1.196187682914654e+00,  1.129711815547242e+01
5780        ,  9.264000000000001e-01,  6.865108507227410e-01,  1.253022658271413e+01
3159        ,  9.429000000000001e-01,  1.384126960409624e+00,  1.084241923205441e+01
4744        ,  1.614900000000000e+00,  1.837972504204781e+00,  9.744388618590751e+00
5516        ,  0.000000000000000e+00,  1.130536487888523e+00,  1.145595418005109e+01
4391        ,  2.476800000000000e+00,  2.283355997321651e+00,  8.666831029098510e+00
5554        ,  1.662000000000000e+00,  6.459511645933440e-01,  1.262835639284763e+01
3492        ,  0.000000000000000e+00,  1.217254366594001e+00,  1.124614957393553e+01
5335        ,  4.263500000000000e+00,  2.724790548784342e+00,  7.598827480372674e+00
3626        ,  3.394699999999999e+00,  3.187038835216798e+00,  6.480467332381347e+00
3389        ,  6.611000000000002e-01,  1.424107651613637e+00,  1.074569023803953e+01
5294        ,  0.000000000000000e+00,  1.397779544170106e+00,  1.080938827003036e+01
4836        ,  2.266100000000000e+00,  4.656176587134979e-01,  1.306465396764253e+01
3498        ,  3.940200000000000e+00,  2.325464456992697e+00,  8.564954127503379e+00
3186        ,  0.000000000000000e+00, -1.079752120950819e-01,  1.445240039464413e+01
5236        ,  1.808000000000001e-01,  6.757060433825552e-01,  1.255636765514351e+01
4171        ,  4.364300000000000e+00,  2.651313528025236e+00,  7.776597250909449e+00
3406        ,  0.000000000000000e+00,  5.644335389949501e-01,  1.282557954435290e+01
4952        ,  4.310000000000036e-02,  1.390794163988315e+00,  1.082628864812408e+01
4923        ,  2.503000000000000e+00,  2.499102086246960e+00,  8.144856508000281e+00
3108        ,  0.000000000000000e+00,  1.604277997971913e+00,  1.030978741020648e+01
3144        ,  2.984600000000000e+00,  2.016945616082629e+00,  9.311382371166998e+00
4447        ,  2.571900000000000e+00,  2.623523058424919e+00,  7.843833311284765e+00
3036        ,  0.000000000000000e+00,  1.868007887519319e+00,  9.671721230274686e+00
4963        ,  4.657000000000000e+00,  3.206761888194373e+00,  6.432749521208748e+00
3722        ,  0.000000000000000e+00,  1.233030701666395e+00,  1.120798042340716e+01
3719        ,  0.000000000000000e+00,  8.141758963936762e-01,  1.222135469814365e+01
4956        ,  3.796700000000000e+00,  3.258028275882678e+00,  6.308715995060781e+00
5085        ,  0.000000000000000e+00,  1.196486154514853e+00,  1.129639603544999e+01
4434        ,  1.092800000000000e+00,  2.217448131317204e+00,  8.826288041578525e+00
4730        ,  1.903900000000000e+00,  1.614406819235727e+00,  1.028528181358220e+01
3116        ,  0.000000000000000e+00,  1.339684351875256e+00,  1.094994335646213e+01
3131        ,  6.086400000000000e+00,  1.966066099420181e+00,  9.434479904363927e+00
5503        ,  8.586999999999998e-01,  8.809153169323282e-01,  1.205988582866117e+01
3128        ,  0.000000000000000e+00,  1.010830706690613e+00,  1.174556947794462e+01
3734        ,  1.765000000000000e+00,  1.868961553767055e+00,  9.669413937079110e+00
4176        ,  4.014700000000000e+00,  3.047964979655256e+00,  6.816941608766268e+00
5220        ,  2.462000000000000e-01,  1.495273686866707e+00,  1.057351164905690e+01
5628        ,  0.000000000000000e+00,  1.033405708913544e+00,  1.169095168147469e+01
3700        ,  6.755000000000000e-01,  1.590461896653790e+00,  1.034321398542225e+01
5849        ,  0.000000000000000e+00,  3.781685630381054e+00,  5.041783193657905e+00
5193        ,  3.476700000000000e+00,  2.351406184608770e+00,  8.502190900061752e+00
3654        ,  0.000000000000000e+00,  1.355572794417986e+00,  1.091150297393399e+01
5450        ,  1.609300000000000e+00,  3.582905903213447e-01,  1.332432029765079e+01
5797        ,  0.000000000000000e+00,  2.019199182571675e+00,  9.305930108765663e+00
5034        ,  2.416000000000000e-01,  2.356009354150782e+00,  8.491054025093616e+00
3165        ,  1.235000000000000e+00,  9.933172803970861e-01,  1.178794133436107e+01
4031        ,  3.750400000000000e+00,  2.889271815214366e+00,  7.200882698605785e+00
4290        ,  4.068000000000001e-01,  8.450647264682929e-01,  1.214662248693279e+01
4717        ,  0.000000000000000e+00,  6.720467138349181e-01,  1.256522101048211e+01
4492        ,  1.135700000000000e+00,  1.253845829169526e+00,  1.115762045505655e+01
3091        ,  0.000000000000000e+00,  2.514618769007235e+00,  8.107315558390614e+00
3457        ,  2.942700000000000e+00,  8.412078285191923e-01,  1.215595383782742e+01
4753        ,  7.596999999999996e-01,  1.582663716046468e+00,  1.036208084696408e+01
3393        ,  8.523999999999998e-01,  2.472969104970667e+00,  8.208082453158825e+00
5651        ,  5.059999999999998e-01,  2.635319232778898e+00,  7.815293732700139e+00
3602        ,  1.873300000000000e+00,  1.936027036049666e+00,  9.507156196180702e+00
3187        ,  0.000000000000000e+00,  6.284393673651019e-01,  1.267072430791535e+01
5049        ,  3.301000000000000e+00,  1.935210179815184e+00,  9.509132492223538e+00
3407        ,  2.927999999999997e-01,  1.318340351507447e+00,  1.100158287598160e+01
5766        ,  2.967000000000000e+00,  2.124676887930197e+00,  9.050738114253468e+00
2999        ,  1.144500000000000e+00,  1.529447820663314e+00,  1.049083099787436e+01
3723        ,  6.068800000000000e+00,  2.353694810364211e+00,  8.496653815525852e+00
3627        ,  2.072800000000000e+00,  9.826817966987035e-01,  1.181367274640086e+01
3922        ,  1.836800000000000e+00,  2.514849126241263e+00,  8.106758233771140e+00
4304        ,  3.197500000000000e+00,  2.009836527357505e+00,  9.328582048812260e+00
3738        ,  1.802400000000000e+00,  2.895802316721480e-01,  1.349055764048772e+01
4262        ,  2.272100000000000e+00,  3.255601281997777e+00,  6.314587846444461e+00
5623        ,  3.708000000000000e+00,  2.949606951998997e+00,  7.054908306738792e+00
3798        ,  1.146800000000000e+00,  7.410144933210863e-01,  1.239836086554124e+01
4960        ,  0.000000000000000e+00,  2.093376666342378e+00,  9.126465643104416e+00
4293        ,  1.136700000000000e+00,  1.812810899932709e+00,  9.805264421278071e+00
5627        ,  1.765000000000000e+00,  1.365359432495933e+00,  1.088782525282514e+01
4279        ,  3.202400000000000e+00,  7.122448317620611e-01,  1.246796597583193e+01
3867        ,  1.943600000000000e+00,  2.913552567490540e+00,  7.142138022841820e+00
3283        ,  0.000000000000000e+00,  6.822251051335256e-01,  1.254059548447556e+01
5770        ,  1.462100000000000e+00,  1.249900506152661e+00,  1.116716574091812e+01
4222        ,  2.760500000000000e+00,  1.894642271288342e+00,  9.607282195565720e+00
4509        ,  2.598600000000000e+00,  2.366165656210186e+00,  8.466481941632017e+00
4777        ,  1.779300000000000e+00,  1.337940550197372e+00,  1.095416229758054e+01
4390        ,  2.926900000000000e+00,  7.715111478249530e-01,  1.232457748105883e+01
5266        ,  2.960300000000000e+00,  1.404721122577642e+00,  1.079259386563124e+01
5901        ,  2.864800000000001e+00,  2.949606951998997e+00,  7.054908306738792e+00
2996        ,  0.000000000000000e+00,  2.456779451190614e-01,  1.359677451381699e+01
4358        ,  3.600000000000003e-02,  1.863795790931722e+00,  9.681911946176340e+00
4157        ,  1.256900000000000e+00,  1.839729543884628e+00,  9.740137649546506e+00
5125        ,  9.231000000000000e-01,  1.227239658716927e+00,  1.122199123067261e+01
3581        ,  3.809500000000000e+00,  2.118753033486281e+00,  9.065070244684296e+00
4706        ,  3.862500000000000e+00,  1.888805819402251e+00,  9.621402864882741e+00
3533        ,  0.000000000000000e+00,  9.605212973100010e-01,  1.186728769772320e+01
4798        ,  1.230200000000000e+00,  2.150766657885149e+00,  8.987616714252034e+00
5097        ,  1.196899999999999e+00,  1.933064671169131e+00,  9.514323320264101e+00
3421        ,  8.106000000000000e-01,  1.521777120409961e+00,  1.050938943437338e+01
5157        ,  4.291200000000000e+00,  7.344513755929386e-01,  1.241423962492050e+01
4977        ,  0.000000000000000e+00,  5.347173151963359e-01,  1.289747476045343e+01
4476        ,  3.099999999999881e-03,  1.446416529474059e+00,  1.069171630092003e+01
3225        ,  2.281000000000004e-01,  2.690130220230924e+00,  7.682684427619773e+00
3835        ,  1.736000000000000e+00,  9.457609084234486e-01,  1.190299887542594e+01
5439        ,  3.011300000000000e+00,  2.209492791477472e+00,  8.845535133026175e+00
4661        ,  5.475600000000000e+00,  2.353694810364211e+00,  8.496653815525852e+00
5134        ,  2.371200000000000e+00,  1.418955142874330e+00,  1.075815618027307e+01
5729        ,  3.487600000000000e+00,  2.468251764769320e+00,  8.219495551791208e+00
3709        ,  2.167100000000000e+00,  1.336177027428523e+00,  1.095842895176325e+01
3853        ,  0.000000000000000e+00,  8.812965965437348e-01,  1.205896336353765e+01
4891        ,  2.943400000000000e+00,  2.294048374272274e+00,  8.640961969937326e+00
3365        ,  8.793000000000000e-01,  1.715674206787807e+00,  1.004027623140145e+01
4734        ,  1.172500000000000e+00,  4.656176587134979e-01,  1.306465396764253e+01
3367        ,  2.085999999999997e-01,  1.997862656249329e+00,  9.357551545633804e+00
5375        ,  2.877700000000000e+00,  2.312089158930321e+00,  8.597314226522702e+00
5429        ,  3.010400000000000e+00,  1.537198103309143e+00,  1.047208002031280e+01
3342        ,  0.000000000000000e+00,  1.284400439417824e+00,  1.108369685286685e+01
3119        ,  7.066900000000000e+00,  2.064684862506260e+00,  9.195882384985593e+00
3232        ,  9.213999999999998e-01,  1.358351753115145e+00,  1.090477958143901e+01
4451        ,  1.030000000000000e-01,  1.365359432495933e+00,  1.088782525282514e+01
4167        ,  1.737100000000000e+00,  1.212437201935320e+00,  1.125780418713520e+01
5642        ,  5.254999999999996e-01,  1.996631837608455e+00,  9.360529379317043e+00
4442        ,  8.890999999999998e-01,  1.322344670456843e+00,  1.099189485578922e+01
3209        ,  2.847000000000008e-01,  2.824034134022470e+00,  7.358718270816262e+00
3658        ,  2.646900000000000e+00,  1.662424791842154e+00,  1.016910747929786e+01
5128        ,  4.194100000000000e+00,  1.987220166118552e+00,  9.383299908985263e+00
3810        ,  2.148500000000000e+00,  2.065252775738312e+00,  9.194508379835362e+00
5165        ,  7.931000000000000e-01,  1.008235538989295e+00,  1.175184820783870e+01
3801        ,  0.000000000000000e+00, -4.143655460557644e-01,  1.519367894404866e+01
4708        ,  4.946400000000000e+00,  1.339280679297074e+00,  1.095091999896687e+01
3568        ,  3.916600000000000e+00,  1.887247665513250e+00,  9.625172651088645e+00
2981        ,  2.159200000000000e+00,  1.267543126912102e+00,  1.112448131234887e+01
3586        ,  2.156900000000000e+00,  1.313459948269640e+00,  1.101339048814046e+01
5702        ,  3.637999999999995e-01,  2.618729426302852e+00,  7.855430990036214e+00
3761        ,  3.577100000000000e+00,  1.863901323379705e+00,  9.681656621737918e+00
5376        ,  2.012700000000000e+00,  1.452414765049979e+00,  1.067720421331848e+01
4082        ,  2.931300000000000e+00,  2.523311960107913e+00,  8.086283314959482e+00
5459        ,  6.888000000000001e-01,  7.174892120329439e-01,  1.245527776028194e+01
4786        ,  1.332600000000000e+00,  1.971351520593973e+00,  9.421692394751423e+00
4641        ,  4.323000000000001e-01,  7.870182204775569e-01,  1.228705978207388e+01
3725        ,  0.000000000000000e+00,  1.571969442044177e+00,  1.038795449583830e+01
3197        ,  1.631300000000000e+00,  1.284400439417824e+00,  1.108369685286685e+01
4597        ,  2.728600000000000e+00,  9.761914005428068e-01,  1.182937556373622e+01
3846        ,  4.541999999999993e-01,  2.611304053625017e+00,  7.873395882780250e+00
4243        ,  2.519600000000000e+00,  3.095287391347632e+00,  6.702450109507189e+00
3140        ,  0.000000000000000e+00,  1.006341392130460e+00,  1.175643089299631e+01
5779        ,  0.000000000000000e+00,  2.914629995034810e+00,  7.139531302463991e+00
3287        ,  5.146999999999995e-01,  1.483469620854142e+00,  1.060207032066301e+01
4663        ,  1.831000000000000e+00,  2.077270987370880e+00,  9.165431605871044e+00
4399        ,  4.730000000000034e-02,  1.544901346514331e+00,  1.045344284963239e+01
3666        ,  4.611900000000000e+00,  3.087891191138558e+00,  6.720344422592116e+00
3410        ,  2.838900000000000e+00,  2.086864772089674e+00,  9.142220472779099e+00
3101        ,  0.000000000000000e+00,  1.949866591754881e+00,  9.473672875591086e+00
4436        ,  1.310000000000011e-02,  2.150766657885149e+00,  8.987616714252034e+00
3204        ,  3.863100000000000e+00,  2.017762573387309e+00,  9.309405830595663e+00
3489        ,  2.194900000000000e+00,  1.801909279596184e+00,  9.831639722367875e+00
4697        ,  9.560000000000013e-02,  1.355773382269331e+00,  1.091101767314284e+01
3529        ,  3.656900000000000e+00,  2.094752845163785e+00,  9.123136126055797e+00
5819        ,  0.000000000000000e+00,  1.660756267062243e-01,  1.378936378502382e+01
4996        ,  0.000000000000000e+00,  7.471326335008939e-01,  1.238355868161163e+01
3796        ,  3.416900000000000e+00,  3.441454852939801e+00,  5.864935066317151e+00
4679        ,  0.000000000000000e+00,  1.501444142097239e+00,  1.055858289447340e+01
4497        ,  1.327300000000000e+00,  8.086473660518555e-01,  1.223473038431216e+01
3591        ,  1.393800000000000e+00,  1.698032728577100e+00,  1.008295789569659e+01
3790        ,  0.000000000000000e+00, -7.594765276811249e-01,  1.602863794727769e+01
5645        ,  2.352200000000000e+00,  1.589509016690277e+00,  1.034551937628749e+01
3550        ,  2.619400000000000e+00,  1.662424791842154e+00,  1.016910747929786e+01
3677        ,  0.000000000000000e+00,  9.020410238524305e-01,  1.200877444672414e+01
3265        ,  0.000000000000000e+00,  3.980119890135417e-01,  1.322821863405638e+01
3029        ,  0.000000000000000e+00,  9.232710177811361e-01,  1.195741075355568e+01
3305        ,  0.000000000000000e+00,  9.664612978640584e-01,  1.185291650351073e+01
4582        ,  0.000000000000000e+00,  1.556229327539368e+00,  1.042603601458844e+01
5556        ,  1.465900000000000e+00,  1.570310283696395e+00,  1.039196865149843e+01
5555        ,  0.000000000000000e+00,  7.636186131073495e-03,  1.417269101718475e+01
3271        ,  0.000000000000000e+00,  6.991145320405345e-01,  1.249973332764424e+01
4118        ,  3.832100000000000e+00,  1.795199854565714e+00,  9.847872456572091e+00
3276        ,  1.351600000000000e+00,  6.533153243015706e-01,  1.261053959831782e+01
3826        ,  3.180200000000001e+00,  2.018849208423385e+00,  9.306776833679010e+00
5238        ,  2.869999999999995e-02,  3.227452113914738e-01,  1.341031852935268e+01
4790        ,  1.588000000000000e+00,  8.841856353137288e-01,  1.205197364411371e+01
3785        ,  1.859500000000000e+00,  6.553136004531993e-01,  1.260570498350527e+01
5313        ,  3.138300000000000e+00,  2.939950440492239e+00,  7.078271200566104e+00
3979        ,  1.458900000000000e+00,  1.663893705851797e+00,  1.016555359940814e+01
4323        ,  0.000000000000000e+00,  1.267938382953702e+00,  1.112352503275162e+01
4127        ,  2.794999999999999e-01,  9.486150333259051e-01,  1.189609362635962e+01
4516        ,  0.000000000000000e+00,  1.085102133339536e+00,  1.156587772756589e+01
3384        ,  0.000000000000000e+00,  2.146620367323844e+00,  8.997648219531468e+00
4281        ,  2.025100000000000e+00,  3.305000946411411e+00,  6.195070657033685e+00
3260        ,  0.000000000000000e+00,  2.459083345949486e+00,  8.241677557715626e+00
3207        ,  0.000000000000000e+00,  2.848271136848643e-01,  1.350205729963563e+01
4979        ,  1.930300000000000e+00,  2.039023488921536e+00,  9.257967325919314e+00
4894        ,  4.453700000000000e+00,  2.724790548784342e+00,  7.598827480372674e+00
5265        ,  0.000000000000000e+00,  1.381449750009536e+00,  1.084889645545821e+01
3052        ,  4.224600000000000e+00,  3.144511472931010e+00,  6.583357723921099e+00
4213        ,  0.000000000000000e+00,  4.064496837127924e-01,  1.320780453676380e+01
3172        ,  0.000000000000000e+00,  9.664804754430631e-01,  1.185287010541533e+01
3043        ,  8.247000000000004e-01,  1.246600045953323e+00,  1.117515085036105e+01
3947        ,  5.163000000000002e-01,  1.870681463939388e+00,  9.665252798895761e+00
4634        ,  1.984300000000000e+00,  1.991625787795368e+00,  9.372640979887864e+00
5350        ,  5.800999999999998e-01,  1.102740097813139e+00,  1.152320456438079e+01
3774        ,  7.475999999999998e-01,  9.969073831103141e-01,  1.177925546592301e+01
3023        ,  2.116900000000000e+00,  7.289785529819586e-01,  1.242748053220949e+01
4664        ,  1.383200000000000e+00,  2.162894820594098e+00,  8.958273925451834e+00
5619        ,  0.000000000000000e+00,  2.781593788718179e-01,  1.351818916883051e+01
3100        ,  1.347000000000000e+00,  1.664691748034118e+00,  1.016362282194650e+01
4624        ,  1.861999999999995e-01,  2.150766657885149e+00,  8.987616714252034e+00
5526        ,  0.000000000000000e+00,  1.067089698921693e+00,  1.160945688061521e+01
3594        ,  6.517999999999999e-01,  1.224980788436093e+00,  1.122745632502929e+01
3802        ,  3.640600000000001e+00,  1.736502618137995e-01,  1.377103776784100e+01
4541        ,  9.722000000000000e-01,  1.471434273929253e+00,  1.063118855162915e+01
5479        ,  1.344900000000000e+00,  1.176615091768381e+00,  1.134447194038281e+01
3619        ,  0.000000000000000e+00,  1.730043508251068e+00,  1.000551124777109e+01
4285        ,  0.000000000000000e+00,  4.419440424599919e-01,  1.312192974292143e+01
4250        ,  2.172900000000000e+00,  9.090080695772226e-01,  1.199191842688256e+01
5507        ,  2.815200000000000e+00,  1.703398551620702e+00,  1.006997586238403e+01
3730        ,  5.054000000000003e-01,  1.445532855416783e+00,  1.069385425551819e+01
3113        ,  1.532700000000000e+00,  1.448514662297916e+00,  1.068664009359971e+01
3380        ,  3.602999999999998e-01,  5.843375226699368e-01,  1.277742399076465e+01
3718        ,  0.000000000000000e+00,  1.476837083305370e+00,  1.061811703385226e+01
3638        ,  3.944000000000000e+00,  3.167637965422568e+00,  6.527405655899408e+00
4921        ,  3.986700000000000e+00,  2.001604486770184e+00,  9.348498588039609e+00
3279        ,  0.000000000000000e+00,  1.636718117119028e+00,  1.023130202147692e+01
3015        ,  0.000000000000000e+00,  1.473453889388519e+00,  1.062630230865064e+01
5896        ,  0.000000000000000e+00,  2.006770686574543e+00,  9.335999521742691e+00
3558        ,  0.000000000000000e+00,  1.893570275376761e-01,  1.373303693288931e+01
4610        ,  1.037200000000000e+00,  9.899814861558883e-01,  1.179601193072833e+01
3997        ,  2.932200000000000e+00,  1.808114255595275e+00,  9.816627448487568e+00
3090        ,  0.000000000000000e+00, -7.193538159675320e-01,  1.593156534987308e+01
5333        ,  4.202400000000000e+00,  3.099635701567338e+00,  6.691929839333008e+00
5229        ,  4.162100000000001e+00,  3.103900788155874e+00,  6.681610919807822e+00
4590        ,  0.000000000000000e+00,  4.104410358892403e-01,  1.319814788828774e+01
5025        ,  2.353300000000000e+00,  1.945534738896183e+00,  9.484153328945538e+00
5683        ,  0.000000000000000e+00,  8.088912749800141e-02,  1.399546338270246e+01
3453        ,  2.586800000000000e+00,  1.765655717332974e+00,  9.919351327684600e+00
4215        ,  2.252700000000000e+00,  1.184394418055190e+00,  1.132565069484714e+01
3596        ,  0.000000000000000e+00,  1.302280134140130e+00,  1.104043884927315e+01
5621        ,  2.851700000000000e+00,  1.530401523476603e+00,  1.048852361621235e+01
3040        ,  0.000000000000000e+00,  1.376207110858610e+00,  1.086158045855522e+01
4287        ,  1.774800000000000e+00,  1.589509016690277e+00,  1.034551937628749e+01
5502        ,  4.470800000000000e+00,  1.634130802521952e+00,  1.023756175162761e+01
4144        ,  7.689000000000000e-01,  3.724768365935698e-01,  1.328999819642054e+01
4851        ,  0.000000000000000e+00,  1.693677633661421e+00,  1.009349458071494e+01
3896        ,  5.040999999999999e+00,  2.438937781408613e+00,  8.290417590296776e+00
5918        ,  0.000000000000000e+00,  1.726933799837592e+00,  1.001303485372828e+01
4203        ,  1.323500000000000e+00,  1.517902722222155e+00,  1.051876312521847e+01
4291        ,  4.773200000000000e+00,  3.630780157646159e+00,  5.406882798727308e+00
3303        ,  0.000000000000000e+00, -2.505200935950889e-01,  1.479727244598282e+01
4702        ,  4.318700000000000e+00,  2.474196536674448e+00,  8.205112813806597e+00
3733        ,  0.000000000000000e+00,  5.036557688671024e-01,  1.297262484011669e+01
3633        ,  4.639500000000000e+00,  2.138568901647651e+00,  9.017127877129917e+00
4175        ,  6.012000000000000e-01,  1.697778964290989e+00,  1.008357185116792e+01
4340        ,  0.000000000000000e+00, -1.200219083140286e-01,  1.448154608400992e+01
5841        ,  3.369700000000000e+00,  2.270354592120229e+00,  8.698286534444730e+00
4275        ,  3.135000000000000e+00,  6.931545526251627e-01,  1.251415285856872e+01
3674        ,  4.303999999999999e-01,  1.836229283941706e-01,  1.374690997072407e+01
3607        ,  1.498500000000000e+00,  1.414438157683690e+00,  1.076908454144724e+01
3663        ,  0.000000000000000e+00,  1.491594647914640e+00,  1.058241268918547e+01
3112        ,  0.000000000000000e+00,  9.045517518095864e-01,  1.200270000973401e+01
5665        ,  1.656300000000000e+00,  9.228452337755280e-01,  1.195844089228740e+01
5145        ,  8.130000000000002e-01,  1.214958802201584e+00,  1.125170344575935e+01
3797        ,  5.508700000000000e+00,  3.097280619957404e+00,  6.697627706680757e+00
4482        ,  1.776600000000000e+00,  2.516335510755899e+00,  8.103162085868485e+00
5121        ,  2.568900000000000e+00,  1.794512138684267e+00,  9.849536311382430e+00
4041        ,  2.202900000000001e+00,  1.261308531579249e+00,  1.113956524703022e+01
3182        ,  0.000000000000000e+00,  2.150930973593710e+00,  8.987219170019776e+00
3672        ,  0.000000000000000e+00,  1.635776430807662e+00,  1.023358033050142e+01
4012        ,  0.000000000000000e+00,  6.415160602013890e-01,  1.263908665221197e+01
4704        ,  7.975000000000003e-01,  1.148521434320445e+00,  1.141244153123533e+01
4019        ,  1.387000000000000e-01,  3.281541282255656e+00,  6.251828798160705e+00
5747        ,  9.680999999999997e-01,  1.619302831272182e+00,  1.027343643760922e+01
3139        ,  1.653300000000000e+00,  5.668362050393759e-01,  1.281976655156983e+01
5091        ,  3.107900000000000e+00,  2.977146341773719e+00,  6.988279707070528e+00
5746        ,  1.736800000000000e+00,  1.974540710255735e+00,  9.413976492439209e+00
4326        ,  3.563700000000000e+00,  1.964824323610998e+00,  9.437484247740617e+00
3794        ,  0.000000000000000e+00,  1.549153742950747e+00,  1.044315463256911e+01
5163        ,  8.546999999999993e-01,  1.292014360083413e+00,  1.106527578849022e+01
5312        ,  4.080400000000000e+00,  1.542420297601583e+00,  1.045944548135797e+01
5178        ,  1.411000000000000e+00,  5.441583610593799e-01,  1.287463316264011e+01
3001        ,  0.000000000000000e+00,  1.354093624262622e+00,  1.091508166746820e+01
3639        ,  3.916900000000000e+00,  2.796150599435275e+00,  7.426179491945122e+00
3461        ,  1.653900000000000e+00,  2.387594100317098e+00,  8.414638119543275e+00
3914        ,  1.235300000000000e+00,  1.676436099416472e+00,  1.013520862348316e+01
3054        ,  2.297200000000000e+00,  2.030660465754978e+00,  9.278200763447858e+00
3268        ,  0.000000000000000e+00,  1.559865777851569e+00,  1.041723801310594e+01
3670        ,  5.524000000000000e+00,  1.928973040709108e+00,  9.524222581291358e+00
3961        ,  1.207400000000000e+00,  1.515076862568714e+00,  1.052559998954655e+01
4500        ,  0.000000000000000e+00,  5.366673809680768e-01,  1.289275678548395e+01
3436        ,  6.292000000000000e-01,  1.910755401584634e+00,  9.568298205117983e+00
5607        ,  9.406000000000001e-01,  1.485654328727099e+00,  1.059678465429748e+01
3685        ,  3.286000000000000e+00,  2.444041421807727e+00,  8.278069879770690e+00
4208        ,  9.359000000000002e-01,  3.053825495932716e+00,  6.802762718235491e+00
5271        ,  0.000000000000000e+00,  6.440360155087135e-01,  1.263298989063784e+01
5364        ,  0.000000000000000e+00, -9.914527440225351e-02,  1.443103730750081e+01
3883        ,  6.357800000000000e+00,  1.942545088362942e+00,  9.491386467738982e+00
5671        ,  3.270300000000000e+00,  1.682830713924828e+00,  1.011973753957043e+01
4172        ,  2.572000000000000e+00,  9.457609084234486e-01,  1.190299887542594e+01
4207        ,  1.619500000000000e+00,  1.527948204742651e+00,  1.049445915774469e+01
4680        ,  2.538000000000000e+00,  1.275120162996592e+00,  1.110614948625994e+01
5485        ,  6.596000000000002e-01,  6.929892676666614e-01,  1.251455274779725e+01
4546        ,  3.642200000000000e+00,  2.528013525520376e+00,  8.074908381736790e+00
5822        ,  0.000000000000000e+00,  5.076020036029011e-01,  1.296307734844896e+01
3252        ,  4.925999999999999e-01,  1.117352648986126e+00,  1.148785106416887e+01
4849        ,  3.854400000000000e+00,  2.428038710854617e+00,  8.316786722461242e+00
5883        ,  5.354999999999999e-01,  1.230418194220638e+00,  1.121430110495303e+01
3419        ,  4.336800000000000e+00,  2.000821659999134e+00,  9.350392553445690e+00
3544        ,  0.000000000000000e+00,  9.152540055780068e-01,  1.197680705467155e+01
5684        ,  4.439300000000000e+00,  3.122209312208406e+00,  6.637315409646133e+00
3011        ,  0.000000000000000e+00,  5.622707126715377e-01,  1.283081227065633e+01
3823        ,  1.302100000000000e+00,  4.081619568411505e-01,  1.320366187558919e+01
3524        ,  1.959900000000000e+00,  1.288644103705194e+00,  1.107342976230157e+01
4360        ,  1.576000000000000e-01,  4.510812537621267e-01,  1.309982324023875e+01
5208        ,  0.000000000000000e+00,  1.870681463939388e+00,  9.665252798895761e+00
5334        ,  2.209999999999979e-02, -4.611068400672924e-01,  1.530676449140996e+01
4677        ,  0.000000000000000e+00,  1.842260239310187e+00,  9.734014903408294e+00
3360        ,  4.618000000000002e-01,  1.727724863035464e+00,  1.001112096117095e+01
3285        ,  0.000000000000000e+00,  5.312094090865441e-01,  1.290596176302594e+01
5246        ,  1.909999999999989e-02,  2.032976930197394e+00,  9.272596326194813e+00
3154        ,  0.000000000000000e+00,  1.166160486798562e+00,  1.136976573574001e+01
4506        ,  1.594500000000000e+00,  5.989929999807940e-01,  1.274196663536643e+01
4336        ,  0.000000000000000e+00,  1.027222028827854e+00,  1.170591243217674e+01
3829        ,  0.000000000000000e+00,  2.041038165236543e+00,  9.253093032670559e+00
4345        ,  1.651000000000000e+00,  1.523565844891932e+00,  1.050506180734892e+01
3021        ,  0.000000000000000e+00,  1.323753404041854e+00,  1.098848657598190e+01
3580        ,  1.859800000000000e+00,  1.640196180755290e+00,  1.022288721956820e+01
4284        ,  2.943400000000000e+00,  2.040321384761625e-01,  1.369753207603496e+01
5284        ,  5.591300000000000e+00,  1.957435747768198e+00,  9.455360114489139e+00
5632        ,  2.338000000000005e-01,  2.698400964158456e+00,  7.662674249812128e+00
4033        ,  5.497999999999998e-01,  1.560631694989071e+00,  1.041538495874449e+01
5362        ,  1.485500000000000e+00,  2.427476001729053e+00,  8.318148136834020e+00
3554        ,  3.720300000000000e+00,  2.420116058162165e+00,  8.335954730862090e+00
3693        ,  2.168900000000000e+00,  2.245533575295720e+00,  8.758338322334289e+00
3758        ,  0.000000000000000e+00,  1.769215444148804e+00,  9.910738950472160e+00
3349        ,  2.150700000000000e+00,  2.431426902353817e+00,  8.308589356548406e+00
4688        ,  2.151000000000000e+00,  2.112112499155474e+00,  9.081136305229938e+00
5215        ,  1.232400000000000e+00,  1.114285311318367e+00,  1.149527215865151e+01
4896        ,  0.000000000000000e+00,  1.307903051496924e-01,  1.387473283580482e+01
3143        ,  0.000000000000000e+00,  1.284400439417824e+00,  1.108369685286685e+01
4893        ,  2.208000000000006e-01,  1.171167011660581e+00,  1.135765298583925e+01
4220        ,  1.188700000000000e+00,  1.665868313985038e+00,  1.016077624682743e+01
4868        ,  0.000000000000000e+00,  7.805350083028986e-02,  1.400232387727395e+01
3241        ,  3.769000000000000e-01,  2.242886110772615e+00,  8.764743578779287e+00
5435        ,  2.611900000000000e+00,  1.986226767234096e+00,  9.385703331033636e+00
4404        ,  2.805900000000000e+00,  2.009016594084720e+00,  9.330565789419223e+00
3967        ,  2.306200000000000e+00,  1.750815497227595e+00,  9.955255648458541e+00
4232        ,  0.000000000000000e+00,  1.339966275999294e+00,  1.094926127128337e+01
5330        ,  5.059900000000001e+00,  1.771053786990447e+00,  9.906291277148574e+00
3781        ,  1.123700000000000e+00,  1.070610797250245e+00,  1.160093796088442e+01
3926        ,  7.533000000000000e-01,  1.242805299310250e+00,  1.118433183283713e+01
4426        ,  3.982600000000000e+00,  2.803047893135073e+00,  7.409492229646374e+00
3817        ,  2.727700000000000e+00,  3.468197139858094e+00,  5.800234971512279e+00
4074        ,  2.853600000000000e+00,  2.306223589390747e+00,  8.611505342879148e+00
5511        ,  1.303200000000000e+00,  3.003855283909008e+00,  6.923660286391556e+00
4405        ,  3.958000000000000e+00,  2.372503075489035e+00,  8.451149235442283e+00
3184        ,  0.000000000000000e+00,  1.121252007039441e+00,  1.147841698560639e+01
4294        ,  1.687000000000000e+00,  7.499270601918199e-01,  1.237679786596484e+01
4495        ,  0.000000000000000e+00,  2.198493767292772e+00,  8.872146092279040e+00
3188        ,  8.198000000000000e-01,  1.052533052401455e+00,  1.164467512551617e+01
4125        ,  1.822700000000000e+00,  7.959627600793466e-01,  1.226541942790410e+01
4076        ,  3.507100000000000e+00,  2.263419123636252e+00,  8.715066156539152e+00
3597        ,  2.477700000000000e+00,  9.355921417828541e-01,  1.192760111560477e+01
3438        ,  1.828700000000000e+00,  2.232182062189870e+00,  8.790640876202485e+00
4123        ,  0.000000000000000e+00,  1.594688251438696e+00,  1.033298877334156e+01
4731        ,  1.348900000000000e+00,  2.676290201371879e+00,  7.716168868760401e+00
4475        ,  4.044100000000000e+00,  1.533106311036776e+00,  1.048197967282767e+01
4579        ,  0.000000000000000e+00,  2.120374450475802e+00,  9.061147400192324e+00
3063        ,  4.020500000000000e+00,  1.418400408727878e+00,  1.075949830003928e+01
5403        ,  1.062500000000000e+00,  2.984038003570730e+00,  6.971606070556491e+00
4856        ,  4.825800000000000e+00,  2.662107937100878e+00,  7.750481335965809e+00
4602        ,  3.186700000000000e+00,  2.744323123541151e+00,  7.551570510824408e+00
4374        ,  4.502000000000002e-01,  1.557336526207912e+00,  1.042335726616870e+01
2990        ,  0.000000000000000e+00,  1.136587611721616e+00,  1.144131413498414e+01
3430        ,  0.000000000000000e+00,  7.973820594834611e-01,  1.226198558523077e+01
5588        ,  0.000000000000000e+00,  1.726933799837592e+00,  1.001303485372828e+01
3717        ,  1.106800000000000e+00,  1.664550908476951e+00,  1.016396356814853e+01
4508        ,  4.478999999999997e-01,  1.469760798634135e+00,  1.063523734560772e+01
5514        ,  0.000000000000000e+00,  6.411279802194313e-01,  1.264002557010263e+01
3496        ,  4.153700000000000e+00,  2.190304461084563e+00,  8.891959240259842e+00
5148        ,  0.000000000000000e+00,  2.543859864833991e-01,  1.357570634176578e+01
3509        ,  0.000000000000000e+00,  3.587303795540272e-01,  1.332325627477438e+01
3959        ,  2.491400000000000e+00,  1.259474723621128e+00,  1.114400194868954e+01
3070        ,  9.367000000000001e-01,  1.406427672669838e+00,  1.078846505072877e+01
5144        ,  1.861700000000000e+00,  6.846055892408739e-01,  1.253483615851000e+01
4498        ,  0.000000000000000e+00,  1.606073995681897e+00,  1.030544218638698e+01
3754        ,  7.879000000000000e-01,  9.871845007650436e-01,  1.180277893687513e+01
4804        ,  4.575000000000000e-01,  1.823417927458659e+00,  9.779601855895251e+00
4119        ,  3.041100000000000e+00,  2.648184799425647e+00,  7.784166874166826e+00
3644        ,  5.740000000000003e-01,  1.363842543325486e+00,  1.089149520347059e+01
3816        ,  3.645000000000000e+00,  3.058530192447402e+00,  6.791380209646813e+00
3518        ,  1.070500000000000e+00,  1.153519678893112e+00,  1.140034881460651e+01
3017        ,  0.000000000000000e+00,  1.140451022609887e+00,  1.143196702673177e+01
4193        ,  4.166600000000000e+00,  2.877803332497513e+00,  7.228629462422787e+00
3039        ,  1.061300000000000e+00,  2.699706578327695e-02,  1.412584944552596e+01
4489        ,  1.591999999999998e-01,  2.275524257188514e-01,  1.364062726385157e+01
5520        ,  0.000000000000000e+00,  3.370830882781142e-01,  1.337562957411484e+01
3657        ,  7.258000000000000e-01,  6.516889753865439e-01,  1.261447437507455e+01
4703        ,  0.000000000000000e+00,  2.680727739662400e+00,  7.705432720839539e+00
3864        ,  2.564400000000000e+00,  3.274626477604451e+00,  6.268558426328149e+00
4337        ,  0.000000000000000e+00,  3.370830882781142e-01,  1.337562957411484e+01
5030        ,  2.814400000000000e+00,  3.067567823910025e+00,  6.769514629704839e+00
3401        ,  2.284600000000000e+00,  3.125841937846887e+00,  6.628526661551462e+00
3783        ,  2.028500000000000e+00,  1.164602293893050e+00,  1.137353561634218e+01
3244        ,  0.000000000000000e+00,  5.347992898359916e-01,  1.289727643160544e+01
4783        ,  0.000000000000000e+00,  1.176383866050277e+00,  1.134503136620636e+01
4549        ,  4.942399999999999e+00,  3.557247111678933e+00,  5.584788116245831e+00
3948        ,  2.504600000000000e+00,  5.498602284849706e-01,  1.286083810598966e+01
5733        ,  3.228000000000000e-01,  8.147909249682622e-01,  1.221986670247578e+01
3014        ,  1.998000000000002e-01,  1.169720237850681e+00,  1.136115329989047e+01
3200        ,  0.000000000000000e+00,  1.295945976366040e+00,  1.105576366460195e+01
4713        ,  3.813500000000000e+00,  2.135191479731269e+00,  9.025299187192278e+00
4838        ,  3.014200000000000e+00,  2.290926684573616e+00,  8.648514563328895e+00
5828        ,  3.484800000000000e+00,  1.842777649470731e+00,  9.732763085022587e+00
3302        ,  1.491900000000000e+00,  1.926281463938011e+00,  9.530734562588867e+00
4858        ,  3.400500000000000e+00,  2.321629952516040e+00,  8.574231299793372e+00
5817        ,  3.843800000000000e+00,  1.795345476549994e+00,  9.847520139800629e+00
4024        ,  4.102000000000000e+00,  2.567102905682462e+00,  7.980335819185284e+00
3286        ,  0.000000000000000e+00,  7.901686151098271e-01,  1.227943774017435e+01
3491        ,  8.259000000000001e-01,  1.934600806777523e+00,  9.510606804926434e+00
3791        ,  2.952400000000000e+00,  1.779111901712287e+00,  9.886795532897363e+00
5408        ,  2.319000000000000e+00,  2.154963577690695e+00,  8.977462716946686e+00
5318        ,  2.948200000000000e+00,  2.161577633112739e+00,  8.961460719280653e+00
5280        ,  9.822000000000002e-01,  4.203458238229667e-01,  1.317418431627566e+01
3825        ,  1.613500000000001e+00,  1.852622646096119e+00,  9.708944171667778e+00
5053        ,  0.000000000000000e+00,  4.915257633436615e-01,  1.300197208740889e+01
3762        ,  3.050900000000000e+00,  9.761914005428068e-01,  1.182937556373622e+01
3250        ,  1.199900000000000e+00,  1.012997133790415e+00,  1.174032803994894e+01
5063        ,  0.000000000000000e+00, -3.004497324807507e-01,  1.491807185178328e+01
4129        ,  2.116100000000000e+00,  3.291461438105337e+00,  6.227828045124345e+00
4917        ,  2.182400000000000e+00,  1.639296741561623e+00,  1.022506331622288e+01
5320        ,  0.000000000000000e+00,  6.905312342691035e-01,  1.252049969595248e+01
4778        ,  3.289100000000000e+00,  1.761858953777987e+00,  9.928537189862727e+00
4414        ,  0.000000000000000e+00,  1.348487360889261e-01,  1.386491389745711e+01
3025        ,  0.000000000000000e+00,  1.175544793866259e+00,  1.134706141135620e+01
3704        ,  2.006600000000000e+00,  1.700737251052328e+00,  1.007641459365649e+01
5803        ,  2.048100000000000e+00,  7.919510043238536e-01,  1.227512544065116e+01
3368        ,  0.000000000000000e+00,  6.916652365505335e-01,  1.251775609906634e+01
3042        ,  0.000000000000000e+00,  1.232854175195501e-01,  1.389289010644714e+01
4312        ,  5.035999999999996e-01,  1.685146785610764e+00,  1.011413405254956e+01
4974        ,  1.457600000000000e+00,  9.471551237968905e-01,  1.189962572087428e+01
3753        ,  0.000000000000000e+00,  3.798451890775738e-01,  1.327217125791945e+01
5374        ,  2.020000000000000e+00,  1.776995075482128e+00,  9.891916966909166e+00
5835        ,  0.000000000000000e+00,  2.202670608288965e+00,  8.862040673499253e+00
4198        ,  4.097700000000001e+00,  6.543551796336657e-01,  1.260802377987733e+01
5614        ,  1.138500000000000e+00,  1.833517104103144e+00,  9.755167981247743e+00
4087        ,  0.000000000000000e+00,  8.115944103453491e-01,  1.222760032674582e+01
5415        ,  1.726200000000000e+00,  2.031790723643269e+00,  9.275466225719285e+00
5656        ,  2.185500000000000e+00,  1.821441171544377e+00,  9.784384404801816e+00
5560        ,  3.030600000000000e+00,  1.985036749116579e+00,  9.388582452226903e+00
4422        ,  4.267999999999996e-01,  2.635319232778898e+00,  7.815293732700139e+00
3253        ,  0.000000000000000e+00,  2.848271136848643e-01,  1.350205729963563e+01
4771        ,  2.747500000000000e+00,  1.859190123366631e+00,  9.693054864843376e+00
4474        ,  1.164100000000000e+00,  1.442721307349917e+00,  1.070065649449762e+01
5360        ,  2.079200000000000e+00,  3.255601281997777e+00,  6.314587846444461e+00
4693        ,  4.030700000000000e+00,  2.964109982622415e+00,  7.019819779749307e+00
3240        ,  1.162500000000000e+00,  1.111506566784474e+00,  1.150199503300144e+01
5703        ,  3.516900000000001e+00,  2.955484073345210e+00,  7.040689242025236e+00
5209        ,  1.572700000000000e+00,  1.437138371839188e+00,  1.071416380813678e+01
5328        ,  0.000000000000000e+00,  1.151863012733283e+00,  1.140435694068520e+01
3161        ,  0.000000000000000e+00,  2.848271136848643e-01,  1.350205729963563e+01
3977        ,  3.184500000000000e+00,  2.648776090416028e+00,  7.782736309037829e+00
5496        ,  2.170000000000000e+00,  2.454410374706202e+00,  8.252983310413017e+00
5233        ,  6.469999999999976e-02,  1.738874211726749e+00,  9.984146307898301e+00
3077        ,  2.134800000000000e+00,  1.335456257312968e+00,  1.096017277774759e+01
3239        ,  9.895999999999999e-01,  1.653420861646350e+00,  1.019089152263959e+01
3652        ,  1.815100000000000e+00,  1.297829149882571e+00,  1.105120752826904e+01
5796        ,  1.643200000000000e+00,  2.029548552670252e+00,  9.280890917891879e+00
3332        ,  0.000000000000000e+00,  1.128429411404358e+00,  1.146105202559822e+01
5181        ,  0.000000000000000e+00,  2.041038165236543e+00,  9.253093032670559e+00
2997        ,  0.000000000000000e+00,  2.489092088658598e-01,  1.358895681776892e+01
4903        ,  1.562900000000000e+00,  1.397822518157307e+00,  1.080928429907774e+01
5700        ,  2.603800000000000e+00,  2.025995200751189e+00,  9.289487871725367e+00
5019        ,  1.267900000000000e+00,  2.263654955661987e+00,  8.714495586248372e+00
3728        ,  0.000000000000000e+00,  5.100628067817801e-01,  1.295712369910490e+01
3412        ,  4.977500000000000e+00,  1.622692244610052e+00,  1.026523611558878e+01
4657        ,  7.240000000000002e-01,  4.328109322264484e-01,  1.314402632350854e+01
5471        ,  2.481200000000000e+00,  1.511844498872662e+00,  1.053342034680385e+01
4615        ,  0.000000000000000e+00,  8.919790181999987e-01,  1.203311839014336e+01
5698        ,  2.943900000000000e+00,  2.144294182782986e+00,  9.003276173520108e+00
4055        ,  1.163999999999996e-01,  1.699118599708700e+00,  1.008033074696488e+01
3563        ,  0.000000000000000e+00,  1.514305378861238e+00,  1.052746651162698e+01
5843        ,  9.450000000000003e-02,  1.424380109696453e+00,  1.074503105493218e+01
3429        ,  4.021700000000000e+00,  3.027571825979255e+00,  6.866280656703301e+00
3238        ,  0.000000000000000e+00, -1.742757812152566e-01,  1.461280751019108e+01
3757        ,  1.403600000000000e+00,  1.752848464881108e+00,  9.950337101278212e+00
5882        ,  0.000000000000000e+00,  2.840662818738564e+00,  7.318486951748498e+00
5695        ,  2.888000000000000e+00,  3.016836444821379e+00,  6.892253759931279e+00
3906        ,  1.246300000000000e+00,  1.781290602968453e-01,  1.376020179530992e+01
4715        ,  0.000000000000000e+00,  6.164815945693747e-01,  1.269965485659664e+01
3782        ,  1.082200000000000e+00,  1.187049675070886e+00,  1.131922658530215e+01
5548        ,  0.000000000000000e+00,  1.107938908990185e+00,  1.151062659836558e+01
5285        ,  3.423700000000000e+00,  2.205457058780061e+00,  8.855299155412418e+00
3230        ,  0.000000000000000e+00,  1.660756267062243e-01,  1.378936378502382e+01
3651        ,  2.001500000000000e+00,  1.863431026648355e+00,  9.682794454235108e+00
4769        ,  1.221900000000000e+00,  4.937956626643327e-01,  1.299648030947331e+01
5682        ,  3.568200000000000e+00,  3.646780682510067e+00,  5.368171245045099e+00
4131        ,  8.060000000000000e-01,  1.243889838849246e+00,  1.118170790575090e+01
3745        ,  2.101100000000000e+00,  9.759780853015967e-01,  1.182989165708201e+01
3293        ,  2.504400000000000e+00,  1.600425279024136e+00,  1.031910865045565e+01
4029        ,  2.932100000000001e+00,  1.970067596483667e+00,  9.424798711421829e+00
3226        ,  0.000000000000000e+00,  1.144584897117611e+00,  1.142196556076222e+01
4324        ,  0.000000000000000e+00,  6.375086773244829e-01,  1.264878208524833e+01
4839        ,  2.247100000000000e+00,  2.553863135957837e+00,  8.012368021928271e+00
3316        ,  0.000000000000000e+00,  1.370286148274118e+00,  1.087590559244235e+01
4618        ,  9.976000000000003e-01,  6.788830304644576e-01,  1.254868127566441e+01
3455        ,  0.000000000000000e+00,  9.704056676739996e-01,  1.184337352383108e+01
3479        ,  2.809000000000000e+00,  2.222058805757205e+00,  8.815133009314685e+00
5562        ,  3.304500000000000e+00,  3.706713276859217e+00,  5.223170761423807e+00
3194        ,  0.000000000000000e+00,  1.435526491316842e+00,  1.071806358016931e+01
5373        ,  3.522100000000000e+00,  2.533072995060778e+00,  8.062667537865565e+00
3324        ,  2.361700000000000e+00,  1.752299435115860e+00,  9.951665419905963e+00
4502        ,  7.188000000000000e+00,  1.550735562012124e+00,  1.043932759101698e+01
3402        ,  0.000000000000000e+00, -4.800654040252542e-01,  1.535263270339917e+01
5728        ,  3.545400000000000e+00,  3.047964979655256e+00,  6.816941608766268e+00
5687        ,  3.023600000000000e+00,  2.483604350094120e+00,  8.182351618325484e+00
5254        ,  4.435099999999999e+00,  2.643900213073788e+00,  7.794532971277813e+00
3620        ,  9.683000000000000e-01,  4.653093753075930e-01,  1.306539982627645e+01
3353        ,  1.561700000000000e+00,  1.193941529976997e+00,  1.130255248158136e+01
4091        ,  5.020000000000000e-01,  9.379731528685491e-01,  1.192184051467163e+01
2987        ,  0.000000000000000e+00,  1.424380109696453e+00,  1.074503105493218e+01
3179        ,  0.000000000000000e+00,  1.941091873950556e+00,  9.494902364137090e+00
4225        ,  6.553999999999998e-01,  1.748512257540313e+00,  9.960828089835031e+00
5741        ,  1.094500000000000e+00,  1.031121924738612e+00,  1.169647705232586e+01
4755        ,  2.301300000000000e+00,  1.588413283761415e+00,  1.034817038457989e+01
5482        ,  9.074999999999998e-01,  1.278541619951454e+00,  1.109787163814520e+01
5538        ,  0.000000000000000e+00,  4.159497675320513e-01,  1.318482010294786e+01
3710        ,  3.456000000000000e+00,  3.170832267000396e+00,  6.519677385854580e+00
4147        ,  2.493800000000000e+00,  1.597456638285479e+00,  1.032629095830462e+01
5595        ,  1.449800000000000e+00,  1.371506579912921e+00,  1.087295288899651e+01
3514        ,  0.000000000000000e+00,  2.427894983817325e-03,  1.418529191897107e+01
4109        ,  3.027700000000000e+00,  2.323156505978173e+00,  8.570537967430791e+00
4239        ,  4.587000000000003e-01,  1.968679893440320e+00,  9.428156110089335e+00
4805        ,  8.720000000000001e-01,  1.256782282702659e+00,  1.115051602069893e+01
4065        ,  0.000000000000000e+00,  1.052592661754830e+00,  1.164453090707942e+01
4072        ,  9.394999999999998e-01,  1.493688146266099e+00,  1.057734769447402e+01
5492        ,  0.000000000000000e+00,  1.484958149609015e+00,  1.059846898500109e+01
5813        ,  4.605999999999999e-01,  1.663884182687366e+00,  1.016557663968302e+01
5501        ,  0.000000000000000e+00,  1.233698002732608e+00,  1.120636596005257e+01
5626        ,  2.421200000000000e+00,  4.915800967640287e-01,  1.300184063352615e+01
4412        ,  0.000000000000000e+00,  2.335318376225371e-01,  1.362616071810596e+01
4100        ,  0.000000000000000e+00,  6.821296158684059e-01,  1.254082651051028e+01
4901        ,  1.536700000000000e+00,  1.419502799068438e+00,  1.075683118485336e+01
4190        ,  0.000000000000000e+00,  4.976529255211776e-02,  1.407076416299258e+01
5146        ,  3.059299999999999e+00,  1.307068103411793e+00,  1.102885487118085e+01
5315        ,  1.127500000000000e+00,  9.317640243001187e-01,  1.193686283524804e+01
3834        ,  0.000000000000000e+00,  1.555885833305071e-01,  1.381473606162472e+01
5018        ,  1.576900000000000e+00,  1.220954502179135e+00,  1.123719749276609e+01
3870        ,  1.333400000000000e+00,  9.100456584160962e-01,  1.198940809197932e+01
5337        ,  8.550000000000000e-01,  8.095073470080445e-01,  1.223264975263074e+01
4310        ,  1.386300000000000e+00,  1.996631837608455e+00,  9.360529379317043e+00
5629        ,  8.353000000000002e-01,  3.454427100265753e+00,  5.833550105323139e+00
3775        ,  7.872000000000000e-01,  1.043851283108828e+00,  1.166567973510784e+01
3146        ,  0.000000000000000e+00,  1.044013272602076e+00,  1.166528781890402e+01
4918        ,  1.971800000000000e+00,  1.179655261318500e+00,  1.133711657624673e+01
3936        ,  7.376000000000000e-01,  9.265786807295590e-01,  1.194940821783391e+01
5518        ,  0.000000000000000e+00,  9.805590864576015e-02,  1.395393019703483e+01
4299        ,  3.159100000000000e+00,  1.963713088069014e+00,  9.440172762942648e+00
4572        ,  2.515200000000000e+00,  1.609969445372347e+00,  1.029601756368923e+01
4645        ,  3.145100000000000e+00,  1.608064112693995e+00,  1.030062731173737e+01
4955        ,  4.844999999999997e-01,  6.864476704171781e-01,  1.253037944068668e+01
3631        ,  3.243400000000000e+00,  2.946864450032791e+00,  7.061543496083600e+00
4411        ,  0.000000000000000e+00,  6.410171108134946e-01,  1.264029380673837e+01
4587        ,  0.000000000000000e+00,  1.141043868735826e+00,  1.143053269911909e+01
3642        ,  5.232000000000000e-01,  1.045543710503595e+00,  1.166158508855699e+01
4357        ,  2.144500000000000e+00,  1.215424330658852e+00,  1.125057714958986e+01
5777        ,  6.503000000000001e-01,  1.335058172048953e+00,  1.096113590234501e+01
5478        ,  5.165000000000000e+00,  3.125488501399509e+00,  6.629381763126083e+00
4935        ,  3.557399999999999e+00,  1.635355008896542e+00,  1.023459991561341e+01
4094        ,  1.604600000000000e+00,  2.801807134915609e+00,  7.412494111073887e+00
4037        ,  1.423100000000000e+00,  1.442027749426644e+00,  1.070233448350154e+01
4780        ,  3.433200000000000e+00,  2.465510328848336e+00,  8.226128161953946e+00
4269        ,  0.000000000000000e+00,  1.968679893440320e+00,  9.428156110089335e+00
4192        ,  2.623400000000000e+00,  1.652028593582342e+00,  1.019425996588494e+01
3151        ,  1.532600000000000e+00,  1.058755970191858e+00,  1.162961944339624e+01
4437        ,  0.000000000000000e+00,  1.308002646420195e+00,  1.102659384461168e+01
3656        ,  2.389100000000000e+00,  1.838306258609148e+00,  9.743581135608085e+00
3799        ,  3.415900000000000e+00,  2.220157491016774e+00,  8.819733036392984e+00
5062        ,  4.345800000000000e+00,  2.724790548784342e+00,  7.598827480372674e+00
5012        ,  0.000000000000000e+00,  1.683809515921012e+00,  1.011736943312756e+01
4716        ,  3.336500000000000e+00,  3.164793210361244e+00,  6.534288235640126e+00
4389        ,  1.188300000000000e+00,  2.022674805917334e+00,  9.297521210878312e+00
3320        ,  0.000000000000000e+00,  5.765360392541068e-01,  1.279629884309740e+01
3210        ,  7.141999999999999e-01,  1.837972504204781e+00,  9.744388618590751e+00
3051        ,  3.296900000000000e+00,  1.292336953660678e+00,  1.106449530793160e+01
4912        ,  0.000000000000000e+00,  2.246295115843939e+00,  8.756495856661173e+00
3369        ,  0.000000000000000e+00,  4.559027245082394e-01,  1.308815820892241e+01
3612        ,  2.530999999999999e-01,  1.370045441288480e+00,  1.087648795717573e+01
3466        ,  8.565000000000000e-01,  3.649155626161504e-01,  1.330829188778206e+01
3673        ,  0.000000000000000e+00,  1.007419451188468e+00,  1.175382264473873e+01
3630        ,  3.936000000000000e+00,  3.254991170277231e+00,  6.316063946311366e+00
3988        ,  1.247000000000000e+00,  9.496187965797731e-02,  1.396141586830334e+01
5274        ,  2.598400000000000e+00,  2.862221252102555e+00,  7.266328634594979e+00
5098        ,  2.883100000000000e+00,  1.271020741827662e+00,  1.111606759607176e+01
5253        ,  4.834600000000000e+00,  1.535064636943563e+00,  1.047724171334742e+01
3828        ,  3.228500000000000e+00,  1.267763773634098e+00,  1.112394748127170e+01
3094        ,  0.000000000000000e+00,  9.072628765255136e-01,  1.199614073428070e+01
3008        ,  0.000000000000000e+00,  5.307550590296742e-01,  1.290706101425467e+01
5311        ,  0.000000000000000e+00,  9.416185920247522e-01,  1.191302076564521e+01
3787        ,  0.000000000000000e+00,  1.359572489941493e+00,  1.090182613962464e+01
3613        ,  5.574700000000000e+00,  3.121656910988091e+00,  6.638651885147794e+00
3295        ,  0.000000000000000e+00,  1.668451047509459e+00,  1.015452760009066e+01
4347        ,  3.522500000000000e+00,  2.698834334894547e+00,  7.661625755799763e+00
3348        ,  0.000000000000000e+00,  6.664305333139026e-01,  1.257880875685777e+01
4407        ,  3.911400000000000e+00,  3.499629387378104e+00,  5.724188020079578e+00
5070        ,  2.822200000000000e+00,  1.581340937327939e+00,  1.036528116819151e+01
4605        ,  8.457000000000000e-01,  1.723254074923440e+00,  1.002193755346855e+01
3548        ,  0.000000000000000e+00,  3.084303177919235e-01,  1.344495187899261e+01
4252        ,  1.628000000000003e-01,  5.525302012910754e-01,  1.285437839316820e+01
3484        ,  1.768600000000000e+00,  8.669816769839428e-01,  1.209359677598560e+01
4910        ,  0.000000000000000e+00,  9.270416727213313e-01,  1.194828805837062e+01
5542        ,  4.253000000000000e-01,  1.553204638149784e+00,  1.043335392613652e+01
3732        ,  0.000000000000000e+00,  5.575326174178915e-01,  1.284227558391156e+01
5911        ,  1.002100000000000e+00,  2.029682833904630e+00,  9.280566038848388e+00
3440        ,  2.282500000000000e+00,  2.035999828981899e+00,  9.265282746823665e+00
4866        ,  4.522399999999999e+00,  1.970728318499600e+00,  9.423200165373723e+00
3322        ,  0.000000000000000e+00,  8.574271161685963e-01,  1.211671301105034e+01
3256        ,  1.546800000000000e+00,  1.877316632441364e+00,  9.649199720397434e+00
4277        ,  2.930600000000000e+00,  2.896401083763404e+00,  7.183634198041061e+00
3649        ,  1.546300000000000e+00,  2.694039054114322e+00,  7.673227423302790e+00
4231        ,  3.127200000000000e+00,  9.399447668216228e-01,  1.191707040618867e+01
3940        ,  2.413200000000000e+00,  2.997814382980309e+00,  6.938275598237840e+00
4920        ,  3.948700000000000e+00,  1.446761258165763e+00,  1.069088226682626e+01
4925        ,  4.453400000000000e+00,  2.473425519682399e+00,  8.206978206719109e+00
3327        ,  1.875800000000000e+00,  1.000852494456317e+00,  1.176971069217640e+01
3038        ,  0.000000000000000e+00,  1.486471420258934e+00,  1.059480778897794e+01
4382        ,  1.551700000000000e+00,  2.932025247556587e+00,  7.097445354812906e+00
3812        ,  9.600000000000053e-03,  1.110208663407910e-02,  1.416430564267232e+01
5842        ,  5.800000000000005e-02,  2.159039720032338e+00,  8.967600927760584e+00
3141        ,  3.993400000000000e+00,  1.385870427787595e+00,  1.083820109973878e+01
4658        ,  2.303800000000000e+00,  3.459537153427014e+00,  5.821186879806874e+00
3939        ,  0.000000000000000e+00,  4.814929241615785e-01,  1.302624546568152e+01
4383        ,  5.411300000000000e+00,  3.052239764232619e+00,  6.806599225997330e+00
3396        ,  2.201400000000000e+00,  1.664691748034118e+00,  1.016362282194650e+01
3007        ,  1.782999999999997e-01,  2.362275070836736e+00,  8.475894795636528e+00
3512        ,  2.296399999999999e+00,  1.249982999888951e+00,  1.116696615617149e+01
4011        ,  0.000000000000000e+00,  6.144885156430749e-01,  1.270447689727997e+01
3624        ,  1.820700000000000e+00,  1.257689717598156e+00,  1.114832057930129e+01
5603        ,  1.377800000000001e+00,  2.536456180137136e+00,  8.054482284455801e+00
3267        ,  2.079300000000000e+00,  1.280144579414060e+00,  1.109399344965983e+01
4512        ,  7.999000000000001e-01,  1.212067621123925e+00,  1.125869834826691e+01
3018        ,  0.000000000000000e+00,  1.389655549666880e+00,  1.082904340334632e+01
4102        ,  1.217700000000000e+00,  1.107978275405341e+00,  1.151053135554657e+01
5256        ,  1.496700000000000e+00,  1.898762102120038e+00,  9.597314706763989e+00
5524        ,  0.000000000000000e+00,  5.367295461375509e-01,  1.289260638352428e+01
4197        ,  1.164100000000000e+00,  2.233712869945502e+00,  8.786937251033104e+00
4773        ,  2.457200000000000e+00,  2.758956285531483e+00,  7.516167144950643e+00
3301        ,  1.573000000000000e+00,  1.910755401584634e+00,  9.568298205117983e+00
4227        ,  4.606999999999999e-01,  1.636159582467821e+00,  1.023265333615675e+01
5086        ,  4.665000000000000e+00,  1.884305917985768e+00,  9.632289893697761e+00
3760        ,  3.901500000000000e+00,  2.808758683901207e+00,  7.395675583930598e+00
4553        ,  3.322600000000000e+00,  1.503603310689745e+00,  1.055335901765757e+01
3411        ,  0.000000000000000e+00,  3.983400725686283e-01,  1.322742487108528e+01
3019        ,  3.700100000000000e+00,  2.001034035145096e+00,  9.349878734559521e+00
5704        ,  2.854299999999999e+00,  1.418064497557740e+00,  1.076031100108540e+01
3736        ,  4.481999999999999e-01,  7.633330300859635e-01,  1.234436355973843e+01
5317        ,  4.574800000000001e+00,  2.353694810364211e+00,  8.496653815525852e+00
3449        ,  5.802000000000000e-01,  1.328007720094569e+00,  1.097819371461288e+01
4770        ,  2.630999999999999e-01,  1.493431854300615e+00,  1.057796776539448e+01
5394        ,  6.362999999999999e-01,  1.652661638634870e+00,  1.019272838128114e+01
3622        ,  0.000000000000000e+00,  1.169295984355279e+00,  1.136217973571691e+01
4439        ,  0.000000000000000e+00,  7.285833048238938e-01,  1.242843679273337e+01
3560        ,  1.123000000000000e+00,  8.797923468249922e-01,  1.206260273438541e+01
4365        ,  4.376200000000001e+00,  2.724790548784342e+00,  7.598827480372674e+00
5697        ,  1.888100000000000e+00,  1.680840223623568e+00,  1.012455331735313e+01
3203        ,  2.789999999999981e-02,  9.372351387039597e-01,  1.192362606078300e+01
4589        ,  1.158500000000000e+00,  1.499090648178821e+00,  1.056427692057183e+01
5184        ,  1.397900000000000e+00,  1.576724286018066e+00,  1.037645066085093e+01
5874        ,  4.438800000000000e+00,  3.420464144669955e+00,  5.915719833499923e+00
3136        ,  1.730999999999998e-01,  1.307126798166362e+00,  1.102871286551781e+01
3534        ,  0.000000000000000e+00,  1.024637958266189e+00,  1.171216431373171e+01
5473        ,  0.000000000000000e+00,  5.207569046147641e-01,  1.293125047645343e+01
3749        ,  2.032700000000000e+00,  1.201915093173233e+00,  1.128326130067729e+01
3192        ,  1.573799999999999e+00,  1.324448396926874e+00,  1.098680511524196e+01
4965        ,  2.943700000000000e+00,  2.027516539411365e+00,  9.285807156016780e+00
5122        ,  0.000000000000000e+00,  6.740607859974590e-01,  1.256034817891544e+01
5199        ,  0.000000000000000e+00,  3.325144298934033e-01,  1.338668295303957e+01
5599        ,  1.938499999999999e+00,  2.027626615930488e+00,  9.285540837685636e+00
4563        ,  0.000000000000000e+00,  5.037785743792442e-01,  1.297232772535225e+01
5191        ,  2.255300000000000e+00,  1.803441781034367e+00,  9.827931999515226e+00
