# c0 + a0 * (mp_bandgap / max:mendeleev_number)
# Property Label: $bandgap$; Unit of the Property: eV
# RMSE: 0.47016314064991; Max AE: 4.30840397735193
# Coefficients
# Task   a0                      c0
# all ,  9.507950769830772e+01,  1.396717334544408e-01, 
# Feature Rung, Units, and Expressions
# 0;  1; eV;                                               0|21|div; (mp_bandgap / max:mendeleev_number); $\left(\frac{ mp_{bandgap} }{ max:mendeleev_{number} } \right)$; (mp_bandgap ./ max:mendeleev_number); mp_bandgap,max:mendeleev_number
# Number of Samples Per Task
# Task, n_samples               
# all , 1016                  

# Sample ID , Property Value        ,  Property Value (EST) ,  Feature 0 Value      
3577        ,  5.216900000000000e+00,  4.729868005599310e+00,  4.827745098039216e-02
3033        ,  0.000000000000000e+00,  1.223107430582979e+00,  1.139504950495050e-02
3404        ,  2.820000000000000e-02,  1.396717334544408e-01,  0.000000000000000e+00
4870        ,  2.521100000000000e+00,  2.585155479417241e+00,  2.572040816326530e-02
5075        ,  0.000000000000000e+00,  1.396717334544408e-01,  0.000000000000000e+00
5016        ,  3.666500000000000e+00,  2.923580510879538e+00,  2.927979797979798e-02
5647        ,  3.195000000000000e+00,  3.101167622752604e+00,  3.114757281553398e-02
4329        ,  2.076200000000000e+00,  1.625143511381777e+00,  1.562346938775510e-02
4303        ,  0.000000000000000e+00,  1.396717334544408e-01,  0.000000000000000e+00
4983        ,  0.000000000000000e+00,  3.475564225610655e+00,  3.508529411764706e-02
4042        ,  1.349900000000000e+00,  1.581542352858033e+00,  1.516489361702128e-02
3447        ,  1.737800000000000e+00,  1.639526957418554e+00,  1.577474747474748e-02
3615        ,  3.120000000000012e-02,  1.537435005937905e-01,  1.480000000000015e-04
4735        ,  0.000000000000000e+00,  1.396717334544408e-01,  0.000000000000000e+00
4750        ,  9.359000000000002e-01,  3.062211182877685e-01,  1.751685393258426e-03
4141        ,  3.190800000000000e+00,  3.411442317667000e+00,  3.441089108910891e-02
4420        ,  0.000000000000000e+00,  1.396717334544408e-01,  0.000000000000000e+00
3925        ,  4.481500000000000e+00,  4.608500905476553e+00,  4.700097087378641e-02
4443        ,  2.707600000000000e+00,  2.763018902789828e+00,  2.759108910891089e-02
3836        ,  2.259999999999995e-02,  2.199725785431204e-01,  8.445652173913055e-04
5832        ,  3.573500000000000e+00,  3.390179099089429e+00,  3.418725490196078e-02
4712        ,  1.100500000000000e+00,  1.117354886270481e+00,  1.028279569892473e-02
4046        ,  0.000000000000000e+00,  6.526303843931328e-01,  5.395049504950497e-03
4558        ,  0.000000000000000e+00,  1.396717334544408e-01,  0.000000000000000e+00
4191        ,  1.821500000000000e+00,  2.248725373218303e+00,  2.218200000000000e-02
4636        ,  3.054200000000000e+00,  2.483704683923497e+00,  2.465339805825243e-02
5195        ,  2.369000000000003e-01,  2.848840724845838e-01,  1.527272727272730e-03
4525        ,  1.162800000000000e+00,  1.582767372519867e+00,  1.517777777777777e-02
3086        ,  1.589400000000000e+00,  1.426069231174614e+00,  1.352970297029703e-02
5751        ,  5.041900000000000e+00,  5.017065857974329e+00,  5.129805825242718e-02
5500        ,  1.070000000000002e-01,  2.452947113133530e-01,  1.110891089108912e-03
3022        ,  0.000000000000000e+00,  1.396717334544408e-01,  0.000000000000000e+00
3170        ,  1.528999999999998e-01,  1.396717334544408e-01,  0.000000000000000e+00
5493        ,  0.000000000000000e+00,  9.153789084952084e-01,  8.158510638297868e-03
5095        ,  9.836999999999998e-01,  6.686595399213894e-01,  5.563636363636365e-03
3559        ,  4.266400000000000e+00,  5.398768541792293e+00,  5.531262135922330e-02
3426        ,  3.814500000000001e+00,  3.725016416818547e+00,  3.770891089108910e-02
4705        ,  2.014900000000000e+00,  1.925402116184101e+00,  1.878144329896907e-02
5717        ,  8.259000000000003e-01,  4.070370439946833e+00,  4.134117647058824e-02
5108        ,  2.033300000000000e+00,  1.856695784241527e+00,  1.805882352941176e-02
5105        ,  1.147400000000000e+00,  1.503295898701783e+00,  1.434193548387097e-02
4721        ,  2.367300000000000e+00,  3.294774750530001e+00,  3.318383838383838e-02
4062        ,  5.457999999999998e-01,  3.138909490310459e-01,  1.832352941176471e-03
3907        ,  1.832000000000000e+00,  1.107105724284722e+00,  1.017500000000000e-02
5228        ,  8.589000000000000e-01,  1.001954650178166e+00,  9.069072164948460e-03
3315        ,  3.259000000000000e+00,  3.677570801095828e+00,  3.720990099009901e-02
3746        ,  0.000000000000000e+00,  1.396717334544408e-01,  0.000000000000000e+00
5331        ,  1.814300000000000e+00,  1.194207025767750e+00,  1.109108910891089e-02
5676        ,  4.641999999999999e-01,  1.396717334544408e-01,  0.000000000000000e+00
3598        ,  9.411999999999998e-01,  1.011955612991588e+00,  9.174257425742571e-03
5120        ,  8.623000000000001e-01,  1.998721159233930e+00,  1.955257731958763e-02
4244        ,  6.532000000000000e-01,  1.396717334544408e-01,  0.000000000000000e+00
4710        ,  0.000000000000000e+00,  1.396717334544408e-01,  0.000000000000000e+00
3178        ,  0.000000000000000e+00,  1.396717334544408e-01,  0.000000000000000e+00
3755        ,  1.748400000000000e+00,  1.488330441104973e+00,  1.418453608247423e-02
3400        ,  6.249000000000002e-01,  3.267546471314051e-01,  1.967647058823529e-03
3969        ,  2.773000000000000e+00,  1.831616279852148e+00,  1.779504950495049e-02
3495        ,  1.237600000000000e+00,  4.637599478669520e-01,  3.408602150537634e-03
3278        ,  1.245800000000000e+00,  9.556174871535739e-01,  8.581720430107525e-03
3966        ,  1.750200000000000e+00,  9.886697288257432e-01,  8.929347826086960e-03
4958        ,  3.220400000000000e+00,  3.119708263848133e+00,  3.134257425742575e-02
4890        ,  2.595300000000000e+00,  2.820913850546719e+00,  2.820000000000000e-02
3933        ,  3.733600000000000e+00,  3.514798216522307e+00,  3.549793814432990e-02
3444        ,  2.131800000000000e+00,  2.171824675311468e+00,  2.137319587628866e-02
4837        ,  2.507100000000000e+00,  2.616169823289586e+00,  2.604660194174757e-02
4339        ,  0.000000000000000e+00,  1.396717334544408e-01,  0.000000000000000e+00
4325        ,  2.300000000000000e-01,  4.538403977351934e+00,  4.626372549019608e-02
5893        ,  4.026400000000000e+00,  3.716678060952896e+00,  3.762121212121212e-02
5161        ,  4.347900000000000e+00,  4.219607980951727e+00,  4.291078431372550e-02
3743        ,  0.000000000000000e+00,  1.396717334544408e-01,  0.000000000000000e+00
4950        ,  1.466200000000001e+00,  9.889859101417006e-01,  8.932673267326734e-03
4189        ,  1.018400000000000e+00,  1.062696063139497e+00,  9.707920792079208e-03
4450        ,  5.732999999999999e-01,  3.703912622415045e-01,  2.426595744680851e-03
4947        ,  8.538999999999999e-01,  9.102078262548503e-01,  8.104123711340208e-03
5135        ,  1.470899999999999e+00,  1.396717334544408e-01,  0.000000000000000e+00
3721        ,  1.803700000000000e+00,  1.637702199190000e+00,  1.575555555555556e-02
4840        ,  3.246200000000000e+00,  3.238887131913537e+00,  3.259603960396040e-02
4848        ,  7.781000000000002e-01,  7.176398923720325e-01,  6.078787878787878e-03
3448        ,  1.538000000000000e+00,  1.022479850631739e+00,  9.284946236559141e-03
4846        ,  0.000000000000000e+00,  1.396717334544408e-01,  0.000000000000000e+00
5732        ,  5.205000000000001e-01,  4.167458205622271e-01,  2.914130434782614e-03
4953        ,  2.663900000000000e+00,  2.512049510387367e+00,  2.495151515151515e-02
4256        ,  2.726200000000000e+00,  2.699592398723678e+00,  2.692400000000000e-02
4685        ,  7.060000000000000e-01,  6.313248006814958e-01,  5.170967741935475e-03
4747        ,  3.408700000000000e+00,  2.745885763778846e+00,  2.741089108910891e-02
5625        ,  8.441999999999998e-01,  1.024475983807307e+00,  9.305940594059406e-03
5067        ,  2.608600000000000e+00,  3.712907329079483e+00,  3.758155339805825e-02
3965        ,  4.246200000000000e+00,  3.453616198309418e+00,  3.485445544554455e-02
4444        ,  9.563000000000001e-01,  3.348403143104295e-01,  2.052688172043011e-03
3422        ,  9.169000000000000e-01,  9.006112402782376e-01,  8.003191489361702e-03
3134        ,  0.000000000000000e+00,  1.396717334544408e-01,  0.000000000000000e+00
5724        ,  0.000000000000000e+00,  1.396717334544408e-01,  0.000000000000000e+00
5875        ,  4.952999999999994e-01,  3.488466503907178e-01,  2.200000000000000e-03
4070        ,  7.039999999999997e-01,  1.396717334544408e-01,  0.000000000000000e+00
4121        ,  1.252800000000000e+00,  1.038126012140232e+00,  9.449504950495052e-03
3358        ,  0.000000000000000e+00,  1.396717334544408e-01,  0.000000000000000e+00
3180        ,  1.234700000000000e+00,  1.496476537991781e+00,  1.427021276595745e-02
5476        ,  0.000000000000000e+00,  1.396717334544408e-01,  0.000000000000000e+00
3830        ,  6.069000000000000e-01,  6.433970840334134e-01,  5.297938144329897e-03
3277        ,  1.579500000000000e+00,  1.695941207333337e+00,  1.636808510638298e-02
4178        ,  2.596900000000000e+00,  2.155449606860213e+00,  2.120097087378641e-02
4672        ,  6.372000000000000e-01,  6.171403107275268e-01,  5.021782178217823e-03
5042        ,  3.263400000000000e+00,  3.067838156183016e+00,  3.079702970297029e-02
3034        ,  1.700700000000000e+00,  2.061592718322042e+00,  2.021382978723404e-02
4575        ,  2.957400000000000e+00,  2.293361048123584e+00,  2.265145631067961e-02
5517        ,  1.991000000000000e+00,  1.709989820499462e+00,  1.651584158415842e-02
5696        ,  0.000000000000000e+00,  1.396717334544408e-01,  0.000000000000000e+00
4993        ,  7.869999999999999e-01,  7.535345744192431e-01,  6.456310679611651e-03
4049        ,  4.949900000000000e+00,  6.099864523315251e+00,  6.268640776699029e-02
3296        ,  6.007300000000000e+00,  5.823920083790298e+00,  5.978415841584158e-02
3504        ,  0.000000000000000e+00,  1.396717334544408e-01,  0.000000000000000e+00
5474        ,  0.000000000000000e+00,  1.396717334544408e-01,  0.000000000000000e+00
3708        ,  3.914400000000000e+00,  3.124049692737794e+00,  3.138823529411765e-02
3778        ,  4.467100000000000e+00,  4.175289129138536e+00,  4.244466019417476e-02
3067        ,  0.000000000000000e+00,  8.508852786630694e-01,  7.480198019801981e-03
3245        ,  0.000000000000000e+00,  1.396717334544408e-01,  0.000000000000000e+00
3972        ,  9.501000000000001e-01,  6.201810734351360e-01,  5.053763440860217e-03
5077        ,  1.153900000000000e+00,  1.260736745142141e+00,  1.179081632653061e-02
3503        ,  7.069999999999999e-01,  3.925267410560789e-01,  2.659405940594059e-03
4802        ,  0.000000000000000e+00,  1.396717334544408e-01,  0.000000000000000e+00
4651        ,  3.520400000000000e+00,  3.577303642857334e+00,  3.615533980582524e-02
3873        ,  3.645000000000000e+00,  3.559026222930862e+00,  3.596310679611650e-02
4895        ,  2.159000000000000e-01,  8.293377339375229e-01,  7.253571428571428e-03
5431        ,  0.000000000000000e+00,  1.396717334544408e-01,  0.000000000000000e+00
5297        ,  1.494600000000000e+00,  1.575184023446020e+00,  1.509801980198020e-02
3520        ,  8.754999999999997e-01,  1.015527800606487e+00,  9.211827956989252e-03
4859        ,  0.000000000000000e+00,  1.396717334544408e-01,  0.000000000000000e+00
5591        ,  4.297800000000001e+00,  4.085377164807777e+00,  4.149900990099010e-02
5160        ,  4.105000000000000e+00,  3.980028128896788e+00,  4.039100000000000e-02
5202        ,  3.249999999999975e-02,  1.898045647862759e-01,  5.272727272727287e-04
3573        ,  2.447999999999999e-01,  6.453126472670372e-01,  5.318085106382982e-03
4237        ,  0.000000000000000e+00,  1.396717334544408e-01,  0.000000000000000e+00
3838        ,  1.593100000000000e+00,  1.039993752627459e+00,  9.469148936170211e-03
5749        ,  1.189500000000000e+00,  1.076449934560345e+00,  9.852577319587632e-03
4112        ,  5.923999999999998e-01,  1.396717334544408e-01,  0.000000000000000e+00
3399        ,  0.000000000000000e+00,  1.396717334544408e-01,  0.000000000000000e+00
5582        ,  0.000000000000000e+00,  6.320477554635344e-01,  5.178571428571429e-03
4409        ,  2.585300000000000e+00,  2.204873951162832e+00,  2.172079207920792e-02
4907        ,  3.617400000000000e+00,  3.564134358742896e+00,  3.601683168316831e-02
5719        ,  2.343600000000000e+00,  1.899019178378869e+00,  1.850396039603960e-02
3741        ,  4.134000000000000e+00,  3.939344253724093e+00,  3.996310679611650e-02
3665        ,  1.944300000000001e+00,  1.942040302159193e+00,  1.895643564356436e-02
5189        ,  6.053000000000002e-01,  5.064629889256442e-01,  3.857731958762885e-03
3079        ,  3.068500000000000e+00,  2.305601746447177e+00,  2.278019801980198e-02
4684        ,  0.000000000000000e+00,  1.396717334544408e-01,  0.000000000000000e+00
4673        ,  1.365500000000000e+00,  1.308331789905361e+00,  1.229139784946237e-02
3508        ,  5.225600000000000e+00,  4.711395705593666e+00,  4.808316831683169e-02
4472        ,  1.962400000000000e+00,  1.597683035663738e+00,  1.533465346534653e-02
3173        ,  0.000000000000000e+00,  1.396717334544408e-01,  0.000000000000000e+00
3772        ,  6.627000000000001e-01,  3.268183288051691e-01,  1.968316831683167e-03
3941        ,  1.333200000000000e+00,  1.104324142942484e+00,  1.014574468085106e-02
3998        ,  5.336600000000000e+00,  4.851485599299568e+00,  4.955656565656566e-02
4086        ,  1.453300000000000e+00,  7.350312891057587e-01,  6.261702127659570e-03
4023        ,  0.000000000000000e+00,  2.420379885592391e+00,  2.398737864077670e-02
3485        ,  1.129800000000000e+00,  1.264810620593227e+00,  1.183366336633663e-02
3689        ,  1.522999999999999e-01,  7.604489062975851e-01,  6.529032258064513e-03
4565        ,  1.903700000000000e+00,  2.136341395118903e+00,  2.100000000000000e-02
4165        ,  0.000000000000000e+00,  1.396717334544408e-01,  0.000000000000000e+00
3463        ,  1.951400000000000e+00,  2.061017296242355e+00,  2.020777777777778e-02
5755        ,  1.744400000000000e+00,  1.572548155905868e+00,  1.507029702970297e-02
4114        ,  2.924900000000000e+00,  3.446461700700436e+00,  3.477920792079207e-02
3199        ,  2.250400000000000e+00,  1.715665147760113e+00,  1.657553191489361e-02
3686        ,  1.206600000000000e+00,  1.075964784515857e+00,  9.847474747474747e-03
4416        ,  8.491000000000000e-01,  1.024852536313042e+00,  9.309900990099011e-03
4562        ,  2.138600000000000e+00,  2.145290054666979e+00,  2.109411764705883e-02
3272        ,  0.000000000000000e+00,  1.396717334544408e-01,  0.000000000000000e+00
5130        ,  3.741200000000000e+00,  2.994786970070258e+00,  3.002871287128714e-02
3567        ,  3.290600000000000e+00,  3.300785718812295e+00,  3.324705882352941e-02
4052        ,  2.301500000000000e+00,  2.110447401532981e+00,  2.072765957446808e-02
3662        ,  2.304500000000000e+00,  2.357095301606558e+00,  2.332178217821782e-02
3222        ,  0.000000000000000e+00,  1.396717334544408e-01,  0.000000000000000e+00
4792        ,  3.406700000000000e+00,  2.664079731907728e+00,  2.655049504950495e-02
3618        ,  3.023200000000000e+00,  7.324595156091374e-01,  6.234653465346532e-03
4741        ,  0.000000000000000e+00,  1.396717334544408e-01,  0.000000000000000e+00
3319        ,  9.309000000000001e-01,  3.471930937350951e-01,  2.182608695652175e-03
5773        ,  3.998000000000000e+00,  3.733196924916643e+00,  3.779494949494950e-02
3231        ,  1.677200000000000e+00,  1.676621860556340e+00,  1.616489361702127e-02
4392        ,  4.559800000000000e+00,  5.271565083920188e+00,  5.397475728155340e-02
3459        ,  2.935700000000000e+00,  2.684978395976069e+00,  2.677029702970297e-02
3487        ,  0.000000000000000e+00,  1.396717334544408e-01,  0.000000000000000e+00
3474        ,  3.947700000000000e+00,  3.591826182157139e+00,  3.630808080808081e-02
4762        ,  2.902400000000000e+00,  3.517417852038636e+00,  3.552549019607843e-02
3779        ,  3.920900000000000e+00,  3.504921477215930e+00,  3.539405940594059e-02
4547        ,  3.463000000000000e+00,  2.266220002634791e+00,  2.236600000000000e-02
3537        ,  2.426400000000000e+00,  2.542641548807909e+00,  2.527326732673267e-02
3521        ,  0.000000000000000e+00,  1.396717334544408e-01,  0.000000000000000e+00
5437        ,  3.014500000000000e+00,  2.970590560088282e+00,  2.977422680412371e-02
4845        ,  0.000000000000000e+00,  1.396717334544408e-01,  0.000000000000000e+00
3788        ,  7.426000000000001e-01,  6.967971892015459e-01,  5.859574468085104e-03
3211        ,  1.219999999999999e-02,  1.396717334544408e-01,  0.000000000000000e+00
3763        ,  0.000000000000000e+00,  1.396717334544408e-01,  0.000000000000000e+00
5510        ,  3.329200000000000e+00,  3.376273255012534e+00,  3.404099999999999e-02
4560        ,  4.276800000000000e+00,  3.658366623303298e+00,  3.700792079207921e-02
3975        ,  1.985400000000000e+00,  1.782287901600749e+00,  1.727623762376238e-02
3251        ,  0.000000000000000e+00,  1.396717334544408e-01,  0.000000000000000e+00
3822        ,  1.651400000000000e+00,  1.153178826153423e+00,  1.065957446808510e-02
5417        ,  2.387700000000000e+00,  2.389667093352711e+00,  2.366435643564357e-02
4039        ,  6.776000000000000e-01,  8.227379788593130e-01,  7.184158415841585e-03
3789        ,  4.554000000000000e+00,  4.207597699715630e+00,  4.278446601941748e-02
3842        ,  2.475500000000000e+00,  2.472226230235301e+00,  2.453267326732674e-02
5072        ,  9.227000000000000e-01,  1.000095123023301e+00,  9.049514563106797e-03
4751        ,  0.000000000000000e+00,  1.396717334544408e-01,  0.000000000000000e+00
5535        ,  1.533700000000000e+00,  1.450133163214557e+00,  1.378279569892473e-02
5543        ,  4.231000000000000e-01,  8.338589705596133e-01,  7.301123595505618e-03
3148        ,  4.490000000000016e-02,  1.396717334544408e-01,  0.000000000000000e+00
4233        ,  3.497600000000000e+00,  3.303560024773672e+00,  3.327623762376238e-02
3690        ,  2.423100000000000e+00,  2.242340925483551e+00,  2.211485148514852e-02
3875        ,  2.401300000000000e+00,  2.410000928662448e+00,  2.387821782178218e-02
3249        ,  0.000000000000000e+00,  1.396717334544408e-01,  0.000000000000000e+00
3912        ,  4.126200000000000e+00,  3.852385301883707e+00,  3.904851485148515e-02
4814        ,  2.224100000000000e+00,  2.210466487042923e+00,  2.177961165048543e-02
5735        ,  0.000000000000000e+00,  1.396717334544408e-01,  0.000000000000000e+00
3678        ,  5.503999999999998e-01,  3.530383276118259e-01,  2.244086021505375e-03
3628        ,  1.788400000000000e+00,  1.668713794890882e+00,  1.608172043010753e-02
3928        ,  1.122600000000000e+00,  1.257826147967703e+00,  1.176020408163265e-02
4408        ,  7.400000000000002e-01,  1.396717334544408e-01,  0.000000000000000e+00
5400        ,  3.421000000000000e+00,  3.139100717893530e+00,  3.154653465346534e-02
4007        ,  2.537700000000000e+00,  2.149991423451828e+00,  2.114356435643564e-02
3683        ,  2.536900000000000e+00,  2.245541621782306e+00,  2.214851485148515e-02
5279        ,  2.576100000000000e+00,  2.569847467347326e+00,  2.555940594059406e-02
4369        ,  2.673600000000000e+00,  3.432099695663704e+00,  3.462815533980582e-02
4246        ,  3.542900000000000e+00,  3.362490491921337e+00,  3.389603960396040e-02
4229        ,  6.249999999999996e-01,  3.781236077116820e-01,  2.507920792079209e-03
3575        ,  2.196800000000000e+00,  1.495072477850712e+00,  1.425544554455445e-02
3196        ,  0.000000000000000e+00,  1.396717334544408e-01,  0.000000000000000e+00
3284        ,  0.000000000000000e+00,  1.396717334544408e-01,  0.000000000000000e+00
3465        ,  1.376900000000000e+00,  1.335131801039401e+00,  1.257326732673267e-02
5768        ,  1.701800000000000e+00,  1.983910737564275e+00,  1.939680851063830e-02
5370        ,  3.720300000000000e+00,  4.032946798196020e+00,  4.094757281553398e-02
3481        ,  8.867999999999998e-01,  1.396717334544408e-01,  0.000000000000000e+00
4452        ,  1.246100000000000e+00,  8.628408207201833e-01,  7.605940594059406e-03
4214        ,  7.783000000000002e-01,  9.596604574222705e-01,  8.624242424242425e-03
4940        ,  4.171100000000000e+00,  4.815829618379853e+00,  4.918155339805826e-02
5898        ,  3.282200000000000e+00,  3.087788978527360e+00,  3.100686274509803e-02
5359        ,  1.056300000000000e+00,  1.296851350517432e+00,  1.217065217391304e-02
3390        ,  0.000000000000000e+00,  1.396717334544408e-01,  0.000000000000000e+00
5907        ,  7.605000000000004e-01,  8.114414036872369e-01,  7.065346534653467e-03
4305        ,  7.780300000000000e+00,  6.457332159192486e+00,  6.644607843137255e-02
3982        ,  9.999999999976694e-05,  1.396717334544408e-01,  0.000000000000000e+00
5631        ,  1.302400000000000e+00,  3.715320189795849e+00,  3.760693069306931e-02
4511        ,  3.130800000000000e+00,  2.730352972917242e+00,  2.724752475247525e-02
4808        ,  8.830000000000001e-01,  6.960402075342152e-01,  5.851612903225802e-03
5136        ,  1.867100000000000e+00,  1.547859931513845e+00,  1.481063829787234e-02
3472        ,  7.224000000000004e-01,  8.080247434513683e-01,  7.029411764705879e-03
3462        ,  9.331000000000000e-01,  7.744791699593125e-01,  6.676595744680853e-03
5529        ,  0.000000000000000e+00,  1.396717334544408e-01,  0.000000000000000e+00
5715        ,  3.863600000000000e+00,  4.409110869915053e+00,  4.490388349514563e-02
3854        ,  3.373500000000000e+00,  3.075275068171300e+00,  3.087524752475247e-02
4487        ,  2.786700000000000e+00,  2.554403109271159e+00,  2.539696969696970e-02
3531        ,  4.588000000000001e-01,  4.903413156105650e-01,  3.688172043010752e-03
3569        ,  2.146999999999997e-01,  1.396717334544408e-01,  0.000000000000000e+00
5601        ,  8.203000000000000e-01,  1.195630508346252e+00,  1.110606060606061e-02
3088        ,  1.459500000000000e+00,  1.067730406422705e+00,  9.760869565217389e-03
3655        ,  2.189700000000000e+00,  1.780405139072069e+00,  1.725643564356435e-02
5892        ,  1.967200000000000e+00,  2.272082564620104e+00,  2.242765957446809e-02
5281        ,  1.805600000000000e+00,  1.921502167085706e+00,  1.874042553191490e-02
5141        ,  1.826300000000000e+00,  1.374387399762366e+00,  1.298613861386139e-02
4791        ,  3.607100000000000e+00,  4.204089912052974e+00,  4.274757281553399e-02
3860        ,  1.860999999999999e-01,  1.396717334544408e-01,  0.000000000000000e+00
3765        ,  2.134000000000000e+00,  2.003038004527740e+00,  1.959797979797980e-02
4742        ,  2.144300000000000e+00,  1.615805100447360e+00,  1.552525252525253e-02
4331        ,  3.055899999999999e+00,  1.396717334544408e-01,  0.000000000000000e+00
3696        ,  2.420000000000000e-02,  1.396717334544408e-01,  0.000000000000000e+00
4181        ,  1.362600000000000e+00,  1.381737259289646e+00,  1.306344086021505e-02
5206        ,  2.109000000000000e+00,  2.312483534638345e+00,  2.285257731958763e-02
5491        ,  9.824000000000006e-01,  1.168490818816748e+00,  1.082061855670103e-02
4372        ,  0.000000000000000e+00,  1.396717334544408e-01,  0.000000000000000e+00
5497        ,  0.000000000000000e+00,  1.176697334251032e+00,  1.090693069306930e-02
5633        ,  4.619200000000000e+00,  4.271582378894165e+00,  4.345742574257425e-02
4869        ,  2.777500000000000e+00,  4.236213862226770e+00,  4.308543689320388e-02
3643        ,  1.559600000000000e+00,  1.263531744130928e+00,  1.182021276595745e-02
3735        ,  4.644100000000000e+00,  4.227444393070131e+00,  4.299320388349515e-02
4961        ,  2.021900000000000e+00,  1.572235656145953e+00,  1.506701030927835e-02
3952        ,  2.400100000000000e+00,  2.523908061647549e+00,  2.507623762376238e-02
3532        ,  2.109100000000000e+00,  2.179835212470256e+00,  2.145744680851063e-02
3155        ,  0.000000000000000e+00,  1.396717334544408e-01,  0.000000000000000e+00
3515        ,  0.000000000000000e+00,  1.396717334544408e-01,  0.000000000000000e+00
5107        ,  2.169700000000000e+00,  4.264183853326371e+00,  4.337961165048544e-02
3130        ,  0.000000000000000e+00,  1.396717334544408e-01,  0.000000000000000e+00
4535        ,  1.017200000000000e+00,  8.442715745463673e-01,  7.410638297872332e-03
3006        ,  1.215300000000000e+00,  8.008789056074597e-01,  6.954255319148938e-03
5286        ,  3.213700000000000e+00,  3.102516980700236e+00,  3.116176470588235e-02
3273        ,  3.100000000000014e-02,  1.396717334544408e-01,  0.000000000000000e+00
5787        ,  2.082800000000000e+00,  1.575883479847803e+00,  1.510537634408602e-02
5602        ,  1.740300000000000e+00,  1.466548625541220e+00,  1.395544554455446e-02
3424        ,  0.000000000000000e+00,  1.396717334544408e-01,  0.000000000000000e+00
5826        ,  4.010000000000025e-02,  1.683896255755622e-01,  3.020408163265291e-04
5367        ,  0.000000000000000e+00,  1.396717334544408e-01,  0.000000000000000e+00
3538        ,  1.800000000000246e-03,  1.396717334544408e-01,  0.000000000000000e+00
3579        ,  1.574400000000000e+00,  1.442849109587432e+00,  1.370618556701031e-02
3218        ,  0.000000000000000e+00,  1.396717334544408e-01,  0.000000000000000e+00
3617        ,  2.533399999999999e+00,  2.647712314358152e+00,  2.637835051546392e-02
3475        ,  0.000000000000000e+00,  1.396717334544408e-01,  0.000000000000000e+00
5391        ,  2.591300000000000e+00,  2.397386419720296e+00,  2.374554455445544e-02
4841        ,  4.640900000000000e+00,  3.967775795831937e+00,  4.026213592233010e-02
4694        ,  2.325100000000000e+00,  3.027411771635180e+00,  3.037184466019418e-02
3219        ,  0.000000000000000e+00,  1.396717334544408e-01,  0.000000000000000e+00
5472        ,  0.000000000000000e+00,  1.396717334544408e-01,  0.000000000000000e+00
3362        ,  0.000000000000000e+00,  1.396717334544408e-01,  0.000000000000000e+00
3973        ,  2.406300000000000e+00,  1.990521437272686e+00,  1.946633663366337e-02
3659        ,  1.149999999999984e-02,  1.396717334544408e-01,  0.000000000000000e+00
3488        ,  3.973200000000000e+00,  3.083276808918188e+00,  3.095940594059406e-02
4400        ,  2.935200000000000e+00,  2.134218260480980e+00,  2.097766990291262e-02
4001        ,  2.571800000000000e+00,  2.415579755106651e+00,  2.393689320388349e-02
5635        ,  2.510199999999999e+00,  2.304189674550668e+00,  2.276534653465347e-02
4527        ,  2.819700000000000e+00,  2.428357863317072e+00,  2.407128712871287e-02
5763        ,  3.147600000000001e+00,  4.132446228024762e+00,  4.199405940594060e-02
3800        ,  1.905300000000000e+00,  2.142208003040714e+00,  2.106170212765958e-02
4177        ,  2.914400000000000e+00,  2.809146584742472e+00,  2.807623762376237e-02
2989        ,  0.000000000000000e+00,  1.396717334544408e-01,  0.000000000000000e+00
4152        ,  0.000000000000000e+00,  1.396717334544408e-01,  0.000000000000000e+00
2992        ,  0.000000000000000e+00,  1.396717334544408e-01,  0.000000000000000e+00
5521        ,  0.000000000000000e+00,  1.396717334544408e-01,  0.000000000000000e+00
5838        ,  1.495700000000000e+00,  1.828041033986518e+00,  1.775744680851064e-02
3398        ,  1.423800000000000e+00,  1.588969691660043e+00,  1.524301075268817e-02
3215        ,  2.198300000000000e+00,  1.860099642644895e+00,  1.809462365591398e-02
3866        ,  4.189600000000000e+00,  4.063565730082150e+00,  4.126960784313725e-02
4013        ,  1.083500000000000e+00,  1.052058454852459e+00,  9.596039603960395e-03
4879        ,  4.412000000000000e+00,  4.756566468921296e+00,  4.855825242718446e-02
5571        ,  2.085500000000000e+00,  1.772225688596710e+00,  1.717040816326531e-02
4738        ,  4.309900000000000e+00,  3.741961279576662e+00,  3.788712871287129e-02
5730        ,  0.000000000000000e+00,  1.396717334544408e-01,  0.000000000000000e+00
3608        ,  1.196200000000000e+00,  9.094952530881549e-01,  8.096629213483147e-03
3510        ,  2.562800000000000e+00,  1.323131958687494e+00,  1.244705882352941e-02
3712        ,  0.000000000000000e+00,  1.396717334544408e-01,  0.000000000000000e+00
3681        ,  1.421999999999999e-01,  1.396717334544408e-01,  0.000000000000000e+00
4652        ,  3.696700000000000e+00,  3.394874007414621e+00,  3.423663366336633e-02
5806        ,  3.925800000000000e+00,  2.944423072428084e+00,  2.949900990099009e-02
5247        ,  0.000000000000000e+00,  1.396717334544408e-01,  0.000000000000000e+00
4075        ,  2.952200000000000e+00,  2.433064769638770e+00,  2.412079207920792e-02
4253        ,  0.000000000000000e+00,  1.396717334544408e-01,  0.000000000000000e+00
4596        ,  1.153000000000000e-01,  7.646739667120928e-01,  6.573469387755108e-03
4040        ,  3.755400000000000e+00,  4.742535318270672e+00,  4.841067961165049e-02
3096        ,  1.272100000000000e+00,  1.586618262975031e+00,  1.521827956989247e-02
4733        ,  4.222000000000001e-01,  5.482035746842345e-01,  4.296739130434780e-03
4616        ,  3.628800000000000e+00,  3.181749903782159e+00,  3.199509803921569e-02
3341        ,  1.408900000000000e+00,  1.762092269072373e+00,  1.706382978723404e-02
4948        ,  0.000000000000000e+00,  1.396717334544408e-01,  0.000000000000000e+00
3861        ,  4.192900000000000e+00,  4.492242147255388e+00,  4.577821782178219e-02
4080        ,  2.228600000000000e+00,  2.680623066738807e+00,  2.672448979591837e-02
3133        ,  0.000000000000000e+00,  1.396717334544408e-01,  0.000000000000000e+00
4690        ,  1.719900000000000e+00,  1.710366373005198e+00,  1.651980198019802e-02
5282        ,  3.805300000000000e+00,  3.714008716485430e+00,  3.759313725490196e-02
3983        ,  0.000000000000000e+00,  1.396717334544408e-01,  0.000000000000000e+00
4723        ,  8.354000000000004e-01,  1.015721138048947e+00,  9.213861386138613e-03
4639        ,  4.481400000000000e+00,  4.707180511039165e+00,  4.803883495145631e-02
3446        ,  1.277400000000000e+00,  1.254862346328786e+00,  1.172903225806452e-02
5584        ,  3.728300000000000e+00,  4.060547548489024e+00,  4.123786407766990e-02
3588        ,  0.000000000000000e+00,  1.396717334544408e-01,  0.000000000000000e+00
3506        ,  1.599000000000000e+00,  1.106184035179483e+00,  1.016530612244898e-02
3987        ,  6.479999999999997e-02,  1.396717334544408e-01,  0.000000000000000e+00
4902        ,  1.785500000000000e+00,  1.336889369564885e+00,  1.259175257731959e-02
5846        ,  0.000000000000000e+00,  1.396717334544408e-01,  0.000000000000000e+00
4032        ,  5.322200000000000e+00,  4.823549285243231e+00,  4.926274509803921e-02
3028        ,  0.000000000000000e+00,  1.396717334544408e-01,  0.000000000000000e+00
4930        ,  7.380000000000009e-02,  7.373983705104000e-01,  6.286597938144329e-03
4370        ,  8.121000000000000e-01,  9.903932275873800e-01,  8.947474747474747e-03
4161        ,  5.473999999999997e-01,  6.746654994517232e-01,  5.626804123711343e-03
5577        ,  2.700600000000000e+00,  2.619527361368707e+00,  2.608191489361702e-02
4330        ,  2.371100000000000e+00,  2.297044406169768e+00,  2.269019607843137e-02
3024        ,  0.000000000000000e+00,  1.396717334544408e-01,  0.000000000000000e+00
3545        ,  5.858400000000000e+00,  5.408865084342933e+00,  5.541881188118811e-02
3957        ,  2.369100000000000e+00,  1.752163701141880e+00,  1.695940594059406e-02
3064        ,  0.000000000000000e+00,  1.992481483845506e-01,  6.265957446808506e-04
3168        ,  1.440000000000019e-02,  1.396717334544408e-01,  0.000000000000000e+00
3572        ,  1.227300000000000e+00,  1.463805600772043e+00,  1.392659574468085e-02
3081        ,  9.398000000000002e-01,  1.386932807313837e+00,  1.311808510638298e-02
4251        ,  0.000000000000000e+00,  1.396717334544408e-01,  0.000000000000000e+00
3343        ,  0.000000000000000e+00,  1.396717334544408e-01,  0.000000000000000e+00
3191        ,  0.000000000000000e+00,  1.396717334544408e-01,  0.000000000000000e+00
4377        ,  4.062600000000000e+00,  4.687703058491259e+00,  4.783398058252427e-02
4348        ,  2.519400000000000e+00,  2.004069021173904e+00,  1.960882352941177e-02
3109        ,  0.000000000000000e+00,  1.396717334544408e-01,  0.000000000000000e+00
4724        ,  7.427999999999999e-01,  6.990715554464264e-01,  5.883495145631071e-03
5357        ,  3.189999999999982e-02,  1.396717334544408e-01,  0.000000000000000e+00
5336        ,  4.309000000000003e-01,  5.845685189813737e-01,  4.679207920792078e-03
3833        ,  2.096400000000000e+00,  1.902314012804058e+00,  1.853861386138614e-02
5048        ,  3.346100000000000e+00,  2.948471011864745e+00,  2.954158415841584e-02
5052        ,  0.000000000000000e+00,  1.396717334544408e-01,  0.000000000000000e+00
4236        ,  1.189800000000000e+00,  1.400387589571295e+00,  1.325959595959596e-02
4016        ,  1.261500000000000e+00,  2.169363632738853e+00,  2.134731182795700e-02
3748        ,  5.403900000000000e+00,  4.803787662074563e+00,  4.905490196078431e-02
4264        ,  0.000000000000000e+00,  1.396717334544408e-01,  0.000000000000000e+00
4210        ,  3.155900000000000e+00,  2.979379696710565e+00,  2.986666666666666e-02
3089        ,  0.000000000000000e+00,  1.396717334544408e-01,  0.000000000000000e+00
3142        ,  0.000000000000000e+00,  1.396717334544408e-01,  0.000000000000000e+00
5291        ,  4.676600000000000e+00,  4.920417076847992e+00,  5.028155339805825e-02
3310        ,  0.000000000000000e+00,  6.605172766257701e-01,  5.477999999999996e-03
3456        ,  1.118800000000000e+00,  9.704169269800590e-01,  8.737373737373740e-03
3584        ,  3.670800000000000e+00,  3.945159796427971e+00,  4.002427184466020e-02
3827        ,  1.014500000000000e+00,  1.073876406543222e+00,  9.825510204081636e-03
4259        ,  0.000000000000000e+00,  1.396717334544408e-01,  0.000000000000000e+00
5399        ,  1.045000000000000e+00,  6.719102819830118e-01,  5.597826086956528e-03
3288        ,  0.000000000000000e+00,  1.396717334544408e-01,  0.000000000000000e+00
3177        ,  1.162500000000000e+00,  1.521619429505092e+00,  1.453465346534653e-02
5495        ,  3.851200000000000e+00,  3.789513031422322e+00,  3.838725490196079e-02
3073        ,  0.000000000000000e+00,  1.396717334544408e-01,  0.000000000000000e+00
3886        ,  1.935600000000000e+00,  1.910786444183115e+00,  1.862772277227722e-02
4630        ,  2.287500000000000e+00,  1.629313446145551e+00,  1.566732673267327e-02
4413        ,  6.556000000000002e-01,  7.069794627210102e-01,  5.966666666666666e-03
4892        ,  0.000000000000000e+00,  1.396717334544408e-01,  0.000000000000000e+00
4401        ,  0.000000000000000e+00,  1.396717334544408e-01,  0.000000000000000e+00
3289        ,  0.000000000000000e+00,  1.396717334544408e-01,  0.000000000000000e+00
3217        ,  3.489100000000000e+00,  3.181015947178853e+00,  3.198737864077670e-02
4695        ,  2.482000000000000e+00,  2.314425313037833e+00,  2.287300000000000e-02
3120        ,  0.000000000000000e+00,  1.396717334544408e-01,  0.000000000000000e+00
3871        ,  2.856000000000001e-01,  2.963627621412518e-01,  1.647999999999998e-03
4441        ,  4.190000000000000e+00,  4.081894054129720e+00,  4.146237623762376e-02
3405        ,  2.360100000000000e+00,  2.158899474396345e+00,  2.123725490196078e-02
3501        ,  1.934100000000000e+00,  1.885463288172378e+00,  1.836138613861386e-02
3720        ,  2.619999999999978e-02,  1.396717334544408e-01,  0.000000000000000e+00
4149        ,  0.000000000000000e+00,  1.443767198944200e+00,  1.371584158415841e-02
3543        ,  2.136700000000000e+00,  1.901070187771814e+00,  1.852553191489362e-02
3150        ,  0.000000000000000e+00,  1.396717334544408e-01,  0.000000000000000e+00
5174        ,  1.404900000000000e+00,  1.322893844602985e+00,  1.244455445544554e-02
5780        ,  9.264000000000001e-01,  1.018954882838897e+00,  9.247872340425529e-03
3159        ,  9.429000000000001e-01,  8.391130055116730e-01,  7.356382978723409e-03
4744        ,  1.614900000000000e+00,  1.715537896531554e+00,  1.657419354838710e-02
5516        ,  0.000000000000000e+00,  1.396717334544408e-01,  0.000000000000000e+00
5554        ,  1.662000000000000e+00,  1.177049851490445e+00,  1.091063829787234e-02
3492        ,  0.000000000000000e+00,  1.396717334544408e-01,  0.000000000000000e+00
5262        ,  2.010999999999994e-01,  2.230278455433455e-01,  8.766990291262135e-04
3626        ,  3.394699999999999e+00,  3.314488353745287e+00,  3.339117647058824e-02
3389        ,  6.611000000000002e-01,  7.531209885157772e-01,  6.451960784313726e-03
5294        ,  0.000000000000000e+00,  1.396717334544408e-01,  0.000000000000000e+00
4836        ,  2.266100000000000e+00,  2.225335814324519e+00,  2.193600000000000e-02
3498        ,  3.940200000000000e+00,  3.599247879902766e+00,  3.638613861386138e-02
3186        ,  0.000000000000000e+00,  1.396717334544408e-01,  0.000000000000000e+00
5236        ,  1.808000000000001e-01,  1.396717334544408e-01,  0.000000000000000e+00
4171        ,  4.364300000000000e+00,  3.979565910695997e+00,  4.038613861386138e-02
3406        ,  0.000000000000000e+00,  1.396717334544408e-01,  0.000000000000000e+00
4952        ,  4.310000000000036e-02,  2.557075408087021e-01,  1.220408163265307e-03
4923        ,  2.503000000000000e+00,  3.838079962515314e+00,  3.889805825242719e-02
3144        ,  2.984600000000000e+00,  2.438901333477677e+00,  2.418217821782178e-02
4447        ,  2.571900000000000e+00,  2.579731970622892e+00,  2.566336633663366e-02
3036        ,  0.000000000000000e+00,  1.516535970677658e+00,  1.448118811881188e-02
3722        ,  0.000000000000000e+00,  1.396717334544408e-01,  0.000000000000000e+00
3719        ,  0.000000000000000e+00,  1.396717334544408e-01,  0.000000000000000e+00
4956        ,  3.796700000000000e+00,  4.201135985600211e+00,  4.271650485436893e-02
5085        ,  0.000000000000000e+00,  1.396717334544408e-01,  0.000000000000000e+00
4434        ,  1.092800000000000e+00,  6.272804636209581e-01,  5.128431372549020e-03
4730        ,  1.903900000000000e+00,  2.078585651612804e+00,  2.039255319148936e-02
3116        ,  0.000000000000000e+00,  1.396717334544408e-01,  0.000000000000000e+00
3131        ,  6.086400000000000e+00,  5.496749485828700e+00,  5.634313725490196e-02
5503        ,  8.586999999999998e-01,  7.225504545614578e-01,  6.130434782608696e-03
3128        ,  0.000000000000000e+00,  1.396717334544408e-01,  0.000000000000000e+00
3734        ,  1.765000000000000e+00,  1.865796977759173e+00,  1.815454545454545e-02
5220        ,  2.462000000000000e-01,  8.765379181163258e-01,  7.750000000000001e-03
5628        ,  0.000000000000000e+00,  1.396717334544408e-01,  0.000000000000000e+00
3700        ,  6.755000000000000e-01,  7.801618716766774e-01,  6.736363636363637e-03
4098        ,  2.567200000000000e+00,  3.620597127430641e+00,  3.661067961165049e-02
5849        ,  0.000000000000000e+00,  1.396717334544408e-01,  0.000000000000000e+00
3654        ,  0.000000000000000e+00,  1.396717334544408e-01,  0.000000000000000e+00
5450        ,  1.609300000000000e+00,  1.615997180260892e+00,  1.552727272727273e-02
5797        ,  0.000000000000000e+00,  1.396717334544408e-01,  0.000000000000000e+00
5034        ,  2.416000000000000e-01,  1.396717334544408e-01,  0.000000000000000e+00
3165        ,  1.235000000000000e+00,  1.613094060905281e+00,  1.549673913043478e-02
4290        ,  4.068000000000001e-01,  5.197874674227825e-01,  3.997872340425541e-03
4717        ,  0.000000000000000e+00,  1.396717334544408e-01,  0.000000000000000e+00
4492        ,  1.135700000000000e+00,  1.119092898776793e+00,  1.030107526881720e-02
3091        ,  0.000000000000000e+00,  1.396717334544408e-01,  0.000000000000000e+00
3457        ,  2.942700000000000e+00,  2.786553434398320e+00,  2.783861386138614e-02
4753        ,  7.596999999999996e-01,  1.379739009616612e+00,  1.304242424242424e-02
3393        ,  8.523999999999998e-01,  2.612678594108321e-01,  1.278888888888889e-03
3229        ,  5.016000000000003e-01,  6.327702441238556e-01,  5.186170212765955e-03
5651        ,  5.059999999999998e-01,  4.857234862257073e-01,  3.639603960396039e-03
3602        ,  1.873300000000000e+00,  1.163800410929579e+00,  1.077128712871287e-02
3187        ,  0.000000000000000e+00,  1.396717334544408e-01,  0.000000000000000e+00
5049        ,  3.301000000000000e+00,  3.149926602433437e+00,  3.166039603960396e-02
3407        ,  2.927999999999997e-01,  1.396717334544408e-01,  0.000000000000000e+00
5766        ,  2.967000000000000e+00,  2.581520595025137e+00,  2.568217821782178e-02
3723        ,  6.068800000000000e+00,  5.588495843821601e+00,  5.730808080808081e-02
3415        ,  1.425400000000000e+00,  1.483617959860067e-01,  9.139784946236746e-05
3627        ,  2.072800000000000e+00,  1.680155798389083e+00,  1.620206185567009e-02
5207        ,  0.000000000000000e+00,  1.396717334544408e-01,  0.000000000000000e+00
3922        ,  1.836800000000000e+00,  1.790383780474070e+00,  1.736138613861386e-02
4304        ,  3.197500000000000e+00,  3.598965465523465e+00,  3.638316831683169e-02
3738        ,  1.802400000000000e+00,  1.723352427105934e+00,  1.665638297872340e-02
4262        ,  2.272100000000000e+00,  1.655405244528434e+00,  1.594174757281553e-02
5623        ,  3.708000000000000e+00,  4.093378905554664e+00,  4.158316831683168e-02
3227        ,  0.000000000000000e+00,  2.850220021379176e-01,  1.528723404255319e-03
3798        ,  1.146800000000000e+00,  1.288818847242179e+00,  1.208617021276596e-02
4960        ,  0.000000000000000e+00,  1.396717334544408e-01,  0.000000000000000e+00
4293        ,  1.136700000000000e+00,  1.665018692671577e+00,  1.604285714285714e-02
5627        ,  1.765000000000000e+00,  1.521359047453253e+00,  1.453191489361702e-02
4279        ,  3.202400000000000e+00,  3.135900021594776e+00,  3.151287128712871e-02
3283        ,  0.000000000000000e+00,  1.396717334544408e-01,  0.000000000000000e+00
5770        ,  1.462100000000000e+00,  1.048995961335065e+00,  9.563829787234043e-03
4222        ,  2.760500000000000e+00,  2.494753853060073e+00,  2.476960784313725e-02
4509        ,  2.598600000000000e+00,  1.322611430223683e+00,  1.244158415841584e-02
4777        ,  1.779300000000000e+00,  1.839673101417694e+00,  1.787978723404255e-02
4390        ,  2.926900000000000e+00,  3.485905575676269e+00,  3.519405940594059e-02
5266        ,  2.960300000000000e+00,  2.998646633254050e+00,  3.006930693069307e-02
5901        ,  2.864800000000001e+00,  4.014208741223698e+00,  4.075049504950495e-02
2996        ,  0.000000000000000e+00,  1.396717334544408e-01,  0.000000000000000e+00
4358        ,  3.600000000000003e-02,  1.396717334544408e-01,  0.000000000000000e+00
4157        ,  1.256900000000000e+00,  1.744306495700224e+00,  1.687676767676767e-02
5125        ,  9.231000000000000e-01,  1.121814806540029e+00,  1.032970297029703e-02
3581        ,  3.809500000000000e+00,  3.609150662426184e+00,  3.649029126213592e-02
4706        ,  3.862500000000000e+00,  3.960789721705090e+00,  4.018865979381443e-02
3533        ,  0.000000000000000e+00,  1.396717334544408e-01,  0.000000000000000e+00
5097        ,  1.196899999999999e+00,  1.253514045421151e+00,  1.171485148514852e-02
3421        ,  8.106000000000000e-01,  1.396717334544408e-01,  0.000000000000000e+00
4977        ,  0.000000000000000e+00,  1.396717334544408e-01,  0.000000000000000e+00
4476        ,  3.099999999999881e-03,  1.396717334544408e-01,  0.000000000000000e+00
3225        ,  2.281000000000004e-01,  1.396717334544408e-01,  0.000000000000000e+00
3835        ,  1.736000000000000e+00,  1.759351147095113e+00,  1.703500000000000e-02
4661        ,  5.475600000000000e+00,  5.086879410782954e+00,  5.203232323232324e-02
5134        ,  2.371200000000000e+00,  2.155451434784998e+00,  2.120099009900990e-02
5729        ,  3.487600000000000e+00,  3.147855563651889e+00,  3.163861386138614e-02
3709        ,  2.167100000000000e+00,  1.823549218772633e+00,  1.771020408163265e-02
3853        ,  0.000000000000000e+00,  1.396717334544408e-01,  0.000000000000000e+00
4891        ,  2.943400000000000e+00,  1.396717334544408e-01,  0.000000000000000e+00
3365        ,  8.793000000000000e-01,  1.189554571891735e+00,  1.104215686274510e-02
4734        ,  1.172500000000000e+00,  1.341571790268749e+00,  1.264100000000000e-02
3367        ,  2.085999999999997e-01,  3.916324288549565e-01,  2.650000000000002e-03
5375        ,  2.877700000000000e+00,  2.725003551033571e+00,  2.719126213592233e-02
5429        ,  3.010400000000000e+00,  2.736001260503279e+00,  2.730693069306931e-02
3342        ,  0.000000000000000e+00,  1.396717334544408e-01,  0.000000000000000e+00
4451        ,  1.030000000000000e-01,  1.396717334544408e-01,  0.000000000000000e+00
4167        ,  1.737100000000000e+00,  1.591658195571964e+00,  1.527128712871287e-02
5109        ,  0.000000000000000e+00,  1.396717334544408e-01,  0.000000000000000e+00
5642        ,  5.254999999999996e-01,  8.653222286159914e-01,  7.632038834951457e-03
3209        ,  2.847000000000008e-01,  1.396717334544408e-01,  0.000000000000000e+00
4987        ,  2.826900000000000e+00,  2.684446792438559e+00,  2.676470588235294e-02
3658        ,  2.646900000000000e+00,  2.238198847920457e+00,  2.207128712871288e-02
5128        ,  4.194100000000000e+00,  4.225413568633856e+00,  4.297184466019417e-02
3810        ,  2.148500000000000e+00,  2.258326380527583e+00,  2.228297872340425e-02
5165        ,  7.931000000000000e-01,  6.099019073971584e-01,  4.945652173913045e-03
3801        ,  0.000000000000000e+00,  1.396717334544408e-01,  0.000000000000000e+00
4708        ,  4.946400000000000e+00,  4.340209073064529e+00,  4.417920792079209e-02
2981        ,  2.159200000000000e+00,  1.443306863505938e+00,  1.371100000000000e-02
3586        ,  2.156900000000000e+00,  2.096788319916407e+00,  2.058400000000000e-02
5702        ,  3.637999999999995e-01,  4.778564922088138e-01,  3.556862745098039e-03
5376        ,  2.012700000000000e+00,  2.036272566719595e+00,  1.994752475247525e-02
3084        ,  8.620000000000028e-02,  1.035003764280172e+00,  9.416666666666667e-03
4082        ,  2.931300000000000e+00,  2.234998151621701e+00,  2.203762376237624e-02
5459        ,  6.888000000000001e-01,  7.069141159803241e-01,  5.965979381443299e-03
4786        ,  1.332600000000000e+00,  1.099508685189220e+00,  1.009509803921569e-02
4641        ,  4.323000000000001e-01,  4.313795838772901e-01,  3.068041237113403e-03
3725        ,  0.000000000000000e+00,  1.396717334544408e-01,  0.000000000000000e+00
3197        ,  1.631300000000000e+00,  1.718800748545909e+00,  1.660851063829788e-02
4597        ,  2.728600000000000e+00,  1.808887570605931e+00,  1.755600000000000e-02
3846        ,  4.541999999999993e-01,  6.545925182833152e-01,  5.415686274509804e-03
4243        ,  2.519600000000000e+00,  2.216923631346380e+00,  2.184752475247525e-02
3140        ,  0.000000000000000e+00,  1.396717334544408e-01,  0.000000000000000e+00
5779        ,  0.000000000000000e+00,  1.396717334544408e-01,  0.000000000000000e+00
4663        ,  1.831000000000000e+00,  1.413349056988506e+00,  1.339591836734694e-02
4399        ,  4.730000000000034e-02,  1.396717334544408e-01,  0.000000000000000e+00
3666        ,  4.611900000000000e+00,  5.750470410074382e+00,  5.901165048543689e-02
3410        ,  2.838900000000000e+00,  2.533416012417380e+00,  2.517623762376237e-02
3101        ,  0.000000000000000e+00,  1.396717334544408e-01,  0.000000000000000e+00
4436        ,  1.310000000000011e-02,  1.396717334544408e-01,  0.000000000000000e+00
3204        ,  3.863100000000000e+00,  3.158691153153284e+00,  3.175257731958763e-02
3489        ,  2.194900000000000e+00,  2.289525046410621e+00,  2.261111111111111e-02
3529        ,  3.656900000000000e+00,  3.743479135553391e+00,  3.790309278350516e-02
4996        ,  0.000000000000000e+00,  1.396717334544408e-01,  0.000000000000000e+00
3796        ,  3.416900000000000e+00,  2.976918091333262e+00,  2.984077669902913e-02
4679        ,  0.000000000000000e+00,  9.537657631447473e-01,  8.562244897959186e-03
4497        ,  1.327300000000000e+00,  1.527729198558757e+00,  1.459891304347826e-02
3591        ,  1.393800000000000e+00,  1.380560457329802e+00,  1.305106382978723e-02
3790        ,  0.000000000000000e+00,  1.396717334544408e-01,  0.000000000000000e+00
5645        ,  2.352200000000000e+00,  2.097744763280976e+00,  2.059405940594060e-02
3265        ,  0.000000000000000e+00,  1.396717334544408e-01,  0.000000000000000e+00
3029        ,  0.000000000000000e+00,  1.396717334544408e-01,  0.000000000000000e+00
3824        ,  2.338300000000000e+00,  2.391025241468060e+00,  2.367864077669903e-02
3305        ,  0.000000000000000e+00,  1.396717334544408e-01,  0.000000000000000e+00
4582        ,  0.000000000000000e+00,  1.396717334544408e-01,  0.000000000000000e+00
5555        ,  0.000000000000000e+00,  1.396717334544408e-01,  0.000000000000000e+00
3271        ,  0.000000000000000e+00,  1.396717334544408e-01,  0.000000000000000e+00
4810        ,  2.130700000000000e+00,  2.362003503283716e+00,  2.337340425531915e-02
4118        ,  3.832100000000000e+00,  3.773573231602311e+00,  3.821960784313725e-02
3276        ,  1.351600000000000e+00,  8.290492822820634e-01,  7.250537634408603e-03
3826        ,  3.180200000000001e+00,  3.200164662375989e+00,  3.218877551020408e-02
5238        ,  2.869999999999995e-02,  1.396717334544408e-01,  0.000000000000000e+00
4790        ,  1.588000000000000e+00,  6.632224419738318e-01,  5.506451612903224e-03
3110        ,  0.000000000000000e+00,  1.396717334544408e-01,  0.000000000000000e+00
5313        ,  3.138300000000000e+00,  3.070097471217432e+00,  3.082079207920792e-02
3979        ,  1.458900000000000e+00,  1.592881991215605e+00,  1.528415841584158e-02
4323        ,  0.000000000000000e+00,  1.396717334544408e-01,  0.000000000000000e+00
4127        ,  2.794999999999999e-01,  3.168089901880274e-01,  1.863043478260872e-03
3384        ,  0.000000000000000e+00,  1.396717334544408e-01,  0.000000000000000e+00
3345        ,  1.220300000000000e+00,  1.396717334544408e-01,  0.000000000000000e+00
3260        ,  0.000000000000000e+00,  1.396717334544408e-01,  0.000000000000000e+00
3207        ,  0.000000000000000e+00,  1.396717334544408e-01,  0.000000000000000e+00
4979        ,  1.930300000000000e+00,  1.984606263245728e+00,  1.940412371134021e-02
4894        ,  4.453700000000000e+00,  4.969618414326825e+00,  5.079902912621360e-02
5265        ,  0.000000000000000e+00,  1.396717334544408e-01,  0.000000000000000e+00
3292        ,  0.000000000000000e+00,  1.396717334544408e-01,  0.000000000000000e+00
3052        ,  4.224600000000000e+00,  4.088295446727230e+00,  4.152970297029702e-02
4213        ,  0.000000000000000e+00,  1.396717334544408e-01,  0.000000000000000e+00
3172        ,  0.000000000000000e+00,  1.396717334544408e-01,  0.000000000000000e+00
3043        ,  8.247000000000004e-01,  1.017227348071891e+00,  9.229702970297030e-03
3947        ,  5.163000000000002e-01,  5.129054087721115e-01,  3.925490196078431e-03
4634        ,  1.984300000000000e+00,  1.710648787384499e+00,  1.652277227722772e-02
5350        ,  5.800999999999998e-01,  6.413386617018005e-01,  5.276288659793815e-03
3023        ,  2.116900000000000e+00,  1.927260616309060e+00,  1.880099009900990e-02
3100        ,  1.347000000000000e+00,  1.383190316053372e+00,  1.307872340425532e-02
4624        ,  1.861999999999995e-01,  1.736555970971033e-01,  3.574257425742574e-04
5526        ,  0.000000000000000e+00,  1.396717334544408e-01,  0.000000000000000e+00
3802        ,  3.640600000000001e+00,  3.518036800990711e+00,  3.553200000000000e-02
4541        ,  9.722000000000000e-01,  8.246531330013888e-01,  7.204301075268816e-03
3619        ,  0.000000000000000e+00,  1.396717334544408e-01,  0.000000000000000e+00
4285        ,  0.000000000000000e+00,  1.396717334544408e-01,  0.000000000000000e+00
5507        ,  2.815200000000000e+00,  3.182410019611917e+00,  3.200204081632653e-02
3432        ,  0.000000000000000e+00,  1.396717334544408e-01,  0.000000000000000e+00
3113        ,  1.532700000000000e+00,  9.696875942227370e-01,  8.729702970297029e-03
3380        ,  3.602999999999998e-01,  7.642316393995611e-01,  6.568817204301075e-03
3718        ,  0.000000000000000e+00,  1.396717334544408e-01,  0.000000000000000e+00
4921        ,  3.986700000000000e+00,  3.522265042627176e+00,  3.557647058823529e-02
3015        ,  0.000000000000000e+00,  1.396717334544408e-01,  0.000000000000000e+00
4801        ,  3.595800000000000e+00,  3.423237916305415e+00,  3.453495145631068e-02
3558        ,  0.000000000000000e+00,  1.396717334544408e-01,  0.000000000000000e+00
3997        ,  2.932200000000000e+00,  2.809282765138965e+00,  2.807766990291263e-02
3090        ,  0.000000000000000e+00,  1.396717334544408e-01,  0.000000000000000e+00
5333        ,  4.202400000000000e+00,  3.642659265624714e+00,  3.684271844660194e-02
3445        ,  0.000000000000000e+00,  1.396717334544408e-01,  0.000000000000000e+00
5229        ,  4.162100000000001e+00,  4.462776913681555e+00,  4.546831683168317e-02
4590        ,  0.000000000000000e+00,  1.396717334544408e-01,  0.000000000000000e+00
5025        ,  2.353300000000000e+00,  2.205134215394738e+00,  2.172352941176471e-02
5683        ,  0.000000000000000e+00,  1.396717334544408e-01,  0.000000000000000e+00
3453        ,  2.586800000000000e+00,  2.524893115238585e+00,  2.508659793814433e-02
4215        ,  2.252700000000000e+00,  1.934348015466222e+00,  1.887553191489362e-02
5502        ,  4.470800000000000e+00,  4.737735187784932e+00,  4.836019417475728e-02
4144        ,  7.689000000000000e-01,  4.332813871184541e-01,  3.088043478260870e-03
5533        ,  0.000000000000000e+00,  1.396717334544408e-01,  0.000000000000000e+00
3896        ,  5.040999999999999e+00,  4.517390736449145e+00,  4.604271844660194e-02
5918        ,  0.000000000000000e+00,  1.396717334544408e-01,  0.000000000000000e+00
3303        ,  0.000000000000000e+00,  1.396717334544408e-01,  0.000000000000000e+00
4702        ,  4.318700000000000e+00,  3.868709233363423e+00,  3.922020202020202e-02
3733        ,  0.000000000000000e+00,  1.396717334544408e-01,  0.000000000000000e+00
4584        ,  0.000000000000000e+00,  1.396717334544408e-01,  0.000000000000000e+00
3633        ,  4.639500000000000e+00,  4.156874148911569e+00,  4.225098039215687e-02
5841        ,  3.369700000000000e+00,  3.245570938890349e+00,  3.266633663366337e-02
3663        ,  0.000000000000000e+00,  1.396717334544408e-01,  0.000000000000000e+00
3112        ,  0.000000000000000e+00,  1.396717334544408e-01,  0.000000000000000e+00
5145        ,  8.130000000000002e-01,  9.073902481653680e-01,  8.074489795918363e-03
3797        ,  5.508700000000000e+00,  5.367106142626740e+00,  5.497961165048544e-02
4041        ,  2.202900000000001e+00,  2.216226824626207e+00,  2.184019607843137e-02
3182        ,  0.000000000000000e+00,  1.396717334544408e-01,  0.000000000000000e+00
3672        ,  0.000000000000000e+00,  1.396717334544408e-01,  0.000000000000000e+00
4704        ,  7.975000000000003e-01,  9.575599717194538e-01,  8.602150537634412e-03
4019        ,  1.387000000000000e-01,  1.396717334544408e-01,  0.000000000000000e+00
5747        ,  9.680999999999997e-01,  1.396717334544408e-01,  0.000000000000000e+00
3139        ,  1.653300000000000e+00,  1.621394827361366e+00,  1.558404255319149e-02
4534        ,  1.043000000000000e+00,  1.178851944634618e+00,  1.092959183673469e-02
5091        ,  3.107900000000000e+00,  3.496070665406353e+00,  3.530097087378641e-02
4326        ,  3.563700000000000e+00,  4.181511209700179e+00,  4.251010101010101e-02
3794        ,  0.000000000000000e+00,  1.940999006164313e-01,  5.724489795918371e-04
5163        ,  8.546999999999993e-01,  1.006024911026249e+00,  9.111881188118813e-03
5757        ,  5.346700000000000e+00,  5.643390576161726e+00,  5.788543689320388e-02
5178        ,  1.411000000000000e+00,  8.294582264011955e-01,  7.254838709677415e-03
3639        ,  3.916900000000000e+00,  4.076978764382518e+00,  4.141067961165049e-02
3461        ,  1.653900000000000e+00,  1.654791653188062e+00,  1.593529411764706e-02
3914        ,  1.235300000000000e+00,  2.015551612379727e+00,  1.972959183673470e-02
4514        ,  3.202900000000000e+00,  3.079228869481527e+00,  3.091683168316832e-02
3268        ,  0.000000000000000e+00,  1.396717334544408e-01,  0.000000000000000e+00
3670        ,  5.524000000000000e+00,  5.240351181794969e+00,  5.364646464646464e-02
3961        ,  1.207400000000000e+00,  1.370433598452139e+00,  1.294455445544554e-02
3436        ,  6.292000000000000e-01,  2.226793486022893e-01,  8.730337078651696e-04
5607        ,  9.406000000000001e-01,  5.944040320074698e-01,  4.782653061224491e-03
3685        ,  3.286000000000000e+00,  2.991765904686229e+00,  2.999693877551021e-02
5271        ,  0.000000000000000e+00,  1.396717334544408e-01,  0.000000000000000e+00
5364        ,  0.000000000000000e+00,  1.396717334544408e-01,  0.000000000000000e+00
3883        ,  6.357800000000000e+00,  6.377164369068373e+00,  6.560291262135921e-02
5671        ,  3.270300000000000e+00,  2.423910298304471e+00,  2.402450980392157e-02
4172        ,  2.572000000000000e+00,  1.820297111529728e+00,  1.767599999999999e-02
4207        ,  1.619500000000000e+00,  2.883986395257478e+00,  2.886336633663367e-02
4680        ,  2.538000000000000e+00,  2.527579448578474e+00,  2.511485148514852e-02
5485        ,  6.596000000000002e-01,  6.798605653362698e-01,  5.681443298969076e-03
5822        ,  0.000000000000000e+00,  1.396717334544408e-01,  0.000000000000000e+00
3252        ,  4.925999999999999e-01,  2.955816788737087e-01,  1.639784946236558e-03
4655        ,  5.565700000000001e+00,  5.222775878856798e+00,  5.346161616161616e-02
4849        ,  3.854400000000000e+00,  3.815520073233918e+00,  3.866078431372549e-02
5883        ,  5.354999999999999e-01,  6.411394595406766e-01,  5.274193548387096e-03
5131        ,  2.770000000000028e-02,  1.739380114764052e-01,  3.603960396039604e-04
3544        ,  0.000000000000000e+00,  1.396717334544408e-01,  0.000000000000000e+00
3011        ,  0.000000000000000e+00,  1.396717334544408e-01,  0.000000000000000e+00
3823        ,  1.302100000000000e+00,  1.386325916839167e+00,  1.311170212765957e-02
3524        ,  1.959900000000000e+00,  1.813463149388773e+00,  1.760412371134020e-02
4360        ,  1.576000000000000e-01,  3.318891711826690e-01,  2.021649484536082e-03
4026        ,  2.560600000000000e+00,  2.541029319147428e+00,  2.525631067961165e-02
5480        ,  2.703000000000000e+00,  2.101133735832599e+00,  2.062970297029703e-02
5208        ,  0.000000000000000e+00,  1.396717334544408e-01,  0.000000000000000e+00
5334        ,  2.209999999999979e-02,  1.396717334544408e-01,  0.000000000000000e+00
4677        ,  0.000000000000000e+00,  1.668380768615648e+00,  1.607821782178218e-02
3360        ,  4.618000000000002e-01,  1.396717334544408e-01,  0.000000000000000e+00
3285        ,  0.000000000000000e+00,  1.396717334544408e-01,  0.000000000000000e+00
3154        ,  0.000000000000000e+00,  1.396717334544408e-01,  0.000000000000000e+00
4506        ,  1.594500000000000e+00,  1.778478311888464e+00,  1.723617021276596e-02
4336        ,  0.000000000000000e+00,  1.396717334544408e-01,  0.000000000000000e+00
3829        ,  0.000000000000000e+00,  1.396717334544408e-01,  0.000000000000000e+00
3021        ,  0.000000000000000e+00,  1.396717334544408e-01,  0.000000000000000e+00
3580        ,  1.859800000000000e+00,  1.459958956690842e+00,  1.388613861386138e-02
5284        ,  5.591300000000000e+00,  5.317279147114509e+00,  5.445555555555556e-02
5632        ,  2.338000000000005e-01,  1.396717334544408e-01,  0.000000000000000e+00
4033        ,  5.497999999999998e-01,  8.502455236405688e-01,  7.473469387755099e-03
5362        ,  1.485500000000000e+00,  1.105717186919821e+00,  1.016039603960396e-02
3554        ,  3.720300000000000e+00,  3.417373019632341e+00,  3.447326732673268e-02
3693        ,  2.168900000000000e+00,  2.000499077205257e+00,  1.957127659574468e-02
3758        ,  0.000000000000000e+00,  1.396717334544408e-01,  0.000000000000000e+00
4688        ,  2.151000000000000e+00,  2.285130709825510e+00,  2.256489361702128e-02
5805        ,  3.861999999999999e-01,  5.244986893550144e-01,  4.047422680412374e-03
3143        ,  0.000000000000000e+00,  5.936258085076379e-01,  4.774468085106386e-03
4893        ,  2.208000000000006e-01,  2.710885579562601e-01,  1.382178217821782e-03
4220        ,  1.188700000000000e+00,  1.255982769757225e+00,  1.174081632653061e-02
4868        ,  0.000000000000000e+00,  1.449880070031637e-01,  5.591397849462705e-05
3241        ,  3.769000000000000e-01,  7.784930594353483e-01,  6.718811881188122e-03
5435        ,  2.611900000000000e+00,  2.635217750817575e+00,  2.624693877551021e-02
5916        ,  9.017999999999997e-01,  1.044715680990610e+00,  9.518811881188121e-03
4404        ,  2.805900000000000e+00,  2.208262923714455e+00,  2.175643564356436e-02
3967        ,  2.306200000000000e+00,  2.171763172496704e+00,  2.137254901960784e-02
4232        ,  0.000000000000000e+00,  5.829186755284073e-01,  4.661855670103092e-03
3781        ,  1.123700000000000e+00,  1.240469906093465e+00,  1.157765957446808e-02
3926        ,  7.533000000000000e-01,  7.080018230188408e-01,  5.977419354838703e-03
4426        ,  3.982600000000000e+00,  3.784794127104118e+00,  3.833762376237624e-02
3817        ,  2.727700000000000e+00,  2.725834342848411e+00,  2.720000000000000e-02
4074        ,  2.853600000000000e+00,  4.342278283921290e+00,  4.420097087378640e-02
4405        ,  3.958000000000000e+00,  3.741396450818058e+00,  3.788118811881188e-02
3184        ,  0.000000000000000e+00,  1.396717334544408e-01,  0.000000000000000e+00
4294        ,  1.687000000000000e+00,  1.543004807716485e+00,  1.475957446808511e-02
4495        ,  0.000000000000000e+00,  1.396717334544408e-01,  0.000000000000000e+00
4125        ,  1.822700000000000e+00,  1.600254809160360e+00,  1.536170212765958e-02
4076        ,  3.507100000000000e+00,  3.160776482966356e+00,  3.177450980392157e-02
3597        ,  2.477700000000000e+00,  2.173665159311111e+00,  2.139255319148936e-02
3438        ,  1.828700000000000e+00,  1.802612323097843e+00,  1.749000000000000e-02
4123        ,  0.000000000000000e+00,  1.396717334544408e-01,  0.000000000000000e+00
3063        ,  4.020500000000000e+00,  3.911315769031371e+00,  3.966831683168317e-02
4602        ,  3.186700000000000e+00,  3.037431541344845e+00,  3.047722772277228e-02
4374        ,  4.502000000000002e-01,  1.396717334544408e-01,  0.000000000000000e+00
2990        ,  0.000000000000000e+00,  1.396717334544408e-01,  0.000000000000000e+00
4881        ,  3.677999999999999e-01,  3.903274160041953e-01,  2.636274509803923e-03
5168        ,  0.000000000000000e+00,  1.396717334544408e-01,  0.000000000000000e+00
5588        ,  0.000000000000000e+00,  1.396717334544408e-01,  0.000000000000000e+00
3717        ,  1.106800000000000e+00,  1.299935787706882e+00,  1.220309278350515e-02
4880        ,  0.000000000000000e+00,  1.396717334544408e-01,  0.000000000000000e+00
4508        ,  4.478999999999997e-01,  1.396717334544408e-01,  0.000000000000000e+00
5514        ,  0.000000000000000e+00,  1.396717334544408e-01,  0.000000000000000e+00
3496        ,  4.153700000000000e+00,  3.986145525960056e+00,  4.045533980582524e-02
5148        ,  0.000000000000000e+00,  1.396717334544408e-01,  0.000000000000000e+00
3509        ,  0.000000000000000e+00,  1.396717334544408e-01,  0.000000000000000e+00
3237        ,  9.591000000000000e-01,  9.259994918019342e-01,  8.270212765957442e-03
3959        ,  2.491400000000000e+00,  1.977624513951233e+00,  1.933069306930693e-02
3070        ,  9.367000000000001e-01,  9.388453401824509e-01,  8.405319148936172e-03
5144        ,  1.861700000000000e+00,  1.209729584224309e+00,  1.125434782608696e-02
4270        ,  7.806999999999999e-01,  9.331620011663572e-01,  8.345544554455443e-03
4498        ,  0.000000000000000e+00,  1.396717334544408e-01,  0.000000000000000e+00
4804        ,  4.575000000000000e-01,  4.678983318384925e-01,  3.452127659574468e-03
4119        ,  3.041100000000000e+00,  2.606015701108213e+00,  2.593980582524271e-02
3644        ,  5.740000000000003e-01,  6.725923741034558e-01,  5.605000000000002e-03
3816        ,  3.645000000000000e+00,  3.075275068171300e+00,  3.087524752475247e-02
3518        ,  1.070500000000000e+00,  1.126193655754458e+00,  1.037575757575758e-02
3017        ,  0.000000000000000e+00,  1.396717334544408e-01,  0.000000000000000e+00
4193        ,  4.166600000000000e+00,  4.019377198553641e+00,  4.080485436893205e-02
3039        ,  1.061300000000000e+00,  1.345837966440256e+00,  1.268586956521740e-02
4671        ,  1.044100000000000e+00,  8.596294489637917e-01,  7.572164948453610e-03
5520        ,  0.000000000000000e+00,  1.396717334544408e-01,  0.000000000000000e+00
3657        ,  7.258000000000000e-01,  7.631776597110752e-01,  6.557731958762886e-03
4703        ,  0.000000000000000e+00,  1.396717334544408e-01,  0.000000000000000e+00
4337        ,  0.000000000000000e+00,  1.396717334544408e-01,  0.000000000000000e+00
5030        ,  2.814400000000000e+00,  2.655955520200238e+00,  2.646504854368932e-02
3783        ,  2.028500000000000e+00,  1.488330441104973e+00,  1.418453608247423e-02
3244        ,  0.000000000000000e+00,  1.396717334544408e-01,  0.000000000000000e+00
4549        ,  4.942399999999999e+00,  4.945156210889881e+00,  5.054174757281554e-02
4061        ,  1.667600000000000e+00,  1.700011179097461e+00,  1.641089108910891e-02
4195        ,  5.205000000000000e+00,  6.124788277760438e+00,  6.294854368932039e-02
3948        ,  2.504600000000000e+00,  3.074710239412696e+00,  3.086930693069307e-02
5733        ,  3.228000000000000e-01,  4.871253257171695e-01,  3.654347826086955e-03
3014        ,  1.998000000000002e-01,  1.396717334544408e-01,  0.000000000000000e+00
3200        ,  0.000000000000000e+00,  1.225837436249564e+00,  1.142376237623762e-02
4838        ,  3.014200000000000e+00,  2.848590459718305e+00,  2.849108910891089e-02
5828        ,  3.484800000000000e+00,  2.888774518786295e+00,  2.891372549019608e-02
3302        ,  1.491900000000000e+00,  1.403583014430392e+00,  1.329320388349515e-02
4858        ,  3.400500000000000e+00,  3.291509393699959e+00,  3.314949494949495e-02
5817        ,  3.843800000000000e+00,  3.864675557279252e+00,  3.917777777777778e-02
3286        ,  0.000000000000000e+00,  1.396717334544408e-01,  0.000000000000000e+00
3491        ,  8.259000000000001e-01,  9.959754234053855e-01,  9.006185567010310e-03
3791        ,  2.952400000000000e+00,  2.408156928891712e+00,  2.385882352941177e-02
5408        ,  2.319000000000000e+00,  1.543082922332036e+00,  1.476039603960396e-02
5318        ,  2.948200000000000e+00,  2.959361256144152e+00,  2.965612244897959e-02
5053        ,  0.000000000000000e+00,  1.396717334544408e-01,  0.000000000000000e+00
3762        ,  3.050900000000000e+00,  3.047963714930277e+00,  3.058800000000000e-02
3250        ,  1.199900000000000e+00,  1.396717334544408e-01,  0.000000000000000e+00
3012        ,  0.000000000000000e+00,  1.396717334544408e-01,  0.000000000000000e+00
5063        ,  0.000000000000000e+00,  1.396717334544408e-01,  0.000000000000000e+00
3895        ,  0.000000000000000e+00,  1.589757547144005e-01,  2.030303030303053e-04
4129        ,  2.116100000000000e+00,  1.993345581065705e+00,  1.949603960396040e-02
5264        ,  0.000000000000000e+00,  1.396717334544408e-01,  0.000000000000000e+00
4917        ,  2.182400000000000e+00,  2.150858911348107e+00,  2.115268817204301e-02
5320        ,  0.000000000000000e+00,  1.396717334544408e-01,  0.000000000000000e+00
4778        ,  3.289100000000000e+00,  2.988573853725616e+00,  2.996336633663366e-02
5692        ,  2.643300000000000e+00,  2.345516312055180e+00,  2.320000000000000e-02
3460        ,  0.000000000000000e+00,  1.396717334544408e-01,  0.000000000000000e+00
4414        ,  0.000000000000000e+00,  1.396717334544408e-01,  0.000000000000000e+00
3363        ,  3.151200000000000e+00,  2.638097609011953e+00,  2.627722772277228e-02
3025        ,  0.000000000000000e+00,  1.396717334544408e-01,  0.000000000000000e+00
3704        ,  2.006600000000000e+00,  2.488429633935730e+00,  2.470309278350516e-02
5803        ,  2.048100000000000e+00,  2.198434134840247e+00,  2.165306122448980e-02
3368        ,  0.000000000000000e+00,  1.396717334544408e-01,  0.000000000000000e+00
3042        ,  0.000000000000000e+00,  1.396717334544408e-01,  0.000000000000000e+00
4312        ,  5.035999999999996e-01,  4.543754901231960e-01,  3.309900990099010e-03
4974        ,  1.457600000000000e+00,  1.303052187976017e+00,  1.223586956521739e-02
5374        ,  2.020000000000000e+00,  1.856468745230716e+00,  1.805643564356435e-02
4198        ,  4.097700000000001e+00,  3.775892425868522e+00,  3.824400000000000e-02
5614        ,  1.138500000000000e+00,  1.157210742079201e+00,  1.070198019801980e-02
5656        ,  2.185500000000000e+00,  2.218167395683508e+00,  2.186060606060606e-02
5560        ,  3.030600000000000e+00,  2.458576201902376e+00,  2.438910891089109e-02
3253        ,  0.000000000000000e+00,  1.396717334544408e-01,  0.000000000000000e+00
4771        ,  2.747500000000000e+00,  2.315956940354914e+00,  2.288910891089109e-02
4474        ,  1.164100000000000e+00,  9.397118796746345e-01,  8.414432989690725e-03
5360        ,  2.079200000000000e+00,  1.306934233304054e+00,  1.227669902912621e-02
4604        ,  2.293100000000000e+00,  2.549836105194096e+00,  2.534893617021276e-02
4693        ,  4.030700000000000e+00,  3.809463800004172e+00,  3.859708737864077e-02
3240        ,  1.162500000000000e+00,  1.225048422880587e+00,  1.141546391752578e-02
3813        ,  0.000000000000000e+00,  1.396717334544408e-01,  0.000000000000000e+00
5328        ,  0.000000000000000e+00,  1.396717334544408e-01,  0.000000000000000e+00
3977        ,  3.184500000000000e+00,  3.185385296723565e+00,  3.203333333333334e-02
5233        ,  6.469999999999976e-02,  1.396717334544408e-01,  0.000000000000000e+00
3077        ,  2.134800000000000e+00,  1.772403398325182e+00,  1.717227722772277e-02
3239        ,  9.895999999999999e-01,  1.237416425800941e+00,  1.154554455445544e-02
5796        ,  1.643200000000000e+00,  1.416467142278349e+00,  1.342871287128713e-02
3332        ,  0.000000000000000e+00,  1.396717334544408e-01,  0.000000000000000e+00
5833        ,  5.220599999999999e+00,  5.393670249355227e+00,  5.525900000000000e-02
5181        ,  0.000000000000000e+00,  1.396717334544408e-01,  0.000000000000000e+00
2997        ,  0.000000000000000e+00,  1.396717334544408e-01,  0.000000000000000e+00
4903        ,  1.562900000000000e+00,  1.924381320886413e+00,  1.877070707070707e-02
5700        ,  2.603800000000000e+00,  2.070915397247296e+00,  2.031188118811882e-02
5019        ,  1.267900000000000e+00,  1.362835986025802e+00,  1.286464646464647e-02
3728        ,  0.000000000000000e+00,  1.396717334544408e-01,  0.000000000000000e+00
4657        ,  7.240000000000002e-01,  5.397290968241685e-01,  4.207608695652176e-03
4615        ,  0.000000000000000e+00,  1.396717334544408e-01,  0.000000000000000e+00
5698        ,  2.943900000000000e+00,  2.882009494602364e+00,  2.884257425742574e-02
4055        ,  1.163999999999996e-01,  3.023424159323374e-01,  1.710891089108909e-03
3563        ,  0.000000000000000e+00,  7.905341816074021e-01,  6.845454545454548e-03
5843        ,  9.450000000000003e-02,  9.728179246492079e-01,  8.762626262626262e-03
3429        ,  4.021700000000000e+00,  3.713368880087727e+00,  3.758640776699029e-02
3238        ,  0.000000000000000e+00,  1.396717334544408e-01,  0.000000000000000e+00
3757        ,  1.403600000000000e+00,  1.391713617991850e+00,  1.316836734693877e-02
4089        ,  4.025900000000000e+00,  4.063565730082150e+00,  4.126960784313725e-02
5882        ,  0.000000000000000e+00,  1.396717334544408e-01,  0.000000000000000e+00
5695        ,  2.888000000000000e+00,  1.964162761871176e+00,  1.918910891089109e-02
3906        ,  1.246300000000000e+00,  1.403104589514319e+00,  1.328817204301075e-02
4715        ,  0.000000000000000e+00,  1.396717334544408e-01,  0.000000000000000e+00
3782        ,  1.082200000000000e+00,  6.967971892015459e-01,  5.859574468085104e-03
5548        ,  0.000000000000000e+00,  1.396717334544408e-01,  0.000000000000000e+00
5285        ,  3.423700000000000e+00,  2.892689557338578e+00,  2.895490196078431e-02
4769        ,  1.221900000000000e+00,  1.335751710616663e+00,  1.257978723404255e-02
5682        ,  3.568200000000000e+00,  3.318742768038926e+00,  3.343592233009709e-02
4131        ,  8.060000000000000e-01,  5.609864121907051e-01,  4.431182795698921e-03
3293        ,  2.504400000000000e+00,  2.715850994540089e+00,  2.709500000000000e-02
5240        ,  1.568900000000000e+00,  1.093984752222356e+00,  1.003700000000000e-02
4029        ,  2.932100000000001e+00,  2.817033054314134e+00,  2.815918367346939e-02
3226        ,  0.000000000000000e+00,  1.396717334544408e-01,  0.000000000000000e+00
4324        ,  0.000000000000000e+00,  1.718086070564687e-01,  3.379999999999983e-04
3316        ,  0.000000000000000e+00,  1.396717334544408e-01,  0.000000000000000e+00
4618        ,  9.976000000000003e-01,  1.155182217290237e+00,  1.068064516129032e-02
3455        ,  0.000000000000000e+00,  1.396717334544408e-01,  0.000000000000000e+00
5562        ,  3.304500000000000e+00,  3.216555374813658e+00,  3.236116504854369e-02
3645        ,  0.000000000000000e+00,  1.396717334544408e-01,  0.000000000000000e+00
5373        ,  3.522100000000000e+00,  3.068873675573791e+00,  3.080792079207921e-02
3324        ,  2.361700000000000e+00,  2.309406328812312e+00,  2.282021276595745e-02
4502        ,  7.188000000000000e+00,  6.482966340189578e+00,  6.671568627450980e-02
3402        ,  0.000000000000000e+00,  1.396717334544408e-01,  0.000000000000000e+00
5728        ,  3.545400000000000e+00,  4.011530831413489e+00,  4.072233009708738e-02
5687        ,  3.023600000000000e+00,  2.846237006557456e+00,  2.846633663366337e-02
3620        ,  9.683000000000000e-01,  1.239974485297816e+00,  1.157244897959184e-02
3353        ,  1.561700000000000e+00,  1.509698825309335e+00,  1.440927835051547e-02
4091        ,  5.020000000000000e-01,  6.911328781046264e-01,  5.800000000000008e-03
2987        ,  0.000000000000000e+00,  1.396717334544408e-01,  0.000000000000000e+00
3179        ,  0.000000000000000e+00,  1.396717334544408e-01,  0.000000000000000e+00
4225        ,  6.553999999999998e-01,  3.607821630592287e-01,  2.325531914893616e-03
5741        ,  1.094500000000000e+00,  1.210247386115179e+00,  1.125979381443299e-02
4755        ,  2.301300000000000e+00,  2.272182711563119e+00,  2.242871287128713e-02
5482        ,  9.074999999999998e-01,  9.459267507547371e-01,  8.479797979797980e-03
5538        ,  0.000000000000000e+00,  1.396717334544408e-01,  0.000000000000000e+00
3710        ,  3.456000000000000e+00,  3.221095026017516e+00,  3.240891089108910e-02
5212        ,  0.000000000000000e+00,  1.396717334544408e-01,  0.000000000000000e+00
4147        ,  2.493800000000000e+00,  2.431553945001786e+00,  2.410490196078432e-02
5595        ,  1.449800000000000e+00,  1.442843108356145e+00,  1.370612244897960e-02
3514        ,  0.000000000000000e+00,  1.396717334544408e-01,  0.000000000000000e+00
4239        ,  4.587000000000003e-01,  5.559505285454476e-01,  4.378217821782179e-03
4805        ,  8.720000000000001e-01,  6.922455106415203e-01,  5.811702127659570e-03
4065        ,  0.000000000000000e+00,  1.396717334544408e-01,  0.000000000000000e+00
5492        ,  0.000000000000000e+00,  1.396717334544408e-01,  0.000000000000000e+00
5813        ,  4.605999999999999e-01,  1.396717334544408e-01,  0.000000000000000e+00
5501        ,  0.000000000000000e+00,  1.396717334544408e-01,  0.000000000000000e+00
5626        ,  2.421200000000000e+00,  2.532085590936655e+00,  2.516224489795918e-02
4412        ,  0.000000000000000e+00,  1.396717334544408e-01,  0.000000000000000e+00
4100        ,  0.000000000000000e+00,  1.396717334544408e-01,  0.000000000000000e+00
4901        ,  1.536700000000000e+00,  1.708694898271404e+00,  1.650222222222223e-02
3917        ,  4.013700000000000e+00,  3.844891336485464e+00,  3.896969696969697e-02
4190        ,  0.000000000000000e+00,  1.396717334544408e-01,  0.000000000000000e+00
3963        ,  0.000000000000000e+00,  1.396717334544408e-01,  0.000000000000000e+00
5146        ,  3.059299999999999e+00,  3.109447208066831e+00,  3.123465346534654e-02
5315        ,  1.127500000000000e+00,  1.247044552902391e+00,  1.164680851063830e-02
3834        ,  0.000000000000000e+00,  1.396717334544408e-01,  0.000000000000000e+00
5018        ,  1.576900000000000e+00,  1.272435808834379e+00,  1.191386138613862e-02
3870        ,  1.333400000000000e+00,  5.872043865215250e-01,  4.706930693069307e-03
5337        ,  8.550000000000000e-01,  9.762743812937340e-01,  8.798979591836733e-03
4310        ,  1.386300000000000e+00,  1.405798459269964e+00,  1.331650485436893e-02
5629        ,  8.353000000000002e-01,  9.027078602837726e-01,  8.025242718446603e-03
3775        ,  7.872000000000000e-01,  9.624456147184839e-01,  8.653535353535358e-03
4918        ,  1.971800000000000e+00,  1.729825925502415e+00,  1.672446808510638e-02
3936        ,  7.376000000000000e-01,  9.312571449957600e-01,  8.325510204081633e-03
5518        ,  0.000000000000000e+00,  1.396717334544408e-01,  0.000000000000000e+00
4299        ,  3.159100000000000e+00,  2.496702143108132e+00,  2.479009900990099e-02
4572        ,  2.515200000000000e+00,  2.278301689781327e+00,  2.249306930693069e-02
4955        ,  4.844999999999997e-01,  1.396717334544408e-01,  0.000000000000000e+00
3330        ,  0.000000000000000e+00,  1.396717334544408e-01,  0.000000000000000e+00
3631        ,  3.243400000000000e+00,  3.335472849634788e+00,  3.361188118811882e-02
4411        ,  0.000000000000000e+00,  1.396717334544408e-01,  0.000000000000000e+00
4587        ,  0.000000000000000e+00,  1.396717334544408e-01,  0.000000000000000e+00
3642        ,  5.232000000000000e-01,  7.541747256002433e-01,  6.463043478260877e-03
4935        ,  3.557399999999999e+00,  3.557034313579597e+00,  3.594215686274510e-02
4094        ,  1.604600000000000e+00,  1.296064478569305e+00,  1.216237623762377e-02
4037        ,  1.423100000000000e+00,  1.183663555607146e+00,  1.098019801980198e-02
4780        ,  3.433200000000000e+00,  3.413889908954283e+00,  3.443663366336634e-02
4192        ,  2.623400000000000e+00,  2.270464190020984e+00,  2.241063829787234e-02
3799        ,  3.415900000000000e+00,  2.961016301596283e+00,  2.967352941176470e-02
5012        ,  0.000000000000000e+00,  1.396717334544408e-01,  0.000000000000000e+00
4716        ,  3.336500000000000e+00,  3.180427355398043e+00,  3.198118811881188e-02
4389        ,  1.188300000000000e+00,  1.257561984857811e+00,  1.175742574257426e-02
3320        ,  0.000000000000000e+00,  1.396717334544408e-01,  0.000000000000000e+00
3210        ,  7.141999999999999e-01,  7.786469195989819e-01,  6.720430107526882e-03
4990        ,  3.729400000000000e+00,  3.261197867878387e+00,  3.283069306930693e-02
3051        ,  3.296900000000000e+00,  3.569917844702004e+00,  3.607765957446808e-02
4912        ,  0.000000000000000e+00,  1.396717334544408e-01,  0.000000000000000e+00
3369        ,  0.000000000000000e+00,  1.396717334544408e-01,  0.000000000000000e+00
3612        ,  2.530999999999999e-01,  4.120696220045412e-01,  2.864948453608250e-03
3466        ,  8.565000000000000e-01,  9.867437111302734e-01,  8.909090909090910e-03
3673        ,  0.000000000000000e+00,  1.396717334544408e-01,  0.000000000000000e+00
3988        ,  1.247000000000000e+00,  1.272654513572558e+00,  1.191616161616162e-02
5098        ,  2.883100000000000e+00,  2.459814018118039e+00,  2.440212765957447e-02
4104        ,  3.053999999999999e+00,  3.203861740063520e+00,  3.222765957446808e-02
3828        ,  3.228500000000000e+00,  3.222601236040460e+00,  3.242475247524752e-02
3094        ,  0.000000000000000e+00,  1.396717334544408e-01,  0.000000000000000e+00
3008        ,  0.000000000000000e+00,  1.396717334544408e-01,  0.000000000000000e+00
5311        ,  0.000000000000000e+00,  1.396717334544408e-01,  0.000000000000000e+00
5039        ,  8.927999999999998e-01,  1.396717334544408e-01,  0.000000000000000e+00
3787        ,  0.000000000000000e+00,  1.396717334544408e-01,  0.000000000000000e+00
3613        ,  5.574700000000000e+00,  5.310490742219439e+00,  5.438415841584159e-02
3295        ,  0.000000000000000e+00,  1.396717334544408e-01,  0.000000000000000e+00
4347        ,  3.522500000000000e+00,  3.906591327176317e+00,  3.961862745098040e-02
3348        ,  0.000000000000000e+00,  1.396717334544408e-01,  0.000000000000000e+00
4407        ,  3.911400000000000e+00,  3.389267762098641e+00,  3.417766990291262e-02
5070        ,  2.822200000000000e+00,  2.454716538718583e+00,  2.434851485148515e-02
4605        ,  8.457000000000000e-01,  6.833194136106064e-01,  5.717821782178219e-03
3548        ,  0.000000000000000e+00,  1.396717334544408e-01,  0.000000000000000e+00
4252        ,  1.628000000000003e-01,  1.396717334544408e-01,  0.000000000000000e+00
3484        ,  1.768600000000000e+00,  2.192408898627595e+00,  2.158969072164948e-02
4910        ,  0.000000000000000e+00,  1.396717334544408e-01,  0.000000000000000e+00
5542        ,  4.253000000000000e-01,  1.396717334544408e-01,  0.000000000000000e+00
3732        ,  0.000000000000000e+00,  1.396717334544408e-01,  0.000000000000000e+00
5911        ,  1.002100000000000e+00,  1.700608338121709e+00,  1.641717171717172e-02
4464        ,  2.394400000000000e+00,  1.958043783652967e+00,  1.912475247524752e-02
3440        ,  2.282500000000000e+00,  2.501597325682699e+00,  2.484158415841585e-02
4866        ,  4.522399999999999e+00,  4.064609197361573e+00,  4.128058252427184e-02
3322        ,  0.000000000000000e+00,  1.396717334544408e-01,  0.000000000000000e+00
3256        ,  1.546800000000000e+00,  5.524674178673905e-01,  4.341584158415840e-03
4277        ,  2.930600000000000e+00,  2.589993026404195e+00,  2.577128712871287e-02
3649        ,  1.546300000000000e+00,  1.066838140702592e+00,  9.751485148514852e-03
3940        ,  2.413200000000000e+00,  2.014997350145519e+00,  1.972376237623763e-02
4920        ,  3.948700000000000e+00,  3.571477132604746e+00,  3.609405940594059e-02
4925        ,  4.453400000000000e+00,  5.170762343719652e+00,  5.291456310679611e-02
5137        ,  3.959000000000001e-01,  5.559086893781435e-01,  4.377777777777778e-03
3327        ,  1.875800000000000e+00,  1.354261870094100e+00,  1.277446808510638e-02
3038        ,  0.000000000000000e+00,  1.396717334544408e-01,  0.000000000000000e+00
4382        ,  1.551700000000000e+00,  1.530780010588381e+00,  1.463100000000000e-02
3812        ,  9.600000000000053e-03,  1.396717334544408e-01,  0.000000000000000e+00
5842        ,  5.800000000000005e-02,  1.396717334544408e-01,  0.000000000000000e+00
3141        ,  3.993400000000000e+00,  3.777639629495136e+00,  3.826237623762376e-02
4658        ,  2.303800000000000e+00,  2.376070988800947e+00,  2.352135922330097e-02
3396        ,  2.201400000000000e+00,  2.384155005609173e+00,  2.360638297872341e-02
3007        ,  1.782999999999997e-01,  1.959751979364667e+00,  1.914271844660194e-02
3512        ,  2.296399999999999e+00,  2.225082268970657e+00,  2.193333333333334e-02
4011        ,  0.000000000000000e+00,  1.396717334544408e-01,  0.000000000000000e+00
3624        ,  1.820700000000000e+00,  1.669587448236301e+00,  1.609090909090909e-02
3267        ,  2.079300000000000e+00,  8.923170704577466e-01,  7.915957446808506e-03
4512        ,  7.999000000000001e-01,  4.840923990962693e-01,  3.622448979591832e-03
3018        ,  0.000000000000000e+00,  1.857954095293649e-01,  4.851063829787267e-04
4102        ,  1.217700000000000e+00,  1.235437500669992e+00,  1.152473118279570e-02
5256        ,  1.496700000000000e+00,  1.530260107748414e+00,  1.462553191489362e-02
5524        ,  0.000000000000000e+00,  1.396717334544408e-01,  0.000000000000000e+00
3934        ,  1.132800000000000e+00,  9.868207332337192e-01,  8.909900990099010e-03
4197        ,  1.164100000000000e+00,  9.376806312351885e-01,  8.393069306930699e-03
4773        ,  2.457200000000000e+00,  2.125725721929286e+00,  2.088834951456311e-02
3301        ,  1.573000000000000e+00,  1.396717334544408e-01,  0.000000000000000e+00
4813        ,  4.401000000000000e+00,  3.419722669232526e+00,  3.449797979797980e-02
4227        ,  4.606999999999999e-01,  1.044943894630450e+00,  9.521212121212123e-03
3814        ,  2.086700000000000e+00,  1.902314012804058e+00,  1.853861386138614e-02
3760        ,  3.901500000000000e+00,  3.556979861133915e+00,  3.594158415841584e-02
3411        ,  0.000000000000000e+00,  1.396717334544408e-01,  0.000000000000000e+00
3019        ,  3.700100000000000e+00,  2.542735686934343e+00,  2.527425742574257e-02
5704        ,  2.854299999999999e+00,  3.138008909726126e+00,  3.153505154639175e-02
3736        ,  4.481999999999999e-01,  7.091264193464563e-01,  5.989247311827962e-03
5317        ,  4.574800000000001e+00,  4.243649029377759e+00,  4.316363636363636e-02
4770        ,  2.630999999999999e-01,  7.915906205818274e-01,  6.856565656565655e-03
5394        ,  6.362999999999999e-01,  1.407267809283838e+00,  1.333195876288660e-02
3622        ,  0.000000000000000e+00,  1.396717334544408e-01,  0.000000000000000e+00
4439        ,  0.000000000000000e+00,  1.396717334544408e-01,  0.000000000000000e+00
3560        ,  1.123000000000000e+00,  3.710318688536564e-01,  2.433333333333335e-03
4365        ,  4.376200000000001e+00,  4.943679247663500e+00,  5.052621359223301e-02
5697        ,  1.888100000000000e+00,  1.395681634139762e+00,  1.321010101010101e-02
3203        ,  2.789999999999981e-02,  1.396717334544408e-01,  0.000000000000000e+00
4589        ,  1.158500000000000e+00,  1.330390844757077e+00,  1.252340425531915e-02
5184        ,  1.397900000000000e+00,  1.426606484118404e+00,  1.353535353535353e-02
3136        ,  1.730999999999998e-01,  4.963639471832437e-01,  3.751515151515151e-03
3534        ,  0.000000000000000e+00,  5.848258966249221e-01,  4.681914893617023e-03
5473        ,  0.000000000000000e+00,  1.396717334544408e-01,  0.000000000000000e+00
3749        ,  2.032700000000000e+00,  2.055827258812676e+00,  2.015319148936170e-02
3192        ,  1.573799999999999e+00,  1.719104193783244e+00,  1.661170212765958e-02
4965        ,  2.943700000000000e+00,  2.669445605114464e+00,  2.660693069306931e-02
5122        ,  0.000000000000000e+00,  1.396717334544408e-01,  0.000000000000000e+00
5599        ,  1.938499999999999e+00,  1.992153811794975e+00,  1.948350515463918e-02
4563        ,  0.000000000000000e+00,  1.396717334544408e-01,  0.000000000000000e+00
5191        ,  2.255300000000000e+00,  2.259113963311863e+00,  2.229126213592233e-02
