0             0|21|div
1             0
2             21|0|mult
3             27|0|mult
4             25|0|mult
5             14|0|mult
6             0|24|div
7             0|28|div
8             24|0|mult
9             0|27|div
10            28|0|mult
11            20|0|mult
12            0|25|div
13            0|15|div
14            15|0|mult
15            0|14|div
16            0|sqrt
17            0|22|div
18            18|0|mult
19            0|23|div
20            12|0|mult
21            0|20|div
22            13|0|mult
23            0|18|div
24            0|12|div
25            17|0|mult
26            22|0|mult
27            0|13|div
28            0|17|div
29            23|0|mult
30            0|cbrt
31            0|sq
32            0|8|div
33            0|6|div
34            7|0|mult
35            10|0|mult
36            0|10|div
37            0|7|div
38            5|0|mult
39            0|5|div
40            0|3|div
41            3|0|mult
42            0|cb
43            24|0|add
44            0|11|div
45            0|1|div
46            9|0|mult
47            29|0|mult
48            16|0|mult
49            0|19|div
50            0|9|div
51            26|0|mult
52            11|0|mult
53            15|0|add
54            19|0|mult
55            0|4|div
56            0|2|div
57            0|16|div
58            0|29|div
59            28|11|div
60            15|11|div
61            24|11|div
62            8|0|mult
63            28|17|div
64            28|12|div
65            13|9|mult
66            12|9|mult
67            0|sp
68            9|5|mult
69            28|20|div
70            15|17|div
71            24|17|div
72            9|cbrt
73            21|11|div
74            9|7|mult
75            18|9|mult
76            23|9|mult
77            22|9|mult
78            15|12|div
79            21|12|div
80            24|12|div
81            28|13|div
82            9|3|mult
83            2|cbrt
84            12|24|div
85            9|sqrt
86            20|21|div
87            25|9|mult
88            12|21|div
89            20|12|add
90            14|12|add
91            20|24|div
92            9|24|div
93            24|20|div
94            28|14|div
95            21|sp
96            27|9|mult
97            14|9|mult
98            15|20|div
99            20|9|mult
100           27|12|add
101           15|13|div
102           0|26|div
103           20|12|mult
104           21|27|div
105           4|cbrt
106           2|sqrt
107           21|14|div
108           11|inv
109           21|17|div
110           20|28|div
111           9|2|add
112           14|12|mult
113           9|4|add
114           28|18|div
115           6|0|mult
116           24|14|div
117           27|12|mult
118           24|13|div
119           3|2|div
120           13|24|div
121           12|5|add
122           12|cbrt
123           17|9|mult
124           25|12|add
125           12|sqrt
126           20|13|add
127           12|7|add
128           12|3|add
129           14|13|add
130           9|28|div
131           21|20|div
132           20|14|add
133           12|28|div
134           25|12|mult
135           12
136           9|15|div
137           3|4|div
138           9|21|div
139           21|25|div
140           19|13|mult
141           19|5|mult
142           23|19|mult
143           19|3|mult
144           20|14|mult
145           7|4|div
146           12|inv
147           10|2|div
148           7|2|div
149           18|24|div
150           11|cbrt
151           15|14|div
152           27|13|add
153           5|2|div
154           10|4|div
155           21|13|div
156           19|7|mult
157           4|sqrt
158           5|4|div
159           20|15|div
160           5|24|div
161           24|18|div
162           13|21|div
163           28|7|div
164           15|18|div
165           18|14|add
166           13|5|add
167           22|19|mult
168           27|20|add
169           20|18|add
170           20|13|mult
171           27|14|add
172           25|13|add
173           28|10|div
174           28|5|div
175           13|3|add
176           19|12|mult
177           14|cbrt
178           13|7|add
179           7|24|div
180           14|inv
181           27|21|div
182           17|28|div
183           14|sqrt
184           10|9|mult
185           28|27|div
186           5|21|div
187           9
188           21|17|sub
189           15|7|div
190           27|20|mult
191           14|5|add
192           3|24|div
193           27|inv
194           21|cb
195           15|10|div
196           15|5|div
197           13|12|add
198           14|24|div
199           19|18|mult
200           14|13|mult
201           25|20|add
202           12|sq
203           20|3|add
204           27|24|div
205           14|3|add
206           27|18|add
207           20|5|add
208           12|15|div
209           25|14|add
210           14
211           24|7|div
212           28|25|div
213           13|28|div
214           27|13|mult
215           14|7|add
216           27|14|mult
217           25|21|div
218           3|21|div
219           5|28|div
220           17|24|div
221           20|7|add
222           21|10|sub
223           18|5|add
224           19|2|add
225           20
226           25|24|div
227           12|5|mult
228           27|cbrt
229           7|21|div
230           20|sq
231           18|3|add
232           27|sqrt
233           25|20|mult
234           20|18|mult
235           11|sqrt
236           18|21|div
237           25|13|mult
238           19|17|mult
239           3|cbrt
240           12|7|mult
241           24|10|div
242           20|sqrt
243           3|sqrt
244           24|5|div
245           29|11|div
246           28|3|div
247           27|5|add
248           25|18|add
249           20|cbrt
250           5|cbrt
251           18|14|mult
252           27
253           5|sqrt
254           18|12|add
255           22|12|add
256           18|7|add
257           23|12|add
258           25|14|mult
259           27|3|add
260           15|3|div
261           21|18|div
262           14|1|div
263           18|28|div
264           12|3|mult
265           24|27|div
266           13|cbrt
267           7|28|div
268           14|21|div
269           27|7|add
270           13|sqrt
271           19|cbrt
272           20|1|div
273           17|15|div
274           20|cb
275           3|28|div
276           19|24|div
277           27|1|div
278           25|inv
279           25|1|div
280           21|sq
281           5
282           5|3|add
283           27|18|mult
284           14|5|mult
285           28|1|div
286           27|25|add
287           9|6|mult
288           25|5|add
289           15|27|div
290           20|5|mult
291           24|25|div
292           7|cbrt
293           25|3|add
294           15|1|div
295           7|sqrt
296           27|sq
297           22|20|add
298           3
299           7|5|add
300           7|3|add
301           3|25|div
302           19|10|mult
303           13|12|mult
304           13|15|div
305           23|20|add
306           19|9|add
307           13
308           20|7|mult
309           14|sq
310           26|8|div
311           3|27|div
312           20|3|mult
313           11|28|div
314           24|3|div
315           13|5|mult
316           29|1|div
317           25|18|mult
318           16|8|div
319           17|nexp
320           14|7|mult
321           17|inv
322           28|21|mult
323           25|7|add
324           27|5|mult
325           15|25|div
326           5|15|div
327           13|inv
328           16|11|div
329           1|inv
330           25|cbrt
331           5|25|div
332           21|1|div
333           16|1|div
334           14|3|mult
335           7
336           13|7|mult
337           25|sqrt
338           18|12|mult
339           27|25|mult
340           26|6|div
341           26|7|div
342           22|14|add
343           18|5|mult
344           23|14|add
345           5|27|div
346           27|3|mult
347           16|6|div
348           17|21|div
349           25|19|mult
350           26|5|div
351           22|13|add
352           19|sqrt
353           1|cbrt
354           12|cb
355           23|13|add
356           26|1|div
357           26|12|div
358           18|15|div
359           19|9|abd
360           27|cb
361           24|inv
362           25|5|mult
363           25
364           18|13|add
365           27|11|div
366           27|7|mult
367           25|28|div
368           13|3|mult
369           7|15|div
370           24|1|div
371           27|28|div
372           26|10|div
373           20|11|div
374           21|9|mult
375           8|1|div
376           19|14|mult
377           20|inv
378           25|3|mult
379           24|21|mult
380           3|15|div
381           26|13|div
382           18|7|mult
383           18|3|mult
384           17|14|mult
385           29|5|div
386           19|9|sub
387           29|10|div
388           26|20|div
389           19|4|add
390           16|5|div
391           29|7|div
392           16|7|div
393           8|cbrt
394           21|8|div
395           16|10|div
396           26|3|div
397           16|17|div
398           28|9|div
399           10|28|div
400           3|20|div
401           20|19|mult
402           11|15|div
403           21|15|mult
404           26|17|div
405           29|3|div
406           25|7|mult
407           26|14|div
408           21
409           7|25|div
410           15|9|div
411           26|11|div
412           25|sq
413           11|24|div
414           14|28|div
415           6|1|div
416           25|11|div
417           20|5|div
418           24|9|div
419           27|19|mult
420           8|inv
421           16|3|div
422           28|19|div
423           5|20|div
424           5|3|div
425           19|15|div
426           7|27|div
427           21|5|div
428           20|4|div
429           19|6|mult
430           17|11|div
431           18|cbrt
432           18|sqrt
433           20|3|div
434           27|15|div
435           21|7|div
436           26|18|div
437           8|sqrt
438           15|19|div
439           10|24|div
440           25|15|div
441           24|cbrt
442           22|5|add
443           19|28|div
444           22|3|add
445           23|5|add
446           29|8|div
447           6|cbrt
448           1|sqrt
449           18
450           23|3|add
451           29|17|div
452           13|sq
453           5|1|div
454           3|5|div
455           24|15|add
456           6|sqrt
457           24|sqrt
458           16|12|div
459           6|22|div
460           22|18|add
461           23|18|add
462           18|13|mult
463           25|cb
464           20|2|div
465           17|log
466           26|25|div
467           21|sqrt
468           7|1|div
469           5|sq
470           3|14|div
471           7|5|mult
472           24|19|div
473           28
474           9|8|mult
475           28|sqrt
476           26|27|div
477           27|22|add
478           26|23|div
479           29|6|div
480           22|7|add
481           28|cbrt
482           27|23|add
483           23|7|add
484           22|12|mult
485           14|cb
486           25|8|div
487           26|22|div
488           16|13|div
489           6|23|div
490           21|cbrt
491           20|6|mult
492           10|1|div
493           14|15|div
494           20|7|div
495           12|2|mult
496           8|22|div
497           5|3|mult
498           23|12|mult
499           7|3|mult
#-----------------------------------------------------------------------
500           11|6|div
501           11|8|div
502           3|6|div
503           3|8|div
504           5|6|div
505           5|8|div
506           17|23|div
507           17|22|div
508           20|22|div
509           6|3|div
510           20|23|div
511           11|19|div
512           7|6|div
513           10|6|div
514           7|8|div
515           10|8|div
516           8|3|div
517           6|5|div
518           6|7|div
519           21|cos
520           20|15|mult
521           17|6|div
522           25|20|sub
523           17|8|div
524           8|5|div
525           8|7|div
526           11|23|div
527           27|22|div
528           22|20|div
529           14|22|div
530           17|12|div
531           14|23|div
532           12|17|div
533           27|23|div
534           20|14|div
535           25|22|div
536           27|15|mult
537           23|20|div
538           11|1|div
539           20|6|div
540           25|23|div
541           6|10|div
542           24|20|mult
543           20|25|div
544           25|20|div
545           11|9|div
546           20|3|sub
547           29|16|div
548           20|8|div
549           11|22|div
550           14|20|div
551           23|17|div
552           27|24|mult
553           24|0|sub
554           6|20|div
555           15|0|sub
556           6|17|div
557           6|18|div
558           6|27|div
559           20|5|sub
560           6|25|div
561           14|6|div
562           6|13|div
563           22|27|div
564           8|10|div
565           15|14|mult
566           22|17|div
567           21|6|mult
568           12|6|mult
569           28|6|mult
570           6|14|div
571           23|20|abd
572           20|7|sub
573           6
574           23|27|div
575           1|4|div
576           13|6|div
577           23|20|sub
578           14|6|mult
579           15|6|mult
580           14|8|div
581           13|6|mult
582           24|22|div
583           22|25|div
584           22|24|div
585           6|12|div
586           23|6|mult
587           24|6|mult
588           24|23|div
589           22|20|abd
590           19|8|mult
591           21|24|div
592           22|6|mult
593           25|15|mult
594           23|24|div
595           18|6|mult
596           25|6|mult
597           20|14|sub
598           18|12|abd
599           27|6|mult
600           22|20|sub
601           17|15|mult
602           8|17|div
603           6|24|div
604           6|21|div
605           23|25|div
606           8|20|div
607           6|5|mult
608           6|3|mult
609           13|8|div
610           18|6|div
611           24|21|div
612           8|18|div
613           20|14|abd
614           16|29|div
615           8|27|div
616           17|13|div
617           20|12|div
618           7|6|mult
619           23|21|div
620           22|21|div
621           23|15|div
622           27|6|div
623           8|25|div
624           28|8|mult
625           12|6|div
626           7|23|div
627           13|17|div
628           14|sp
629           15|23|div
630           27|25|div
631           22|15|div
632           24
633           23|inv
634           25|27|div
635           15|22|div
636           8|13|div
637           15|21|div
638           22|cbrt
639           22|inv
640           22|sqrt
641           12|8|mult
642           23|cbrt
643           19|1|mult
644           23|sqrt
645           22
646           23|22|add
647           23|14|mult
648           21|8|mult
649           25|6|div
650           28|23|div
651           22|14|mult
652           23
653           21|23|div
654           28|22|div
655           22|sq
656           26|6|mult
657           14|8|mult
658           21|15|div
659           18|23|div
660           21|22|div
661           28|20|mult
662           8
663           23|22|mult
664           8|14|div
665           17|6|mult
666           6|2|mult
667           9|1|mult
668           15|cbrt
669           15|8|mult
670           15|sqrt
671           23|8|mult
672           1|3|div
673           24|15|mult
674           23|sq
675           22|8|mult
676           1|17|div
677           13|8|mult
678           15
679           14|1|mult
680           1|7|div
681           24|8|mult
682           1|5|div
683           10|6|mult
684           18|8|div
685           12|1|mult
686           27|20|sub
687           18|22|div
688           6|15|div
689           22|cb
690           23|28|div
691           24|sq
692           3|2|mult
693           18|8|mult
694           16|6|mult
695           8|24|div
696           25|8|mult
697           27|8|div
698           1|27|div
699           8|12|div
700           20|8|mult
701           1|10|div
702           14|2|mult
703           22|28|div
704           22|3|abd
705           12|20|div
706           1|25|div
707           27|8|mult
708           5|2|mult
709           15|inv
710           22|2|mult
711           18|12|sub
712           1|20|div
713           15|sq
714           12|8|div
715           3|1|div
716           8|21|div
717           13|1|mult
718           7|2|mult
719           8|5|mult
720           8|3|mult
721           23|2|mult
722           6|28|div
723           25|23|mult
724           28|1|mult
725           23|cb
726           27|25|abd
727           25|22|mult
728           22|14|div
729           3|cb
730           1
731           1|18|div
732           8|2|mult
733           8|7|mult
734           22|21|mult
735           27|25|sub
736           13|2|mult
737           18|1|mult
738           23|14|div
739           26|8|mult
740           21|1|mult
741           1|21|div
742           24|1|mult
743           22|1|mult
744           23|21|mult
745           10|23|div
746           5|sp
747           5|1|mult
748           3|1|mult
749           1|24|div
750           20|1|mult
751           2|15|div
752           18|2|mult
753           13|23|div
754           27|23|mult
755           5|23|div
756           7|1|mult
757           2|24|div
758           1|22|div
759           1|23|div
760           25|1|mult
761           22|13|mult
762           12|sp
763           23|1|mult
764           23|13|mult
765           28|24|mult
766           27|1|mult
767           27|22|mult
768           23|18|mult
769           22|18|mult
770           15|1|mult
771           15|cb
772           8|23|div
773           1|13|div
774           28|15|mult
775           2|28|div
776           9|6|div
777           4|2|sub
778           3|sp
779           25|2|mult
780           6|sq
781           24|cb
782           27|2|mult
783           7|sp
784           2|21|div
785           1|12|div
786           18|17|div
787           5|cb
788           1|14|div
789           12|11|div
790           20|2|mult
791           16|8|mult
792           1|15|div
793           2|1|mult
794           13|22|div
795           8|15|div
796           17|8|mult
797           2
798           19|21|div
799           10|8|mult
800           6|11|div
801           1|28|div
802           23|3|mult
803           7|cb
804           8|28|div
805           2|20|div
806           8|11|div
807           17|18|div
808           13|11|div
809           6|inv
810           22|3|mult
811           25|23|add
812           25|22|add
813           24|6|div
814           21|2|mult
815           15|28|div
816           28|sq
817           6|1|mult
818           2|27|div
819           17|1|mult
820           28|21|div
821           10|2|mult
822           23|5|mult
823           25|24|mult
824           8|6|mult
825           23|3|abd
826           12|18|div
827           1|2|div
828           22|sp
829           23|7|mult
830           22|5|mult
831           28|cb
832           23|11|div
833           21|6|div
834           2|25|div
835           10|sin
836           22|7|mult
837           23|20|mult
838           18|12|div
839           10|1|mult
840           28|6|div
841           4|2|add
842           15|6|div
843           29|6|mult
844           28|15|div
845           3|sq
846           25|sp
847           17|2|mult
848           28|27|mult
849           8|1|mult
850           23|18|div
851           22|20|mult
852           12|23|div
853           18|11|div
854           7|22|div
855           22|11|div
856           28|2|mult
857           26|1|mult
858           24|8|div
859           5|3|sub
860           28|inv
861           19
862           6|4|mult
863           12|4|mult
864           4|2|abd
865           8|sq
866           1|sq
867           4|3|mult
868           24|2|mult
869           11|3|div
870           15|sp
871           2|17|div
872           13|4|mult
873           9|2|mult
874           21|28|div
875           23|sp
876           5|4|mult
877           15|8|div
878           28|8|div
879           2|14|div
880           18|sp
881           15|2|mult
882           2|18|div
883           23|4|mult
884           11|5|div
885           14|4|mult
886           11|7|div
887           12|22|div
888           22|18|div
889           22|6|div
890           4|1|mult
891           8|4|mult
892           15|11|mult
893           22|4|mult
894           24|14|mult
895           18|4|mult
896           9|8|div
897           7|4|mult
898           28|sp
899           22|18|abd
900           11|6|mult
901           11|10|div
902           20|18|div
903           21|17|add
904           20|12|abd
905           16|1|mult
906           29|8|mult
907           23|6|div
908           4|24|div
909           2|11|div
910           23|18|abd
911           2|7|div
912           1|8|div
913           4|15|div
914           10|22|div
915           2|13|div
916           7|sq
917           18|20|div
918           27|sp
919           9|19|div
920           2|12|div
921           1|11|div
922           23|10|mult
923           27|23|sub
924           19|9|mult
925           27|20|div
926           2|10|div
927           24|17|mult
928           18|cb
929           5|22|div
930           21|19|mult
931           20|12|sub
932           10|15|div
933           19|20|div
934           22|10|mult
935           25|4|mult
936           2|5|div
937           17|cos
938           26|2|mult
939           14|11|div
940           20|4|mult
941           9|11|div
942           21|log
943           9|sq
944           10|4|mult
945           13|cb
946           21|inv
947           4|28|div
948           27|4|mult
949           27|22|sub
950           13|sp
951           4|21|div
952           2|22|div
953           2|29|div
954           17|4|mult
955           26|23|mult
956           21|10|add
957           24|15|sub
958           19|2|mult
959           1|cb
960           2|3|div
961           22|8|div
962           2|16|div
963           4
964           24|sp
965           26|4|mult
966           23|17|mult
967           10|3|mult
968           2|23|div
969           26|22|mult
970           11|8|mult
971           19|11|div
972           11|1|mult
973           29|1|mult
974           28|23|mult
975           22|17|mult
976           20|13|div
977           20|sp
978           23|13|div
979           21|4|mult
980           22|5|abd
981           4|27|div
982           17|19|div
983           20|27|div
984           19|27|div
985           23|8|div
986           4|20|div
987           12|10|mult
988           18|sq
989           16|2|mult
990           10|5|mult
991           13|20|div
992           23|16|mult
993           23|18|sub
994           11|4|div
995           4|25|div
996           10|7|mult
997           6|cb
998           2|sq
999           9|4|mult
#-----------------------------------------------------------------------
