0             55|11|mult
1             55|10|add
2             242|55|add
3             257|11|mult
4             256|55|mult
5             55|9|add
6             241|55|add
7             55|11|add
8             55|24|mult
9             55|10|mult
10            243|55|add
11            55|12|add
12            55|54|mult
13            25|11|mult
14            55|54|add
15            256|10|mult
16            256|24|add
17            257|24|add
18            284|55|add
19            256|25|add
20            256|24|mult
21            55|53|add
22            11|cb
23            241|229|mult
24            46|17|div
25            55|sp
26            55|cb
27            11|sq
28            54|11|mult
29            257|229|mult
30            285|55|add
31            229|11|mult
32            242|229|mult
33            284|55|mult
34            55|9|mult
35            210|11|mult
36            234|55|add
37            289|37|div
38            256|49|mult
39            240|55|add
40            244|55|add
41            242|55|mult
42            55|8|add
43            55|53|mult
44            55|sq
45            256|242|mult
46            27|199|div
47            46|8|mult
48            27|183|div
49            241|55|mult
50            11
51            55|210|div
52            11|10|mult
53            27|182|div
54            256|243|mult
55            256|241|mult
56            55|2|add
57            55|52|add
58            55|12|mult
59            27|175|div
60            243|229|mult
61            234|229|mult
62            234|55|mult
63            11|sqrt
64            287|242|mult
65            11|10|add
66            11|9|mult
67            256|12|mult
68            285|55|mult
69            286|55|add
70            49|11|mult
71            256|9|mult
72            55|2|mult
73            11|cbrt
74            256|54|mult
75            11|210|div
76            55
77            53|11|mult
78            46|12|mult
79            241|46|mult
80            242|25|mult
81            11|2|mult
82            243|55|mult
83            284|256|mult
84            259|46|mult
85            242|46|mult
86            241|25|mult
87            284|11|mult
88            242|49|mult
89            55|sqrt
90            11|9|add
91            287|243|mult
92            287|241|mult
93            243|46|mult
94            49|24|mult
95            54|11|add
96            52|11|mult
97            55|cbrt
98            104|77|div
99            284|24|mult
100           49|10|mult
101           242|11|mult
102           243|25|mult
103           259|220|mult
104           256|234|mult
105           241|11|mult
106           55|49|mult
107           234|11|mult
108           243|49|mult
109           12|11|mult
110           285|229|mult
111           234|25|mult
112           244|46|mult
113           242|11|add
114           284|229|mult
115           285|11|mult
116           286|55|mult
117           240|46|mult
118           241|49|mult
119           242|185|mult
120           256|52|mult
121           259|229|mult
122           259|11|mult
123           241|11|add
124           46|9|mult
125           48|10|mult
126           242|10|mult
127           259|243|mult
128           241|185|mult
129           242|10|add
130           239|37|div
131           242|9|mult
132           241|10|add
133           241|10|mult
134           281|46|mult
135           281|256|mult
136           242|54|mult
137           243|11|mult
138           285|25|mult
139           286|11|mult
140           281|229|mult
141           286|229|mult
142           285|256|mult
143           242|54|add
144           242|9|add
145           263|11|mult
146           256|53|mult
147           289|132|mult
148           11|sp
149           259|55|mult
150           55|1|add
151           256|244|mult
152           12|11|add
153           281|46|add
154           46|15|div
155           289|190|mult
156           240|229|mult
157           286|256|mult
158           241|9|mult
159           243|11|add
160           11|inv
161           243|10|add
162           10|2|mult
163           243|10|mult
164           210|55|div
165           256|30|div
166           244|229|mult
167           256|240|mult
168           27|226|div
169           241|54|mult
170           241|9|add
171           243|9|mult
172           242|1|mult
173           11|1|mult
174           284|11|add
175           284|10|mult
176           243|185|mult
177           229|10|mult
178           241|54|add
179           241|1|mult
180           234|10|mult
181           243|9|add
182           185|11|mult
183           241|233|mult
184           259|242|mult
185           286|24|mult
186           242|233|mult
187           259|241|mult
188           259|10|mult
189           243|54|add
190           242|53|mult
191           220|49|mult
192           285|10|mult
193           287|11|mult
194           55|inv
195           233|55|add
196           259|190|mult
197           284|10|add
198           263|241|mult
199           55|52|mult
200           267|243|mult
201           242|52|mult
202           242|12|mult
203           263|242|mult
204           281|55|mult
205           24|2|mult
206           243|54|mult
207           259|49|mult
208           257|1|mult
209           243|30|div
210           287|10|mult
211           241|220|mult
212           210|11|div
213           259|27|add
214           229|12|mult
215           242|12|add
216           24|cb
217           46|191|div
218           285|49|mult
219           259|244|mult
220           259|24|mult
221           241|53|mult
222           241|12|mult
223           243|185|add
224           234|49|mult
225           284|259|mult
226           242|185|add
227           241|18|mult
228           243|12|mult
229           243|1|mult
230           53|11|add
231           287|244|mult
232           286|10|mult
233           259|240|mult
234           241|185|add
235           241|12|add
236           241|52|mult
237           259|234|mult
238           242|18|mult
239           220|192|div
240           240|55|mult
241           256|2|mult
242           256|8|mult
243           242|2|mult
244           243|53|mult
245           229|9|mult
246           69|88|div
247           244|55|mult
248           27|184|div
249           263|243|mult
250           49|46|add
251           242|30|div
252           27|186|div
253           240|25|mult
254           244|25|mult
255           259|176|div
256           49|9|mult
257           281|24|mult
258           243|220|mult
259           24|10|mult
260           287|259|mult
261           11|8|mult
262           234|10|add
263           243|233|mult
264           244|11|mult
265           242|220|mult
266           244|49|mult
267           243|12|add
268           285|259|mult
269           242|sq
270           256|220|mult
271           243|27|mult
272           243|52|mult
273           242|241|mult
274           233|11|mult
275           281|11|mult
276           46|11|mult
277           286|259|mult
278           240|11|mult
279           24|sq
280           46|20|div
281           10|2|add
282           269|267|mult
283           284|49|mult
284           285|10|add
285           243|18|mult
286           234|9|mult
287           257|185|mult
288           55|8|mult
289           243|242|mult
290           284|9|mult
291           220|191|div
292           234|11|add
293           244|220|mult
294           24|30|div
295           229|192|div
296           287|12|mult
297           240|220|mult
298           242|48|mult
299           252|27|mult
300           259|12|mult
301           244|10|add
302           281|49|add
303           241|sq
304           242|53|add
305           287|240|mult
306           49|12|mult
307           285|11|add
308           259|54|mult
309           259|3|add
310           229|24|mult
311           242|27|mult
312           267|242|mult
313           243|241|mult
314           253|27|mult
315           259|48|div
316           285|9|mult
317           240|10|add
318           284|242|mult
319           284|9|add
320           240|49|mult
321           256|210|div
322           244|10|mult
323           241|30|div
324           259|185|mult
325           229|191|div
326           259|9|mult
327           11|2|add
328           49|46|mult
329           259|52|mult
330           68|88|div
331           241|2|mult
332           24|210|div
333           267|244|mult
334           246|0|mult
335           240|30|div
336           46|192|div
337           240|10|mult
338           269|34|div
339           259|191|div
340           243|48|mult
341           243|2|mult
342           242|234|mult
343           284|54|mult
344           244|185|add
345           259|1|mult
346           243|sq
347           242|cb
348           244|11|add
349           243|53|add
350           243|cb
351           241|cb
352           242|210|mult
353           210|55|mult
354           46|10|mult
355           237|34|div
356           240|11|add
357           259|sqrt
358           259|cbrt
359           220|189|div
360           233|30|div
361           241|53|add
362           242|8|mult
363           11|192|div
364           241|27|mult
365           9|30|div
366           259|246|mult
367           242
368           244|27|mult
369           234|185|add
370           285|242|mult
371           59|88|div
372           241|210|mult
373           185|55|add
374           256|sqrt
375           259|257|div
376           281|220|mult
377           259|192|div
378           259|53|mult
379           237|37|div
380           244|9|mult
381           289|46|mult
382           234|9|add
383           256|cbrt
384           242|35|mult
385           242|241|add
386           75|104|div
387           284|241|mult
388           239|136|mult
389           54|49|mult
390           54|10|mult
391           286|242|mult
392           246|4|mult
393           242|210|div
394           281|10|mult
395           234|54|mult
396           244|9|add
397           241|234|mult
398           54|24|mult
399           284|243|mult
400           220|11|mult
401           240|9|mult
402           285|9|add
403           281|259|mult
404           240|27|mult
405           243|8|mult
406           241
407           10|210|div
408           243|234|mult
409           286|10|add
410           244|242|mult
411           242|52|add
412           284|54|add
413           10|cb
414           287|281|mult
415           11|191|div
416           259|2|mult
417           234|12|mult
418           243|0|mult
419           10|sq
420           284|12|mult
421           246|235|mult
422           240|9|add
423           243|242|add
424           267|241|mult
425           240|185|add
426           285|54|mult
427           24|12|mult
428           267|240|mult
429           11|8|add
430           244|243|mult
431           287|9|mult
432           269|23|div
433           259|233|mult
434           52|11|add
435           285|243|mult
436           234|185|mult
437           237|23|div
438           259|8|mult
439           285|241|mult
440           244|30|div
441           289|16|mult
442           241|8|mult
443           259|210|div
444           246|31|mult
445           243|241|add
446           243|35|mult
447           284|12|add
448           286|11|add
449           269|46|mult
450           243|3|mult
451           241|285|div
452           256|191|div
453           244|241|mult
454           285|12|mult
455           243|52|add
456           24
457           242|240|mult
458           241|210|div
459           256|192|div
460           185|55|sub
461           259
462           281|9|mult
463           54|30|div
464           247|27|mult
465           242|sqrt
466           242|0|mult
467           281|185|mult
468           281|242|mult
469           220|20|div
470           244|185|mult
471           241|286|div
472           286|9|mult
473           10|192|div
474           241|1|add
475           12|30|div
476           24|9|mult
477           113|88|div
478           234|54|add
479           241|52|add
480           210|257|div
481           244|12|mult
482           257|inv
483           243|210|mult
484           259|228|mult
485           286|243|mult
486           10|9|mult
487           286|241|mult
488           259|35|mult
489           269|37|div
490           229|18|div
491           243|240|mult
492           284|242|add
493           257|210|mult
494           241|48|mult
495           285|54|add
496           10|191|div
497           259|210|mult
498           286|49|mult
499           243|235|mult
#-----------------------------------------------------------------------
500           235|20|mult
501           257|192|mult
502           235|194|mult
503           235|189|mult
504           235|15|mult
505           235|192|mult
506           235|34|div
507           267|208|div
508           235|19|mult
509           235|8|div
510           235|11|div
511           235|37|div
512           235|17|mult
513           235|286|div
514           235|191|mult
515           264|240|div
516           235|12|div
517           235|208|div
518           106|34|div
519           235|234|div
520           235|18|mult
521           240|235|div
522           11|235|div
523           8|235|div
524           235|2|div
525           76|34|div
526           240|264|div
527           78|34|div
528           235|284|div
529           257|191|mult
530           73|34|div
531           12|235|div
532           235|9|div
533           257|234|div
534           234|257|div
535           235|266|div
536           235|55|div
537           77|34|div
538           264|21|div
539           235|285|div
540           264|37|div
541           235|197|div
542           235|54|div
543           259|21|div
544           75|34|div
545           235|78|mult
546           106|208|div
547           104|208|div
548           235|24|div
549           49|235|div
550           264|191|mult
551           104|34|div
552           267|34|div
553           235|53|div
554           76|208|div
555           270|34|div
556           93|208|div
557           114|208|div
558           244|235|div
559           73|208|div
560           74|37|div
561           235|195|div
562           106|195|div
563           114|195|div
564           78|208|div
565           235|1|div
566           234|235|div
567           244|264|div
568           77|208|div
569           235|5|div
570           9|235|div
571           110|208|div
572           114|37|div
573           286|235|div
574           244|259|div
575           59|34|div
576           74|21|div
577           235|49|div
578           74|195|div
579           235|287|div
580           264|244|div
581           270|194|mult
582           257|189|mult
583           78|195|div
584           75|208|div
585           235|220|mult
586           112|208|div
587           59|208|div
588           93|34|div
589           104|195|div
590           264|194|mult
591           113|208|div
592           235|185|div
593           73|195|div
594           235|52|div
595           263|235|mult
596           60|208|div
597           235|75|mult
598           241|235|div
599           111|208|div
600           76|195|div
601           235|211|div
602           235|73|mult
603           267|195|div
604           110|34|div
605           257|37|div
606           77|195|div
607           259|244|div
608           83|208|div
609           93|195|div
610           112|34|div
611           281|235|div
612           235|233|div
613           61|208|div
614           107|208|div
615           235|77|mult
616           235|10|div
617           94|34|div
618           111|34|div
619           106|197|div
620           235|74|mult
621           75|195|div
622           110|195|div
623           60|34|div
624           60|195|div
625           235|31|div
626           285|235|div
627           235|210|mult
628           270|208|div
629           111|195|div
630           235|176|div
631           112|195|div
632           270|197|div
633           107|21|div
634           267|197|div
635           67|208|div
636           74|208|div
637           235|35|div
638           235|227|div
639           94|208|div
640           240|270|div
641           235|23|div
642           59|195|div
643           94|195|div
644           83|195|div
645           76|197|div
646           24|235|div
647           235|46|mult
648           113|34|div
649           235|228|div
650           284|235|div
651           235|209|div
652           257|194|mult
653           68|208|div
654           68|21|div
655           74|34|div
656           113|195|div
657           78|23|div
658           78|197|div
659           10|235|div
660           225|151|mult
661           67|21|div
662           106|92|div
663           243|235|div
664           75|197|div
665           242|235|div
666           67|195|div
667           73|197|div
668           104|197|div
669           235|190|mult
670           83|21|div
671           106|21|div
672           235|sq
673           76|23|div
674           106|95|div
675           235|76|mult
676           107|195|div
677           270|195|div
678           68|195|div
679           58|21|div
680           83|34|div
681           77|197|div
682           69|21|div
683           60|21|div
684           75|23|div
685           111|21|div
686           235|48|mult
687           235|21|div
688           110|21|div
689           112|21|div
690           61|195|div
691           108|34|div
692           194|211|div
693           78|37|div
694           86|21|div
695           74|211|div
696           114|211|div
697           104|21|div
698           270|21|div
699           66|21|div
700           96|208|div
701           235|16|mult
702           62|21|div
703           66|208|div
704           235|229|div
705           2|235|div
706           108|208|div
707           73|23|div
708           70|21|div
709           80|21|div
710           267|235|mult
711           80|195|div
712           235
713           225|21|mult
714           235|240|div
715           31|235|div
716           80|37|div
717           270|37|div
718           20|211|div
719           114|21|div
720           58|208|div
721           66|195|div
722           264|195|div
723           235|186|div
724           70|208|div
725           62|208|div
726           78|21|div
727           59|21|div
728           113|21|div
729           267|37|div
730           244|270|div
731           61|34|div
732           74|197|div
733           69|208|div
734           77|23|div
735           54|235|div
736           176|37|div
737           286|257|div
738           106|37|div
739           55|235|div
740           135|107|mult
741           192|211|div
742           264|192|mult
743           35|208|div
744           189|211|div
745           61|21|div
746           59|197|div
747           191|211|div
748           67|34|div
749           78|266|div
750           73|21|div
751           70|195|div
752           241|264|div
753           235|36|mult
754           108|195|div
755           225|108|div
756           264|17|mult
757           69|195|div
758           106|23|div
759           48|195|div
760           111|37|div
761           114|179|div
762           108|197|div
763           68|34|div
764           80|211|div
765           235|182|div
766           259|136|mult
767           220|37|div
768           2|37|div
769           281|264|div
770           111|95|div
771           225|114|div
772           77|21|div
773           264|208|div
774           96|195|div
775           225|78|div
776           135|58|mult
777           110|95|div
778           48|208|div
779           78|211|div
780           46|208|div
781           114|5|div
782           264|20|mult
783           53|235|div
784           225|37|mult
785           85|208|div
786           257|286|div
787           35|34|div
788           111|197|div
789           135|104|mult
790           112|95|div
791           245|235|div
792           263|34|div
793           64|137|div
794           94|197|div
795           76|21|div
796           74|95|div
797           285|257|div
798           257|21|div
799           73|37|div
800           235|256|div
801           235|183|div
802           270|20|mult
803           112|197|div
804           151|51|mult
805           264|197|div
806           235|sqrt
807           233|37|div
808           115|208|div
809           85|21|div
810           60|197|div
811           110|37|div
812           46|37|div
813           225|75|div
814           235|179|div
815           51|108|div
816           264|34|div
817           235|cb
818           20|37|div
819           68|37|div
820           190|37|div
821           107|34|div
822           264|136|mult
823           93|197|div
824           194|37|div
825           110|197|div
826           210|37|div
827           235|33|div
828           135|74|mult
829           37|inv
830           56|195|div
831           20|195|div
832           67|37|div
833           11|264|div
834           223|208|div
835           86|208|div
836           190|195|div
837           114|34|div
838           46|195|div
839           94|21|div
840           113|197|div
841           93|21|div
842           243|264|div
843           15|211|div
844           112|37|div
845           263|37|div
846           86|195|div
847           32|235|div
848           135|62|mult
849           16|195|div
850           76|37|div
851           77|37|div
852           235|229|mult
853           114|197|div
854           114|95|div
855           18|211|div
856           85|195|div
857           107|37|div
858           263|208|div
859           49|37|div
860           260|21|div
861           193|37|div
862           225|76|div
863           83|95|div
864           235|104|mult
865           235|210|div
866           220|195|div
867           60|37|div
868           225|34|mult
869           17|211|div
870           75|21|div
871           72|208|div
872           9|37|div
873           35|195|div
874           240|259|div
875           58|195|div
876           135|68|mult
877           225|73|div
878           235|cbrt
879           194|195|div
880           15|195|div
881           176|34|div
882           51|114|div
883           167|151|mult
884           257|195|div
885           1|37|div
886           51|78|div
887           223|37|div
888           136|107|mult
889           225|77|div
890           83|37|div
891           283|150|div
892           62|195|div
893           189|195|div
894           66|67|div
895           235|205|div
896           18|195|div
897           16|211|div
898           235|241|div
899           73|95|div
900           18|208|div
901           176|195|div
902           235|223|div
903           75|37|div
904           52|235|div
905           257|285|div
906           263|195|div
907           225|136|div
908           192|195|div
909           284|37|div
910           285|37|div
911           19|211|div
912           287|235|div
913           131|107|mult
914           235|175|div
915           59|37|div
916           83|197|div
917           9|8|div
918           136|68|mult
919           176|208|div
920           48|211|div
921           235|250|div
922           235|199|div
923           257|20|mult
924           209|208|div
925           10|37|div
926           37|235|div
927           18|37|div
928           51|75|div
929           192|37|div
930           135|83|mult
931           98|21|div
932           267|21|div
933           172|167|mult
934           76|266|div
935           235|281|div
936           19|195|div
937           35|37|div
938           61|197|div
939           210|195|div
940           5|235|div
941           191|195|div
942           114|33|div
943           229|208|div
944           225|211|mult
945           96|34|div
946           136|83|mult
947           229|37|div
948           209|195|div
949           225|104|div
950           104|37|div
951           66|34|div
952           270|191|mult
953           56|211|div
954           195|inv
955           287|208|div
956           223|34|div
957           34|97|div
958           56|208|div
959           37|76|div
960           230|195|div
961           65|208|div
962           89|21|div
963           257|208|div
964           61|37|div
965           242|264|div
966           17|195|div
967           8|264|div
968           136|67|mult
969           77|95|div
970           15|208|div
971           240|104|div
972           223|195|div
973           75|266|div
974           233|195|div
975           135|211|div
976           131|104|mult
977           135|67|mult
978           37|106|div
979           131|58|mult
980           235|255|div
981           76|92|div
982           113|95|div
983           104|92|div
984           51|73|div
985           81|78|add
986           185|37|div
987           132|37|div
988           190|211|div
989           51|76|div
990           174|208|div
991           52|195|div
992           73|266|div
993           74|5|div
994           225|208|mult
995           86|37|div
996           220|208|div
997           135|110|mult
998           115|195|div
999           167|122|mult
#-----------------------------------------------------------------------
1000          267|186|div
1001          170|128|div
1002          267|128|div
1003          103|128|div
1004          235|128|div
1005          128|64|div
1006          164|64|div
1007          35|128|div
1008          97|128|div
1009          39|128|div
1010          192|128|div
1011          213|128|div
1012          270|128|div
1013          176|128|div
1014          278|151|div
1015          209|128|div
1016          268|exp
1017          267|169|div
1018          48|128|div
1019          193|128|div
1020          191|128|div
1021          140|64|div
1022          280|128|div
1023          194|128|div
1024          210|128|div
1025          267|31|div
1026          264|128|div
1027          169|64|div
1028          126|64|div
1029          45|128|div
1030          288|64|div
1031          282|128|div
1032          262|128|div
1033          18|128|div
1034          128|inv
1035          135|128|div
1036          15|128|div
1037          124|64|div
1038          1|128|div
1039          263|128|div
1040          20|128|div
1041          228|128|div
1042          106|128|div
1043          2|128|div
1044          255|128|div
1045          19|128|div
1046          53|128|div
1047          233|128|div
1048          54|128|div
1049          267|182|div
1050          52|128|div
1051          17|128|div
1052          23|128|div
1053          285|128|div
1054          143|64|div
1055          55|128|div
1056          277|167|mult
1057          257|128|div
1058          103|156|div
1059          154|64|div
1060          202|64|div
1061          229|128|div
1062          220|128|div
1063          113|128|div
1064          46|128|div
1065          93|128|div
1066          119|64|div
1067          132|128|div
1068          25|128|div
1069          125|64|div
1070          56|64|div
1071          29|64|div
1072          284|128|div
1073          73|128|div
1074          168|64|div
1075          59|128|div
1076          246|128|div
1077          252|128|div
1078          261|64|div
1079          103|214|div
1080          94|128|div
1081          34|128|div
1082          36|128|div
1083          267|227|div
1084          287|128|div
1085          175|128|div
1086          234|128|div
1087          130|64|div
1088          286|128|div
1089          185|128|div
1090          104|128|div
1091          5|128|div
1092          77|128|div
1093          248|64|div
1094          33|128|div
1095          9|128|div
1096          76|128|div
1097          123|64|div
1098          184|128|div
1099          163|64|div
1100          75|128|div
1101          117|64|div
1102          227|128|div
1103          173|64|div
1104          60|128|div
1105          267|183|div
1106          112|128|div
1107          183|128|div
1108          179|128|div
1109          38|128|div
1110          151|64|div
1111          111|128|div
1112          181|64|div
1113          278|128|div
1114          8|128|div
1115          267|184|div
1116          110|128|div
1117          198|128|div
1118          226|128|div
1119          10|128|div
1120          247|128|div
1121          277|203|div
1122          203|64|div
1123          221|64|div
1124          82|128|div
1125          50|64|div
1126          78|128|div
1127          267|205|div
1128          219|128|div
1129          261|63|div
1130          107|128|div
1131          182|128|div
1132          96|128|div
1133          47|64|div
1134          67|128|div
1135          12|128|div
1136          253|128|div
1137          147|64|div
1138          186|267|div
1139          29|63|div
1140          91|128|div
1141          66|128|div
1142          259|128|div
1143          148|122|div
1144          68|128|div
1145          69|128|div
1146          63|128|div
1147          11|128|div
1148          190|128|div
1149          188|64|div
1150          231|64|div
1151          31|267|div
1152          267|226|div
1153          212|64|div
1154          201|64|div
1155          144|64|div
1156          223|128|div
1157          161|128|div
1158          177|64|div
1159          136|128|div
1160          170|64|div
1161          207|128|div
1162          133|64|div
1163          228|186|div
1164          70|128|div
1165          278|145|div
1166          267|175|div
1167          155|128|div
1168          251|128|div
1169          205|64|div
1170          266|128|div
1171          186|64|div
1172          208|128|div
1173          278|146|div
1174          52|186|div
1175          61|128|div
1176          282|278|mult
1177          277|51|mult
1178          244|128|div
1179          31|64|div
1180          191|64|div
1181          267|29|div
1182          16|128|div
1183          1|186|div
1184          81|128|div
1185          241|128|div
1186          235|169|div
1187          17|64|div
1188          242|128|div
1189          182|64|div
1190          92|128|div
1191          186|228|div
1192          147|122|div
1193          35|186|div
1194          278|202|div
1195          240|128|div
1196          49|128|div
1197          250|128|div
1198          183|64|div
1199          131|128|div
1200          261|69|div
1201          261|93|div
1202          261|122|div
1203          278|214|div
1204          228|186|sub
1205          131|64|div
1206          143|122|div
1207          278|123|mult
1208          230|128|div
1209          267|198|div
1210          226|64|div
1211          278|262|mult
1212          175|64|div
1213          261|68|div
1214          186|128|div
1215          64|128|div
1216          227|64|div
1217          261|67|div
1218          184|64|div
1219          20|64|div
1220          261|70|div
1221          243|128|div
1222          278|225|mult
1223          198|64|div
1224          277|178|div
1225          18|64|div
1226          3|128|div
1227          249|128|div
1228          236|64|div
1229          181|122|div
1230          261|66|div
1231          278|129|div
1232          42|64|div
1233          261|6|div
1234          40|64|div
1235          19|64|div
1236          29|93|div
1237          194|64|div
1238          261|107|div
1239          117|122|div
1240          197|128|div
1241          261|91|div
1242          261|180|div
1243          32|64|div
1244          224|64|div
1245          277|173|mult
1246          74|128|div
1247          271|122|div
1248          223|64|div
1249          192|64|div
1250          261|60|div
1251          277|187|div
1252          15|64|div
1253          250|64|div
1254          28|64|div
1255          232|64|div
1256          267|198|sub
1257          261|82|div
1258          193|64|div
1259          277|174|div
1260          239|154|div
1261          173|122|div
1262          228|64|div
1263          277|139|div
1264          130|122|div
1265          248|180|div
1266          261|112|div
1267          29|267|div
1268          261|111|div
1269          85|128|div
1270          154|122|div
1271          135|64|div
1272          267|126|div
1273          261|109|div
1274          253|122|div
1275          206|64|div
1276          277|7|mult
1277          185|64|div
1278          3|64|div
1279          136|64|div
1280          30|64|div
1281          58|128|div
1282          188|122|div
1283          231|122|div
1284          261|59|div
1285          168|122|div
1286          27|128|div
1287          216|128|div
1288          261|113|div
1289          278|98|div
1290          119|122|div
1291          36|64|div
1292          282|126|div
1293          25|186|div
1294          123|122|div
1295          277|253|mult
1296          278|231|mult
1297          261|110|div
1298          16|64|div
1299          128|42|mult
1300          278|188|mult
1301          278|267|mult
1302          278|181|mult
1303          210|64|div
1304          13|64|div
1305          170|124|div
1306          14|128|div
1307          208|64|div
1308          270|169|div
1309          7|64|div
1310          267|3|div
1311          278|132|mult
1312          46|64|div
1313          64|inv
1314          147|180|div
1315          278|62|div
1316          278|269|mult
1317          277|259|mult
1318          229|64|div
1319          289|278|mult
1320          277|237|mult
1321          277|14|mult
1322          164|122|div
1323          52|64|div
1324          62|128|div
1325          262|126|div
1326          47|122|div
1327          281|64|div
1328          220|64|div
1329          38|64|div
1330          278|57|mult
1331          163|122|div
1332          1|64|div
1333          277|246|mult
1334          267|199|abd
1335          264|169|div
1336          278|131|div
1337          71|128|div
1338          269|154|div
1339          277|5|mult
1340          147|109|div
1341          289|154|div
1342          196|128|div
1343          221|122|div
1344          147|121|div
1345          54|186|div
1346          277|33|mult
1347          277|260|mult
1348          278|71|div
1349          21|128|div
1350          147|149|div
1351          57|64|div
1352          29|60|div
1353          277|86|div
1354          49|64|div
1355          278|239|mult
1356          162|128|div
1357          0|64|div
1358          4|64|div
1359          245|64|div
1360          278|58|div
1361          263|64|div
1362          277|87|div
1363          37|128|div
1364          277|248|div
1365          277|29|div
1366          29|66|div
1367          22|128|div
1368          54|64|div
1369          89|128|div
1370          55|64|div
1371          271|128|div
1372          235|126|div
1373          214|64|div
1374          287|64|div
1375          277|168|div
1376          7|122|div
1377          277|261|mult
1378          27|64|div
1379          236|122|div
1380          261|81|div
1381          288|93|div
1382          216|64|div
1383          29|67|div
1384          286|64|div
1385          53|64|div
1386          253|154|div
1387          265|154|div
1388          176|64|div
1389          278|249|div
1390          237|154|div
1391          25|64|div
1392          205|63|div
1393          98|128|div
1394          268|128|div
1395          284|64|div
1396          152|64|div
1397          37|64|div
1398          174|64|div
1399          205|267|div
1400          8|64|div
1401          14|64|div
1402          277|88|div
1403          10|64|div
1404          277|75|div
1405          278|186|div
1406          269|122|div
1407          277|81|div
1408          29|69|div
1409          152|122|div
1410          162|64|div
1411          9|64|div
1412          260|29|sub
1413          277|243|mult
1414          277|264|mult
1415          186|1|div
1416          288|114|div
1417          12|64|div
1418          278|204|div
1419          2|64|div
1420          278|108|div
1421          234|64|div
1422          29|70|div
1423          29|68|div
1424          206|154|div
1425          261|106|div
1426          50|128|div
1427          246|154|div
1428          288|106|div
1429          178|64|div
1430          48|64|div
1431          261|92|div
1432          7|154|div
1433          147|6|div
1434          281|128|div
1435          277|244|mult
1436          29|112|div
1437          277|242|mult
1438          277|126|div
1439          30|128|div
1440          29|97|div
1441          233|64|div
1442          29|180|div
1443          190|64|div
1444          11|64|div
1445          62|156|div
1446          32|154|div
1447          261|96|div
1448          278|96|div
1449          86|128|div
1450          58|156|div
1451          40|97|div
1452          289|128|div
1453          281|277|mult
1454          57|154|div
1455          278|241|mult
1456          278|76|div
1457          270|126|div
1458          277|240|mult
1459          269|64|div
1460          261|90|div
1461          29|107|div
1462          277|130|mult
1463          277|232|mult
1464          14|154|div
1465          201|122|div
1466          90|128|div
1467          29|113|div
1468          186|35|div
1469          277|77|div
1470          29|82|div
1471          285|64|div
1472          277|155|mult
1473          261|149|div
1474          278|64|div
1475          277|78|div
1476          277|28|div
1477          277|238|div
1478          257|64|div
1479          231|154|div
1480          246|156|div
1481          34|64|div
1482          288|59|div
1483          241|64|div
1484          209|64|div
1485          239|119|div
1486          277|73|div
1487          277|127|div
1488          9|186|div
1489          161|156|div
1490          103|126|div
1491          278|109|mult
1492          277|23|div
1493          267|228|div
1494          236|154|div
1495          278|30|div
1496          186|36|mult
1497          29|111|div
1498          29|91|div
1499          29|59|div
#-----------------------------------------------------------------------
