0             23|7|add
1             5|3|add
2             4|19|div
3             23|19|add
4             19|2|mult
5             19|8|add
6             8|3|add
7             19|9|sub
8             2|19|div
9             19|9|add
10            19|nexp
11            22|7|add
12            19|5|add
13            19|5|sub
14            19|3|add
15            19|14|add
#-----------------------------------------------------------------------
16            6|12|div
17            16|12|mult
18            12|22|div
19            5|sin
20            14|4|add
21            7|4|sub
22            7|4|abd
23            11|4|add
24            2|4|div
25            19|4|abd
26            19|4|sub
27            4|3|sub
28            23|4|add
29            4|2|sub
30            18|13|add
31            4|2|abd
#-----------------------------------------------------------------------
