0             21|3|mult
1             6|2|mult
2             17|3|mult
3             2|0|mult
4             3|20|div
5             2|15|div
6             2|8|div
7             24|2|mult
8             18|2|mult
9             4|3|add
10            2|sq
11            12|2|mult
12            3
13            2|cb
14            5|2|mult
15            2|21|div
16            13|2|mult
17            4|16|div
18            2|17|div
19            3|sq
20            16|3|mult
21            4|20|div
22            3|sqrt
23            21|4|mult
24            4|sqrt
25            2|14|div
26            23|2|mult
27            20|3|mult
28            2|22|div
29            6|5|mult
30            4|3|mult
31            5|cb
32            4|abs
33            2|1|mult
34            4|cbrt
35            17|4|mult
36            1|0|mult
37            5|0|mult
38            12|cb
39            6|0|mult
40            5|1|mult
41            13|1|mult
42            4|nexp
43            3|cbrt
44            2
45            12|0|mult
46            20|4|mult
47            3|cb
48            15|3|mult
49            2|sp
50            21|20|mult
51            12|5|mult
52            5|sq
53            10|3|mult
54            11|4|mult
55            15|4|mult
56            17|10|mult
57            9|4|add
58            21|10|mult
59            1|15|div
60            24|1|mult
61            12|6|mult
62            17|11|mult
63            12|1|mult
64            10|4|mult
65            11|3|mult
66            16|4|mult
67            21|11|mult
68            22|3|mult
69            13|0|mult
70            1|sqrt
71            20|2|mult
72            1|17|div
73            3|16|div
74            4|21|div
75            5|8|div
76            1|22|div
77            2|16|div
78            16|1|mult
79            5|15|div
80            1|14|div
81            4|sq
82            12|sq
83            1
84            22|4|mult
85            1|21|div
86            14|1|mult
87            21|2|mult
88            21|1|mult
89            18|5|mult
90            12|sp
91            3|exp
92            0|cb
93            3|21|div
94            24|5|mult
95            13|2|add
96            4|cos
97            3|nexp
98            16|2|mult
99            9|3|add
100           16|10|mult
101           20|10|mult
102           22|1|mult
103           2|11|div
104           11|cbrt
105           1|cbrt
106           17|1|mult
107           10
108           15|10|mult
109           11|10|add
110           13|5|mult
111           16|11|mult
112           17|2|mult
113           6|11|div
114           14|4|mult
115           5|sp
116           12|8|div
117           18|1|mult
118           0|sp
119           16|15|mult
120           13|6|mult
121           4|17|div
122           19|10|add
123           15|11|mult
124           0|16|div
125           6|1|mult
126           12|15|div
127           14|3|mult
128           20|17|mult
129           3|sp
130           8|1|mult
131           20|11|mult
132           23|12|mult
133           22|10|mult
134           0|22|div
135           8|4|mult
136           18|11|div
137           4|cb
138           6|15|div
139           24|12|mult
140           0|17|div
141           0|15|div
142           10|20|div
143           1|20|div
144           0|sq
145           22|11|mult
146           13|12|mult
147           11
148           24|6|mult
149           10|8|mult
150           14|2|mult
151           14|10|mult
152           0|14|div
153           11|10|mult
154           23|0|mult
155           1|11|div
156           18|12|mult
157           0|21|div
158           5|17|div
159           6|14|div
160           18|0|mult
161           5|21|div
162           1|12|div
163           10|abs
164           24|0|mult
165           20|15|mult
166           24|13|mult
167           6|22|div
168           24|15|div
169           23|1|mult
170           1|8|div
171           21|16|mult
172           0|cbrt
173           4|22|div
174           11|abs
175           3|17|div
176           10|sq
177           0|sqrt
178           0|8|div
179           13|17|div
180           1|13|div
181           6|17|div
182           13|15|div
183           10|cbrt
184           0
185           10|16|div
186           22|17|mult
187           19|11|add
188           9|4|mult
189           14|11|mult
190           4|exp
191           11|8|mult
192           21|inv
193           5|22|div
194           10|cb
195           24|0|add
196           22|21|mult
197           15|1|mult
198           1|5|div
199           6|20|div
200           6|21|div
201           3|22|div
202           4|13|div
203           22|16|mult
204           5|14|div
205           11|sq
206           10|21|div
207           11|2|mult
208           13|cb
209           1|sq
210           24|14|div
211           24|16|div
212           21|cbrt
213           24|17|div
214           5|20|div
215           2|13|div
216           13|16|div
217           21|sqrt
218           22|20|mult
219           5|11|div
220           23|11|div
221           11|20|div
222           17|9|mult
223           17|16|mult
224           21
225           13|21|div
226           1|16|div
227           19|10|mult
228           11|cb
229           15|9|mult
230           20|3|add
231           2|12|div
232           15|inv
233           24|22|div
234           24|21|div
235           20|4|add
236           19|4|mult
237           21|15|mult
238           21|0|mult
239           17|14|mult
240           21|sq
241           6|16|div
242           10|9|mult
243           22|0|div
244           13|20|div
245           13|sp
246           21|9|mult
247           5|16|div
248           12|5|abd
249           12|0|div
250           17|15|mult
251           15|2|mult
252           16|14|mult
253           21|17|add
254           21|14|mult
255           20|9|add
256           21|cb
257           6|sqrt
258           13|0|div
259           9|cbrt
260           24|18|mult
261           14|0|mult
262           12|5|sub
263           15|0|div
264           4|0|div
265           12|21|div
266           12|17|div
267           19|cbrt
268           5
269           12|22|div
270           3|13|div
271           6
272           18|13|mult
273           21|0|div
274           10|17|div
275           11|9|mult
276           17|0|div
277           22|0|mult
278           15|cbrt
279           3|0|div
280           13|sq
281           12|14|div
282           24|23|mult
283           9|3|mult
284           12|11|div
285           4|14|div
286           24|8|div
287           16|0|div
288           20|14|mult
289           17|0|mult
290           14|9|mult
291           19|3|mult
292           23|13|mult
293           15|sqrt
294           21|17|mult
295           20|0|div
296           2|cbrt
297           10|0|div
298           6|cbrt
299           19|sqrt
300           8|0|div
301           0|inv
302           10|22|div
303           9|8|mult
304           11|sp
305           20|0|mult
306           18|14|div
307           12|5|add
308           19|1|mult
309           22|cbrt
310           17|inv
311           22|sqrt
312           23|20|div
313           9|sqrt
314           6|8|div
315           23|15|div
316           20|16|add
317           16|0|mult
318           11|0|div
319           16|9|add
320           22
321           4|sin
322           21|sp
323           20|sq
324           5|0|div
325           20|16|mult
326           22|inv
327           20
328           12|20|div
329           14|inv
330           18|16|div
331           18|15|div
332           19|15|mult
333           16|3|add
334           23|sqrt
335           23|cbrt
336           22|14|add
337           10|13|div
338           18|1|add
339           23|14|div
340           15
341           19|17|mult
342           13|14|div
343           4|sp
344           17|cbrt
345           23|17|div
346           7|cbrt
347           14|cbrt
348           15|14|mult
349           18|22|div
350           24
351           21|19|mult
352           9|20|div
353           17|sqrt
354           23|16|div
355           14|sqrt
356           13|22|div
357           24|sqrt
358           22|8|mult
359           15|0|mult
360           10|sp
361           11|21|div
362           22|sq
363           22|19|mult
364           16|4|add
365           20|cb
366           3|14|div
367           22|14|mult
368           7|sqrt
369           24|cbrt
370           15|8|mult
371           23|22|div
372           17
373           16|8|mult
374           9
375           8|13|div
376           9|0|div
377           21|6|mult
378           14
379           14|8|mult
380           24|11|div
381           20|sqrt
382           1|6|div
383           15|13|div
384           20|8|mult
385           1|cb
386           1|24|div
387           12|16|div
388           22|13|div
389           20|9|mult
390           1|18|div
391           19|14|mult
392           20|cbrt
393           14|13|div
394           13|10|mult
395           17|sq
396           7|14|div
397           17|8|mult
398           19|16|mult
399           13|8|div
#-----------------------------------------------------------------------
400           12|4|mult
401           5|4|mult
402           12|3|mult
403           5|3|mult
404           8|3|mult
405           21|8|mult
406           4|2|mult
407           15|22|div
408           22|15|div
409           8|sqrt
410           8|cbrt
411           12|9|mult
412           16|8|add
413           20|8|add
414           8|3|add
415           8|4|add
416           9|8|add
417           8
418           9|8|abd
419           8|4|sub
420           8|3|sub
421           8|log
422           20|8|abd
423           16|8|sub
424           2|0|div
425           20|15|div
426           9|5|mult
427           3|2|mult
428           15|14|div
429           17|cb
430           12|10|mult
431           22|8|mult
432           8|sq
433           8|inv
434           20|sin
435           9|2|mult
436           17|sp
437           14|15|div
438           10|5|mult
439           20|21|div
440           8|21|div
441           12|11|mult
442           24|12|div
443           22|15|mult
444           12|8|mult
445           20|17|div
446           20|8|div
447           8|17|div
448           8|cb
449           16|15|div
450           14|0|div
451           24|5|div
452           12|inv
453           8|5|mult
454           20|12|div
455           12|cbrt
456           2|5|div
457           13|12|div
458           21|15|div
459           21|12|div
460           15|sq
461           4|12|div
462           14|12|mult
463           17|12|div
464           22|8|div
465           13|5|div
466           18|12|div
467           0|1|div
468           16|12|div
469           5|cbrt
470           12|7|mult
471           3|12|div
472           8|22|div
473           5|inv
474           7|2|mult
475           13|8|mult
476           7|5|mult
477           16|8|div
478           20|5|div
479           21|8|div
480           21|5|div
481           16|17|div
482           18|17|div
483           4|5|div
484           10|7|mult
485           21|7|mult
486           22|7|add
487           17|5|div
488           22|12|mult
489           18|8|div
490           7|3|mult
491           14|7|add
492           7|20|div
493           22|12|div
494           16|5|div
495           7|abs
496           16|7|mult
497           18|20|div
498           18|5|div
499           20|7|mult
500           14|7|sub
501           17|7|mult
502           22|9|mult
503           13|7|mult
504           7|4|mult
505           12|sqrt
506           9|7|mult
507           3|5|div
508           11|7|mult
509           15|12|mult
510           22|7|sub
511           15|21|div
512           22|cb
513           14|5|mult
514           7|11|div
515           7|13|div
516           7|21|div
517           7|15|div
518           7|17|div
519           22|7|mult
520           7|22|div
521           16|5|mult
522           12|13|div
523           7|16|div
524           23|12|div
525           17|8|div
526           20|exp
527           14|sq
528           19|8|mult
529           19|0|div
530           5|sqrt
531           16|12|mult
532           15|7|mult
533           7|8|div
534           24|8|mult
535           8|14|div
536           0|20|div
537           16|21|div
538           23|5|mult
539           22|7|abd
540           11|16|div
541           14|7|mult
542           22|5|div
543           0|12|div
544           14|7|abd
545           24|20|div
546           8|7|mult
547           10|2|mult
548           14|cb
549           0|5|div
550           18|sqrt
551           9|12|div
552           20|14|div
553           15|17|div
554           22|5|mult
555           8|16|div
556           6|12|div
557           17|5|mult
558           8|20|div
559           20|5|mult
560           14|8|div
561           13|18|div
562           24|7|mult
563           24|20|mult
564           14|12|div
565           8|2|mult
566           18
567           18|6|sub
568           18|6|abd
569           18|cbrt
570           20|12|mult
571           21|5|mult
572           19|11|mult
573           22|2|mult
574           20|22|div
575           7|sq
576           18|6|add
577           15|cb
578           15|5|mult
579           7|0|div
580           19|13|mult
581           17|12|mult
582           19
583           15|8|div
584           9|5|div
585           13|9|mult
586           20|cos
587           15|13|mult
588           10|14|div
589           21|12|mult
590           15|12|div
591           24|0|div
592           6|5|div
593           18|7|mult
594           17|20|div
595           17|16|div
596           7|1|mult
597           13|6|div
598           20|18|mult
599           12|24|div
600           22|sp
601           14|5|div
602           11|12|div
603           24|sq
604           23|21|div
605           5|24|div
606           9|sin
607           9|cb
608           14|sp
609           19|9|mult
610           15|16|div
611           17|15|div
612           18|1|sub
613           2|20|div
614           24|16|mult
615           9|exp
616           19|16|div
617           8|sp
618           7|0|mult
619           9|sq
620           9|sp
621           15|5|div
622           10|12|div
623           12|2|div
624           7|cb
625           16|9|mult
626           18|8|mult
627           6|0|div
628           6|1|add
629           7|6|mult
630           15|20|div
631           24|2|div
632           5|13|div
633           8|12|div
634           19|7|mult
635           8|15|div
636           23|18|add
637           11|5|div
638           12|1|div
639           21|16|div
640           18|16|mult
641           24|cb
642           11|15|div
643           0|6|div
644           0|18|div
645           2|24|div
646           21|18|mult
647           0|24|div
648           5|1|div
649           9|3|sub
650           20|sp
651           3|15|div
652           19|21|div
653           2|inv
654           9|3|abd
655           10|24|div
656           17|21|div
657           10|5|div
658           18|2|div
659           18|0|div
660           18|17|mult
661           20|2|div
662           14|20|div
663           1|0|div
664           9|17|div
665           8|5|div
666           13|4|mult
667           19|17|div
668           19|1|div
669           19|8|div
670           21|17|div
671           21|2|div
672           5|2|div
673           4|24|div
674           21|20|div
675           13|2|div
676           17|2|div
677           16|2|div
678           4|15|div
679           22|14|abd
680           23|6|add
681           19|5|mult
682           24|sp
683           16|cbrt
684           16|log
685           16|sqrt
686           16|20|div
687           23|1|add
688           14|21|div
689           3|24|div
690           6|4|mult
691           16|24|div
692           11|24|div
693           16
694           24|15|mult
695           22|24|div
696           22|2|div
697           8|6|mult
698           18|13|div
699           23
700           8|24|div
701           11|1|mult
702           21|24|div
703           9|22|div
704           19|13|div
705           0|13|div
706           17|13|div
707           20|16|abd
708           19|24|div
709           6|13|div
710           23|1|abd
711           23|1|sub
712           9|14|div
713           10|6|mult
714           16|14|div
715           20|9|sub
716           17|24|div
717           11|17|div
718           23|2|div
719           6|23|div
720           12
721           18|cb
722           2|sqrt
723           15|6|mult
724           9|21|div
725           14|24|div
726           23|6|sub
727           16|inv
728           9|16|div
729           20|4|sub
730           20|24|div
731           0|2|div
732           11|22|div
733           19|22|div
734           23|7|mult
735           24|13|div
736           3|cos
737           16|sq
738           23|20|mult
739           20|1|mult
740           24|21|mult
741           4|8|div
742           18|3|mult
743           13|24|div
744           9|1|mult
745           24|inv
746           11|2|div
747           10|2|div
748           20|3|sub
749           11|0|mult
750           14|2|div
751           9|6|mult
752           7|1|div
753           6|sp
754           9|15|div
755           17|14|div
756           21|17|sub
757           21|17|abd
758           24|18|div
759           24|10|mult
760           16|4|sub
761           19|14|div
762           17|22|div
763           10|1|div
764           20|6|mult
765           11|13|div
766           16|3|sub
767           18|15|mult
768           24|1|div
769           14|17|div
770           7|sp
771           24|19|mult
772           21|13|div
773           23|18|mult
774           16|9|sub
775           22|20|div
776           0|11|div
777           18|sp
778           22|21|div
779           22|18|mult
780           15|2|div
781           18|6|mult
782           22|14|div
783           6|2|div
784           23|0|div
785           9|24|div
786           3|8|div
787           16|cb
788           9|4|abd
789           15|24|div
790           22|16|div
791           7|24|div
792           23|16|mult
793           10|8|div
794           13|2|sub
795           4|3|sub
796           19|2|mult
797           18|9|mult
798           24|22|mult
799           16|22|div
#-----------------------------------------------------------------------
